a line list in the range:    3949.00   3961.00
  3949.008 607.01314     2.784    -0.881               7.724          1212Pb0085
  3949.020 607.01214     2.839    -0.773               7.724          1212Ra0095
  3949.038   57.1139     0.403    -1.337                              Lawle01HFS
  3949.039   57.1139     0.403    -1.191                              Lawle01HFS
  3949.044   57.1139     0.403    -0.995                              Lawle01HFS
  3949.046   57.1139     0.403    -1.008                              Lawle01HFS
  3949.047   57.1139     0.403    -1.669                              Lawle01HFS
  3949.056   57.1139     0.403    -0.761                              Lawle01HFS
  3949.058   57.1139     0.403    -0.886                              Lawle01HFS
  3949.060   57.1139     0.403    -1.559                              Lawle01HFS
  3949.066 106.00112     1.872    -7.257               3.464            CX25R155
  3949.072   57.1139     0.403    -0.576                              Lawle01HFS
  3949.075   57.1139     0.403    -0.825                              Lawle01HFS
  3949.077   57.1139     0.403    -1.581                              Lawle01HFS
  3949.094   57.1139     0.403    -0.420                              Lawle01HFS
  3949.097   57.1139     0.403    -0.821                              Lawle01HFS
  3949.100   57.1139     0.403    -1.690                              Lawle01HFS
  3949.105   27.0059     3.512    -6.696                                 KURHFS 
  3949.113   27.0059     3.512    -6.578                                 KURHFS 
  3949.113   27.0059     3.512    -7.148                                 KURHFS 
  3949.115 106.00113     1.562    -7.978               3.464            CX14R145
  3949.120   57.1139     0.403    -0.284                              Lawle01HFS
  3949.124   57.1139     0.403    -0.887                              Lawle01HFS
  3949.125      22.0     2.133     -2.20                                        
  3949.126   27.0059     3.512    -6.460                                 KURHFS 
  3949.126   27.0059     3.512    -6.937                                 KURHFS 
  3949.126   27.0059     3.512    -8.148                                 KURHFS 
  3949.128   57.1139     0.403    -1.901                              Lawle01HFS
  3949.141      26.0     3.415     -1.53                              NIST/E    
  3949.143   27.0059     3.512    -6.348                                 KURHFS 
  3949.143   27.0059     3.512    -6.841                                 KURHFS 
  3949.143   27.0059     3.512    -7.941                                 KURHFS 
  3949.151   57.1139     0.403    -0.163                              Lawle01HFS
  3949.156   57.1139     0.403    -1.092                              Lawle01HFS
  3949.160   57.1139     0.403    -2.306                              Lawle01HFS
  3949.164   27.0059     3.512    -6.244                                 KURHFS 
  3949.164   27.0059     3.512    -6.805                                 KURHFS 
  3949.164   27.0059     3.512    -7.913                                 KURHFS 
  3949.189   27.0059     3.512    -6.148                                 KURHFS 
  3949.189   27.0059     3.512    -6.821                                 KURHFS 
  3949.189   27.0059     3.512    -7.993                                 KURHFS 
  3949.201 607.01214     2.835    -0.867               7.724          1212Rb0075
  3949.219   27.0059     3.512    -6.058                                 KURHFS 
  3949.219   27.0059     3.512    -6.903                                 KURHFS 
  3949.219   27.0059     3.512    -8.185                                 KURHFS 
  3949.228      26.0     2.480     -3.28                                        
  3949.240      64.1     1.373     -0.75                                        
  3949.252   27.0059     3.512    -5.974                                 KURHFS 
  3949.252   27.0059     3.512    -7.121                                 KURHFS 
  3949.252   27.0059     3.512    -8.574                                 KURHFS 
  3949.272      69.0     1.087      0.56                                        
  3949.322   59.1141     0.204    -2.186                                 LI/LAW 
  3949.325      41.0     1.169     -1.02                                        
  3949.336   59.1141     0.204    -1.195                                 LI/LAW 
  3949.343   59.1141     0.204    -1.988                                 LI/LAW 
  3949.356 607.01214     2.835    -3.051               7.724          1212Qd0085
  3949.360   59.1141     0.204    -1.148                                 LI/LAW 
  3949.368   27.0059     3.189    -7.044                                 KURHFS 
  3949.368   27.0059     3.189    -7.299                                 KURHFS 
  3949.368   27.0059     3.189    -7.329                                 KURHFS 
  3949.369   59.1141     0.204    -1.936                                 LI/LAW 
  3949.374   59.1141     0.204    -2.186                                 LI/LAW 
  3949.376   27.0059     3.189    -6.856                                 KURHFS 
  3949.376   27.0059     3.189    -6.911                                 KURHFS 
  3949.376   27.0059     3.189    -7.299                                 KURHFS 
  3949.379 607.01214     2.835    -0.818               7.724          1212Ra0085
  3949.388   27.0059     3.189    -6.656                                 KURHFS 
  3949.388   27.0059     3.189    -6.765                                 KURHFS 
  3949.388   27.0059     3.189    -7.350                                 KURHFS 
  3949.389   59.1141     0.204    -1.078                                 LI/LAW 
  3949.400      21.1     7.466     -1.96                                        
  3949.400   59.1141     0.204    -1.982                                 LI/LAW 
  3949.404      58.1     0.232     -1.03                              Lawler09  
  3949.405   27.0059     3.189    -6.458                                 KURHFS 
  3949.405   27.0059     3.189    -6.743                                 KURHFS 
  3949.405   27.0059     3.189    -7.475                                 KURHFS 
  3949.406      24.0     3.085     -4.04                                        
  3949.407   59.1141     0.204    -1.988                                 LI/LAW 
  3949.417      44.0     1.418     -1.30                                        
  3949.424   59.1141     0.204    -0.996                                 LI/LAW 
  3949.425   27.0059     3.189    -6.294                                 KURHFS 
  3949.425   27.0059     3.189    -6.797                                 KURHFS 
  3949.425   27.0059     3.189    -7.697                                 KURHFS 
  3949.437   59.1141     0.204    -2.177                                 LI/LAW 
  3949.445   59.1141     0.204    -1.936                                 LI/LAW 
  3949.449   27.0059     3.189    -6.153                                 KURHFS 
  3949.449   27.0059     3.189    -6.993                                 KURHFS 
  3949.449   27.0059     3.189    -8.107                                 KURHFS 
  3949.450      41.1     1.830     -1.06                              Nilsson10 
  3949.464   59.1141     0.204    -0.908                                 LI/LAW 
  3949.477 607.01314     2.788    -3.106               7.724          1212Qc0095
  3949.482      24.0     3.847     -3.50                                        
  3949.488   59.1141     0.204    -1.982                                 LI/LAW 
  3949.490 607.01314     2.788    -0.789               7.724          1212Pa0105
  3949.509   59.1141     0.204    -0.819                                 LI/LAW 
  3949.536   59.1141     0.204    -2.177                                 LI/LAW 
  3949.555 106.00112     1.716    -5.313               3.464            AX53R215
  3949.585      26.0     4.584     -2.40                              PK15THEOR 
  3949.594 607.01214     2.832    -0.922               7.724          1212Rb0065
  3949.612      24.0     3.008     -1.22                                        
  3949.613      63.0     1.617     -0.11                                        
  3949.614      26.0     4.188     -4.22                                        
  3949.617 106.00112     1.919    -4.560               3.464            CX14R215
  3949.619 106.00112     1.716    -3.073               3.464            AX53Q225
  3949.623 607.01314     2.788    -0.833               7.724          1212Pb0095
  3949.634 106.00112     1.716    -3.297               3.464            AX53Q215
  3949.684      24.0     3.009     -1.40                                        
  3949.699 106.00112     1.716    -6.460               3.464            AX53P225
  3949.729      22.0     2.343     -5.18                                        
  3949.734 106.00112     1.919    -8.311               3.464            CX14Q215
  3949.736 607.01214     2.832    -2.999               7.724          1212Qd0075
  3949.738      26.0     4.291     -2.21                                        
  3949.755 607.01214     2.832    -0.867               7.724          1212Ra0075
  3949.758 106.00112     1.919    -4.650               3.464            CX14R205
  3949.784      76.0     1.613     -1.44                                        
  3949.801      26.0     4.140     -1.01                                        
  3949.805 106.00112     0.710    -4.912               3.464            AX32P045
  3949.807      26.0     4.291     -1.99                                        
  3949.822      58.0     0.552      0.18                                        
  3949.844      62.0     0.282     -1.26                                        
  3949.923 106.00112     0.710    -5.573               3.464            AX32Q045
  3949.924      41.0     0.197     -1.87                                        
  3949.925      24.0     4.446     -3.59                                        
  3949.943      25.1     7.047     -4.75                                        
  3949.953      26.0     2.176     -1.25                              NIST/B    
  3949.976      24.0     4.437     -3.16                                        
  3949.979 106.00112     0.710    -4.911               3.464            AX32P045
  3950.005 607.01214     2.829    -0.985               7.724          1212Rb0055
  3950.044      44.0     2.485     -0.03                                        
  3950.046      25.0     4.255     -3.58                                        
  3950.097 106.00112     0.710    -5.582               3.464            AX32Q045
  3950.108 607.01314     2.793    -3.148               7.724          1212Qc0105
  3950.121 607.01314     2.793    -0.749               7.724          1212Pa0115
  3950.130 607.01214     2.829    -2.941               7.724          1212Qd0065
  3950.139      26.0     3.544     -2.67                                        
  3950.142 106.00112     0.640    -6.744               3.464            AX21Q125
  3950.146 607.01214     2.829    -0.922               7.724          1212Ra0065
  3950.161 106.00112     0.640    -5.910               3.464            AX21P125
  3950.222      44.0     0.811     -1.08                                        
  3950.250 607.01314     2.793    -0.789               7.724          1212Pb0105
  3950.252      42.0     2.678     -2.04                                        
  3950.257      26.0     4.298     -2.93                                        
  3950.263      22.0     2.304     -4.66                                        
  3950.264 106.00113     0.708    -4.912               3.464            AX32P045
  3950.273 106.00112     0.229    -7.277               3.464            AX10P105
  3950.279 106.00112     0.640    -6.048               3.464            AX21P135
  3950.291 106.00112     0.710    -4.815               3.464            AX32P055
  3950.298      24.0     4.446     -1.63                                        
  3950.307      68.1     0.891     -2.40                              Lawler08  
  3950.350      39.1     0.104     -0.73                              Biemont11 
  3950.382 106.00113     0.708    -5.572               3.464            AX32Q045
  3950.390      66.1     1.360     -0.23                              Wickliff00
  3950.395      25.1     6.666     -3.40                                        
  3950.395      90.0     0.000     -1.08                                        
  3950.411      44.0     1.124     -1.27                                        
  3950.429      58.1     0.634     -0.89                                BIEMONT 
  3950.432 106.00112     0.952    -5.125               3.464            AX32R125
  3950.432 607.01214     2.827    -1.059               7.724          1212Rb0045
  3950.437 106.00113     0.708    -4.911               3.464            AX32P045
  3950.439 106.00112     0.710    -4.815               3.464            AX32P055
  3950.456 106.00112     0.952    -3.333               3.464            AX32Q125
  3950.464      26.0     4.140     -2.02                                        
  3950.540 607.01214     2.827    -2.873               7.724          1212Qd0055
  3950.554 106.00113     0.708    -5.582               3.464            AX32Q045
  3950.554 607.01214     2.827    -0.985               7.724          1212Ra0055
  3950.564 106.00112     0.952    -3.237               3.464            AX32Q135
  3950.588 106.00112     0.952    -5.878               3.464            AX32P135
  3950.613 106.00113     0.638    -6.744               3.464            AX21Q125
  3950.625      75.0     1.811     -1.28                                        
  3950.635 106.00113     0.638    -5.909               3.464            AX21P125
  3950.712 106.00112     0.642    -9.291               3.464            AX10Q185
  3950.747 106.00113     0.638    -6.047               3.464            AX21P135
  3950.748 106.00113     0.708    -4.814               3.464            AX32P055
  3950.752 607.01314     2.797    -3.185               7.724          1212Qc0115
  3950.755      26.0     4.206     -2.92                                        
  3950.766 607.01314     2.797    -0.713               7.724          1212Pa0125
  3950.770      24.0     4.774     -2.31                                        
  3950.773 106.00112     0.459    -8.335               3.464            AX21P075
  3950.780      26.0     2.448     -5.47                                        
  3950.782 106.00112     0.642    -4.495               3.464            AX10P185
  3950.783      26.0     3.981     -4.00                                        
  3950.798 106.00112     0.642    -4.517               3.464            AX10P195
  3950.810      58.1     0.960     -0.69                                        
  3950.829 106.00113     0.948    -5.124               3.464            AX32R125
  3950.838 106.00113     0.227    -7.277               3.464            AX10P105
  3950.870 106.00113     0.948    -3.333               3.464            AX32Q125
  3950.874 607.01214     2.825    -1.148               7.724          1212Rb0035
  3950.881      22.1     5.424     -3.09                                        
  3950.890 607.01314     2.797    -0.749               7.724          1212Pb0115
  3950.894 106.00113     0.708    -4.815               3.464            AX32P055
  3950.959 106.00113     0.948    -3.237               3.464            AX32Q135
  3950.965 607.01214     2.825    -2.793               7.724          1212Qd0045
  3950.976 607.01214     2.825    -1.059               7.724          1212Ra0045
  3950.979      42.0     2.079     -1.55                                        
  3950.982      68.0     1.623      0.65                                        
  3950.984      25.0     5.083     -3.52                                        
  3951.000 106.00113     0.948    -5.878               3.464            AX32P135
  3951.028 106.00113     0.097    -3.848               3.464            BX00P065
  3951.041   27.0059     3.189    -7.087                                 KURHFS 
  3951.041   27.0059     3.189    -7.342                                 KURHFS 
  3951.049   27.0059     3.189    -6.888                                 KURHFS 
  3951.049   27.0059     3.189    -7.087                                 KURHFS 
  3951.049   27.0059     3.189    -8.995                                 KURHFS 
  3951.050   21.0045     1.432    -4.497                                 KURHFS 
  3951.050   21.0045     1.432    -4.752                                 KURHFS 
  3951.051   21.0045     1.432    -4.298                                 KURHFS 
  3951.051   21.0045     1.432    -4.497                                 KURHFS 
  3951.051   21.0045     1.432    -6.405                                 KURHFS 
  3951.054   21.0045     1.432    -4.234                                 KURHFS 
  3951.054   21.0045     1.432    -4.298                                 KURHFS 
  3951.054   21.0045     1.432    -5.162                                 KURHFS 
  3951.055 106.00112     0.229    -7.311               3.464            AX10P105
  3951.057   21.0045     1.432    -4.234                                 KURHFS 
  3951.057   21.0045     1.432    -4.265                                 KURHFS 
  3951.057   21.0045     1.432    -4.445                                 KURHFS 
  3951.061   21.0045     1.432    -4.039                                 KURHFS 
  3951.061   21.0045     1.432    -4.265                                 KURHFS 
  3951.061   21.0045     1.432    -4.446                                 KURHFS 
  3951.062   27.0059     3.189    -6.824                                 KURHFS 
  3951.062   27.0059     3.189    -6.888                                 KURHFS 
  3951.062   27.0059     3.189    -7.752                                 KURHFS 
  3951.064      42.0     2.913     -1.53                                        
  3951.066   21.0045     1.432    -3.747                                 KURHFS 
  3951.066   21.0045     1.432    -4.446                                 KURHFS 
  3951.078   27.0059     3.189    -6.824                                 KURHFS 
  3951.078   27.0059     3.189    -6.855                                 KURHFS 
  3951.078   27.0059     3.189    -7.035                                 KURHFS 
  3951.093      24.0     3.009     -0.89                                        
  3951.098   27.0059     3.189    -6.629                                 KURHFS 
  3951.098   27.0059     3.189    -6.855                                 KURHFS 
  3951.098   27.0059     3.189    -7.036                                 KURHFS 
  3951.108      90.1     1.547     -1.27                                        
  3951.123   27.0059     3.189    -6.337                                 KURHFS 
  3951.123   27.0059     3.189    -7.036                                 KURHFS 
  3951.140      60.1     0.182      0.04                              DenHarto03
  3951.150      26.0     4.140     -0.60                                        
  3951.151      23.1     3.970     -3.12                                        
  3951.155 106.00112     0.641    -6.766               3.464            AX21Q125
  3951.163      26.0     3.274     -0.30                              NIST/B    
  3951.173 106.00113     1.588    -5.174               3.464            AX43R205
  3951.174 106.00112     0.641    -5.909               3.464            AX21P125
  3951.195 106.00113     0.638    -9.291               3.464            AX10Q185
  3951.196 106.00112     0.460    -8.359               3.464            AX21P075
  3951.220      44.0     1.087     -1.69                                        
  3951.228 106.00112     0.641    -6.048               3.464            AX21P135
  3951.263 106.00113     0.638    -4.495               3.464            AX10P185
  3951.267      21.1     4.875     -2.25                                        
  3951.276 106.00113     0.638    -4.517               3.464            AX10P195
  3951.285 106.00113     1.359    -5.182               3.464            AX21R245
  3951.302 106.00113     0.458    -8.335               3.464            AX21P075
  3951.306      40.0     1.442     -0.80                                        
  3951.308      26.1     4.728     -5.26                                        
  3951.326 106.00113     1.359    -2.826               3.464            AX21Q255
  3951.333 607.01214     2.823    -1.261               7.724          1212Rb0025
  3951.334      24.0     3.446     -4.21                                        
  3951.336      42.0     2.258     -1.97                                        
  3951.395 106.00113     1.359    -2.937               3.464            AX21Q245
  3951.405      24.0     4.436     -3.09                                        
  3951.405 607.01214     2.823    -2.694               7.724          1212Qd0035
  3951.407 106.00112     0.952    -5.141               3.464            AX32R125
  3951.409 607.01314     2.803    -3.220               7.724          1212Qc0125
  3951.414 607.01214     2.823    -1.148               7.724          1212Ra0035
  3951.424 607.01314     2.803    -0.680               7.724          1212Pa0135
  3951.429 106.00112     1.579    -2.271               3.464            AX32R245
  3951.431 106.00112     0.952    -3.333               3.464            AX32Q125
  3951.436 106.00113     1.359    -6.225               3.464            AX21P255
  3951.474      92.0     0.552     -0.46                                        
  3951.476 106.00112     0.952    -3.238               3.464            AX32Q135
  3951.481      68.0     1.623      1.01                                        
  3951.500 106.00112     0.952    -5.864               3.464            AX32P135
  3951.507      23.1     4.772     -4.03                                        
  3951.515      90.1     1.547     -0.37                                        
  3951.524      24.0     3.085     -7.76                                        
  3951.527      42.0     2.621     -2.04                                        
  3951.538 106.00112     1.579    -4.867               3.464            AX32Q245
  3951.540 607.01314     2.803    -0.713               7.724          1212Pb0125
  3951.559 106.00112     0.098    -3.848               3.464            BX00P065
  3951.581 106.00112     1.579    -2.349               3.464            AX32R235
  3951.590      39.1     0.409     -1.78                              Biemont11 
  3951.611 106.00113     0.228    -7.310               3.464            AX10P105
  3951.614 106.00113     0.638    -6.766               3.464            AX21Q125
  3951.621      58.1     0.960     -0.45                                BIEMONT 
  3951.626      29.0     5.684     -2.30                                        
  3951.630      26.0     2.856     -3.                                adj-1.26
  3951.633 106.00113     0.638    -5.909               3.464            AX21P125
  3951.680      23.0     1.802     -1.73                                        
  3951.681      26.0     4.140     -1.14                                        
  3951.687 106.00113     0.639    -6.048               3.464            AX21P135
  3951.707      24.0     4.443     -1.17                                        
  3951.721 106.00113     0.458    -8.359               3.464            AX21P075
  3951.760      24.0     3.011     -0.84                                        
  3951.789 106.00112     1.718    -3.074               3.464            AX53Q225
  3951.806 106.00113     0.949    -5.141               3.464            AX32R125
  3951.808 607.01214     2.822    -1.417               7.724          1212Rb0015
  3951.818      72.0     0.292     -1.13                                        
  3951.818 106.00112     1.718    -5.339               3.464            AX53R215
  3951.819 106.00113     0.949    -3.333               3.464            AX32Q125
  3951.819 106.00113     1.531    -8.349               3.464            AX53P185
  3951.860 607.01214     2.822    -2.563               7.724          1212Qd0025
  3951.866 607.01214     2.822    -1.261               7.724          1212Ra0025
  3951.868 106.00112     1.718    -6.436               3.464            AX53P225
  3951.872 106.00113     0.949    -3.238               3.464            AX32Q135
  3951.880      62.0     0.185     -0.20                                        
  3951.885 106.00113     0.949    -5.864               3.464            AX32P135
  3951.897 106.00112     1.718    -3.297               3.464            AX53Q215
  3951.913 106.00113     1.641    -7.547               3.464            AX42P245
  3951.931 106.00112     1.366    -5.182               3.464            AX21R245
  3951.948      77.0     1.514     -1.57                                        
  3951.948   23.1051     1.475    -1.332                                 LAWLER 
  3951.954   23.1051     1.475    -1.503                                 LAWLER 
  3951.954   23.1051     1.475    -2.072                                 LAWLER 
  3951.959   23.1051     1.475    -1.710                                 LAWLER 
  3951.959   23.1051     1.475    -1.890                                 LAWLER 
  3951.959   23.1051     1.475    -3.072                                 LAWLER 
  3951.962   23.1051     1.475    -1.856                                 LAWLER 
  3951.962   23.1051     1.475    -1.981                                 LAWLER 
  3951.962   23.1051     1.475    -2.654                                 LAWLER 
  3951.963      25.0     4.317     -0.84                                        
  3951.965   23.1051     1.475    -1.915                                 LAWLER 
  3951.965   23.1051     1.475    -2.399                                 LAWLER 
  3951.965   23.1051     1.475    -2.420                                 LAWLER 
  3951.967   23.1051     1.475    -2.098                                 LAWLER 
  3951.967   23.1051     1.475    -2.274                                 LAWLER 
  3951.968   23.1051     1.475    -2.177                                 LAWLER 
  3951.990 106.00112     1.366    -2.826               3.464            AX21Q255
  3951.995      26.0     3.957     -3.70                                        
  3952.000      64.1     0.144     -1.23                              DenHarto06
  3952.010 106.00112     1.366    -2.937               3.464            AX21Q245
  3952.021      26.0     4.280     -2.36                                        
  3952.069 106.00112     1.366    -6.225               3.464            AX21P255
  3952.079 607.01314     2.808    -3.252               7.724          1212Qc0135
  3952.095 607.01314     2.808    -0.649               7.724          1212Pa0145
  3952.104      58.1     0.559     -0.97                              Lawler09  
  3952.107      22.0     2.266     -4.62                                        
  3952.127      25.0     3.370     -5.01                                        
  3952.168      73.0     1.907     -0.78                                        
  3952.173 106.00113     0.998    -5.180               3.464            AX43R045
  3952.190      60.1     0.000     -0.39                              DenHarto03
  3952.195 106.00112     1.538    -5.200               3.464            AX43R195
  3952.196 106.00113     0.190    -1.442               3.464            BX00P095
  3952.203 607.01314     2.808    -0.680               7.724          1212Pb0135
  3952.220 106.00112     1.568    -7.978               3.464            CX14R145
  3952.231 106.00113     0.190    -7.258               3.464            BX00Q095
  3952.263      42.0     2.494     -1.60                                        
  3952.264 106.00113     0.998    -5.165               3.464            AX43R045
  3952.269      41.1     1.696     -0.59                                        
  3952.276   27.0059     0.431    -4.673                                 KURHFS 
  3952.276   27.0059     0.431    -4.770                                 KURHFS 
  3952.277   27.0059     0.431    -4.673                                 KURHFS 
  3952.277   27.0059     0.431    -4.974                                 KURHFS 
  3952.278   27.0059     0.431    -4.828                                 KURHFS 
  3952.279   27.0059     0.431    -5.372                                 KURHFS 
  3952.285   27.0059     0.431    -4.129                                 KURHFS 
  3952.287   27.0059     0.431    -3.933                                 KURHFS 
  3952.289   27.0059     0.431    -4.196                                 KURHFS 
  3952.290   27.0059     0.431    -3.828                                 KURHFS 
  3952.293   27.0059     0.431    -3.781                                 KURHFS 
  3952.294   27.0059     0.431    -3.933                                 KURHFS 
  3952.298   27.0059     0.431    -3.787                                 KURHFS 
  3952.298 607.01214     2.821    -1.672               7.724          1212Rb0005
  3952.300   27.0059     0.431    -3.729                                 KURHFS 
  3952.303   27.0059     0.431    -3.860                                 KURHFS 
  3952.307   27.0059     0.431    -3.559                                 KURHFS 
  3952.309   27.0059     0.431    -4.071                                 KURHFS 
  3952.315   27.0059     0.431    -3.413                                 KURHFS 
  3952.324   27.0059     0.431    -3.284                                 KURHFS 
  3952.327 106.00113     0.410    -1.109               3.464            BX00Q145
  3952.330 607.01214     2.821    -2.372               7.724          1212Qd0015
  3952.333   27.0059     0.431    -3.168                                 KURHFS 
  3952.333 607.01214     2.821    -1.417               7.724          1212Ra0015
  3952.344   27.0059     0.431    -3.063                                 KURHFS 
  3952.357      24.0     4.437     -3.63                                        
  3952.360      41.1     1.700     -0.93                              Nilsson10 
  3952.368 106.00113     0.410    -4.413               3.464            BX00P155
  3952.376      24.1     5.867     -3.16                                        
  3952.384 106.00113     0.410    -4.438               3.464            BX00R145
  3952.395      24.0     3.011     -0.66                                        
  3952.425 106.00113     0.410    -1.100               3.464            BX00Q155
  3952.426 106.00113     0.190    -1.415               3.464            BX00P105
  3952.506      24.0     3.461     -2.36                                        
  3952.518      74.0     1.855     -0.73                                        
  3952.532      58.1     0.327     -0.11                              Lawler09  
  3952.546      92.1     0.717     -1.19                                        
  3952.570      22.0     2.115     -2.53                                        
  3952.595      58.1     0.822     -0.38                                BIEMONT 
  3952.602      26.0     2.692     -1.12                              NIST/B+   
  3952.623      77.0     2.203     -1.30                                        
  3952.657      26.0     3.209     -2.04                                        
  3952.670      26.0     4.140     -0.91                                        
  3952.693      44.0     2.006     -0.10                                        
  3952.696      26.0     2.845     -1.39                              NIST/D+   
  3952.713      28.0     3.652     -2.20                                        
  3952.724 106.00112     0.644    -4.518               3.464            AX10P195
  3952.731 106.00112     0.644    -9.322               3.464            AX10Q185
  3952.738       6.0     7.940     -4.20                                        
  3952.741 106.00112     0.191    -1.441               3.464            BX00P095
  3952.761      90.0     0.479     -1.21                                        
  3952.762 607.01314     2.814    -3.282               7.724          1212Qc0145
  3952.766      76.0     1.746     -1.56                                        
  3952.780 607.01314     2.814    -0.619               7.724          1212Pa0155
  3952.781 106.00112     0.191    -7.258               3.464            BX00Q095
  3952.801 106.00112     0.644    -4.495               3.464            AX10P185
  3952.802      25.0     4.682     -3.50                                        
  3952.815 607.01214     2.820    -1.974               7.724          1212Qd0005
  3952.816 607.01214     2.820    -1.672               7.724          1212Ra0005
  3952.834      25.0     4.191     -0.24                                        
  3952.845      21.1     7.466     -4.50                                        
  3952.860      60.1     0.182     -0.67                              DenHarto03
  3952.862   27.0059     0.922    -3.094                                 KURHFS 
  3952.875 607.01314     2.814    -0.649               7.724          1212Pb0145
  3952.876   27.0059     0.922    -2.191                                 KURHFS 
  3952.882      24.0     4.444     -3.28                                        
  3952.884   27.0059     0.922    -2.890                                 KURHFS 
  3952.896   27.0059     0.922    -2.378                                 KURHFS 
  3952.902   27.0059     0.922    -2.825                                 KURHFS 
  3952.910   27.0059     0.922    -3.094                                 KURHFS 
  3952.913   27.0059     0.922    -2.597                                 KURHFS 
  3952.918   27.0059     0.922    -2.832                                 KURHFS 
  3952.920      24.0     3.008     -2.75                                        
  3952.925   27.0059     0.922    -2.890                                 KURHFS 
  3952.926   27.0059     0.922    -2.860                                 KURHFS 
  3952.931   27.0059     0.922    -2.898                                 KURHFS 
  3952.932      74.0     2.386     -0.20                                        
  3952.936   27.0059     0.922    -2.825                                 KURHFS 
  3952.937   27.0059     0.922    -3.191                                 KURHFS 
  3952.938      24.0     3.548     -2.24                                        
  3952.941   27.0059     0.922    -3.036                                 KURHFS 
  3952.945   27.0059     0.922    -2.832                                 KURHFS 
  3952.945   27.0059     0.922    -3.638                                 KURHFS 
  3952.948   27.0059     0.922    -3.316                                 KURHFS 
  3952.950   27.0059     0.922    -4.337                                 KURHFS 
  3952.951   27.0059     0.922    -2.898                                 KURHFS 
  3952.955   27.0059     0.922    -3.036                                 KURHFS 
  3952.955   27.0059     0.922    -3.316                                 KURHFS 
  3952.966 106.00112     0.412    -1.109               3.464            BX00Q145
  3952.974 106.00112     0.191    -1.415               3.464            BX00P105
  3953.008 106.00112     0.412    -4.413               3.464            BX00P155
  3953.026 106.00112     0.412    -4.438               3.464            BX00R145
  3953.073      41.0     1.368     -0.67                                        
  3953.082 106.00112     0.412    -1.099               3.464            BX00Q155
  3953.151      24.0     3.963     -3.94                                        
  3953.151      26.0     3.018     -1.20                              NIST/C+   
  3953.156      74.0     2.456      0.01                                        
  3953.171      24.0     3.011     -1.03                                        
  3953.182 106.00113     0.640    -4.517               3.464            AX10P195
  3953.190      66.0     1.488      0.27                                        
  3953.192 106.00113     0.640    -9.322               3.464            AX10Q185
  3953.246 106.00112     1.000    -5.180               3.464            AX43R045
  3953.254      25.0     3.370     -5.83                                        
  3953.260 106.00113     0.640    -4.495               3.464            AX10P185
  3953.299 106.00113     1.589    -5.116               3.464            AX43R205
  3953.337 106.00112     1.000    -5.164               3.464            AX43R045
  3953.366      64.0     0.066     -0.54                                        
  3953.380      60.1     0.380     -0.97                              DenHarto03
  3953.380 106.00113     1.570    -2.348               3.464            AX32R235
  3953.382      25.0     5.380     -3.73                                        
  3953.390      21.1     7.477     -1.75                                        
  3953.399      24.0     3.085     -6.28                                        
  3953.403 106.00113     1.570    -2.269               3.464            AX32R245
  3953.424 106.00113     1.570    -4.904               3.464            AX32Q245
  3953.457      22.1     4.959     -3.72                                        
  3953.459 607.01314     2.821    -3.310               7.724          1212Qc0155
  3953.478 607.01314     2.821    -0.592               7.724          1212Pa0165
  3953.496      26.0     3.544     -2.92                                        
  3953.510      60.1     0.471     -0.39                              DenHarto03
  3953.511      59.1     0.550      0.14                                        
  3953.555 607.01314     2.821    -0.620               7.724          1212Pb0155
  3953.575      92.1     0.284     -1.12                                        
  3953.606      25.1     5.344     -4.33                                        
  3953.631      24.1     4.747     -6.42                                        
  3953.652      58.1     0.495     -0.64                              Lawler09  
  3953.681      24.1     4.778     -3.31                                        
  3953.686      57.0     0.130     -1.24                                        
  3953.779      23.0     2.573     -4.33                                        
  3953.821      24.0     2.706     -3.24                                        
  3953.825 106.00113     1.533    -8.403               3.464            AX53P185
  3953.829 607.01214     2.821    -1.974               7.724          1212Qc0005
  3953.839      42.0     3.315     -1.51                                        
  3953.858      26.0     2.832     -1.98                              NIST/D    
  3953.861 607.01214     2.821    -1.673               7.724          1212Pa0015
  3953.906 106.00112     1.539    -5.144               3.464            AX43R195
  3953.922      42.0     2.521     -1.06                                        
  3953.944      58.1     0.560     -1.00                              Lawler09  
  3953.945      22.0     1.732     -4.91                                        
  3953.970      58.1     0.464     -1.03                                BIEMONT 
  3953.994      22.1     4.906     -3.29                                        
  3954.044      24.0     3.553     -4.15                                        
  3954.087      28.0     3.838     -2.75                                        
  3954.090      26.0     3.632     -3.46                                        
  3954.156      23.1     3.121     -3.26                                        
  3954.164      26.0     2.221     -8.18                                        
  3954.171 607.01314     2.827    -3.336               7.724          1212Qc0165
  3954.186 106.00113     1.362    -2.826               3.464            AX21Q255
  3954.190 607.01314     2.827    -0.567               7.724          1212Pa0175
  3954.192      62.1     0.184     -1.76                                        
  3954.224 106.00113     1.362    -5.211               3.464            AX21R245
  3954.230 607.01314     2.827    -0.592               7.724          1212Pb0165
  3954.241      28.0     4.161     -1.60                                        
  3954.290   21.0045     1.447    -4.384                                 KURHFS 
  3954.290   21.0045     1.447    -4.451                                 KURHFS 
  3954.290   21.0045     1.447    -5.083                                 KURHFS 
  3954.293   21.0045     1.447    -4.188                                 KURHFS 
  3954.293   21.0045     1.447    -4.188                                 KURHFS 
  3954.293   21.0045     1.447    -4.928                                 KURHFS 
  3954.298   21.0045     1.447    -3.984                                 KURHFS 
  3954.298   21.0045     1.447    -4.083                                 KURHFS 
  3954.298   21.0045     1.447    -4.928                                 KURHFS 
  3954.304   21.0045     1.447    -3.814                                 KURHFS 
  3954.304   21.0045     1.447    -4.036                                 KURHFS 
  3954.304   21.0045     1.447    -5.025                                 KURHFS 
  3954.311   21.0045     1.447    -3.668                                 KURHFS 
  3954.311   21.0045     1.447    -4.042                                 KURHFS 
  3954.311   21.0045     1.447    -5.229                                 KURHFS 
  3954.320   21.0045     1.447    -3.539                                 KURHFS 
  3954.320   21.0045     1.447    -4.115                                 KURHFS 
  3954.320   21.0045     1.447    -5.627                                 KURHFS 
  3954.323 106.00113     1.362    -6.199               3.464            AX21P255
  3954.331   21.0045     1.447    -3.423                                 KURHFS 
  3954.331   21.0045     1.447    -4.326                                 KURHFS 
  3954.342   21.0045     1.447    -3.318                                 KURHFS 
  3954.350      62.1     0.248     -2.34                              Lawler06  
  3954.357 607.01214     2.822    -1.673               7.724          1212Pb0015
  3954.360 607.01214     2.822    -2.372               7.724          1212Qc0015
  3954.361 106.00113     1.362    -2.937               3.464            AX21Q245
  3954.411 607.01214     2.822    -1.418               7.724          1212Pa0025
  3954.422 106.00112     0.995    -5.091               3.464            AX32R135
  3954.428      75.0     2.778     -0.64                                        
  3954.455 106.00112     0.995    -3.238               3.464            AX32Q135
  3954.474      25.0     4.350     -2.00                                        
  3954.479      24.0     3.553     -3.52                                        
  3954.526      28.0     3.652     -0.39                                        
  3954.535      23.1     6.334     -3.44                                        
  3954.543 106.00112     0.995    -3.143               3.464            AX32Q145
  3954.550      66.1     1.170     -0.46                              Wickliff00
  3954.565      25.0     4.709     -0.89                                        
  3954.575 106.00112     0.995    -5.844               3.464            AX32P145
  3954.612 106.00113     1.643    -7.614               3.464            AX42P245
  3954.657      24.1     4.940     -4.78                                        
  3954.667      92.1     1.034     -0.12                                        
  3954.712      26.0     3.265     -2.48                                        
  3954.716      26.1     6.514     -4.09                                        
  3954.800      26.0     3.651     -6.28                                        
  3954.800 607.01314     2.964    -0.322               7.724          1212Pb0305
  3954.802 106.00112     0.644    -4.974               3.464            BX10P185
  3954.838 106.00113     0.992    -5.091               3.464            AX32R135
  3954.863 106.00112     1.368    -2.826               3.464            AX21Q255
  3954.891 106.00113     0.992    -3.237               3.464            AX32Q135
  3954.901 607.01214     2.823    -1.418               7.724          1212Pb0025
  3954.902 607.01314     2.835    -3.360               7.724          1212Qc0175
  3954.905 607.01214     2.823    -2.564               7.724          1212Qc0025
  3954.913 106.00112     1.368    -5.210               3.464            AX21R245
  3954.915 607.01314     2.835    -0.542               7.724          1212Pa0185
  3954.915 607.01314     2.835    -0.567               7.724          1212Pb0175
  3954.920      24.0     2.707     -3.06                                        
  3954.943 106.00112     1.368    -6.199               3.464            AX21P255
  3954.956 106.00113     0.992    -3.143               3.464            AX32Q145
  3954.962   27.0059     3.772    -1.964                                 KURHFS 
  3954.962   27.0059     3.772    -2.140                                 KURHFS 
  3954.969      22.0     2.493     -4.54                                        
  3954.969      24.0     2.985     -6.21                                        
  3954.973   27.0059     3.772    -1.839                                 KURHFS 
  3954.973   27.0059     3.772    -1.964                                 KURHFS 
  3954.977 607.01214     2.823    -1.264               7.724          1212Pa0035
  3954.988   27.0059     3.772    -1.839                                 KURHFS 
  3954.988   27.0059     3.772    -1.953                                 KURHFS 
  3954.988   27.0059     3.772    -2.158                                 KURHFS 
  3954.992 106.00112     1.368    -2.937               3.464            AX21Q245
  3955.006   27.0059     3.772    -1.542                                 KURHFS 
  3955.006   27.0059     3.772    -1.953                                 KURHFS 
  3955.009 106.00113     0.992    -5.844               3.464            AX32P145
  3955.025      24.0     4.446     -1.64                                        
  3955.053   23.0051     2.276    -5.905                                 KURHFS 
  3955.053   23.0051     2.276    -6.160                                 KURHFS 
  3955.053   23.0051     2.276    -6.190                                 KURHFS 
  3955.054   23.0051     2.276    -5.717                                 KURHFS 
  3955.054   23.0051     2.276    -6.160                                 KURHFS 
  3955.054   23.0051     2.276    -6.211                                 KURHFS 
  3955.055   23.0051     2.276    -5.626                                 KURHFS 
  3955.055   23.0051     2.276    -5.772                                 KURHFS 
  3955.055   23.0051     2.276    -6.336                                 KURHFS 
  3955.057   23.0051     2.276    -5.517                                 KURHFS 
  3955.057   23.0051     2.276    -5.604                                 KURHFS 
  3955.057   23.0051     2.276    -6.558                                 KURHFS 
  3955.059   23.0051     2.276    -5.319                                 KURHFS 
  3955.059   23.0051     2.276    -5.658                                 KURHFS 
  3955.059   23.0051     2.276    -6.968                                 KURHFS 
  3955.060 106.00112     0.729    -4.769               3.464            AX32P055
  3955.061   23.0051     2.276    -5.155                                 KURHFS 
  3955.061   23.0051     2.276    -5.854                                 KURHFS 
  3955.064   23.0051     2.276    -5.014                                 KURHFS 
  3955.080      60.1     0.204     -1.36                              DenHarto03
  3955.101      24.0     4.398     -4.42                                        
  3955.138      22.0     2.316     -4.72                                        
  3955.144      26.0     4.298     -2.73                                        
  3955.147 106.00112     0.729    -5.580               3.464            AX32Q055
  3955.170      90.0     1.215     -0.14                                        
  3955.213      26.0     3.045     -2.69                                        
  3955.280      26.0     4.188     -3.03                                        
  3955.303      74.0     2.434      0.07                                        
  3955.303 106.00112     0.730    -4.769               3.464            AX32P055
  3955.317      25.0     4.723     -2.23                                        
  3955.333      24.0     2.897     -5.54                                        
  3955.341      26.0     3.283     -1.05                              DenHarto14
  3955.353      23.0     1.871     -4.04                                        
  3955.357      58.1     0.909     -0.21                                BIEMONT 
  3955.374      76.0     1.886     -1.52                                        
  3955.390 106.00112     0.730    -5.592               3.464            AX32Q055
  3955.412   27.0059     3.710    -3.173                                 KURHFS 
  3955.412   27.0059     3.710    -3.428                                 KURHFS 
  3955.412   27.0059     3.710    -3.458                                 KURHFS 
  3955.420   27.0059     3.710    -2.985                                 KURHFS 
  3955.420   27.0059     3.710    -3.040                                 KURHFS 
  3955.420   27.0059     3.710    -3.428                                 KURHFS 
  3955.430      26.0     2.607     -4.89                                        
  3955.432   27.0059     3.710    -2.785                                 KURHFS 
  3955.432   27.0059     3.710    -2.894                                 KURHFS 
  3955.432   27.0059     3.710    -3.479                                 KURHFS 
  3955.437      22.0     2.316     -4.14                                        
  3955.448   27.0059     3.710    -2.587                                 KURHFS 
  3955.448   27.0059     3.710    -2.872                                 KURHFS 
  3955.448   27.0059     3.710    -3.604                                 KURHFS 
  3955.450      26.0     2.422     -4.92                                        
  3955.455 106.00112     0.730    -4.691               3.464            AX32P065
  3955.460 607.01214     2.825    -1.264               7.724          1212Pb0035
  3955.466 607.01214     2.825    -2.694               7.724          1212Qc0035
  3955.467   27.0059     3.710    -2.423                                 KURHFS 
  3955.467   27.0059     3.710    -2.926                                 KURHFS 
  3955.467   27.0059     3.710    -3.826                                 KURHFS 
  3955.480   23.0051     2.294    -3.882                                 KURHFS 
  3955.480   23.0051     2.294    -3.893                                 KURHFS 
  3955.480   23.0051     2.294    -3.907                                 KURHFS 
  3955.480   23.0051     2.294    -4.103                                 KURHFS 
  3955.480   23.0051     2.294    -4.103                                 KURHFS 
  3955.481   23.0051     2.294    -3.755                                 KURHFS 
  3955.481   23.0051     2.294    -3.779                                 KURHFS 
  3955.481   23.0051     2.294    -3.882                                 KURHFS 
  3955.483      42.0     3.733     -0.36                              NIST/B    
  3955.483   23.0051     2.294    -3.588                                 KURHFS 
  3955.483   23.0051     2.294    -3.736                                 KURHFS 
  3955.483   23.0051     2.294    -3.779                                 KURHFS 
  3955.484   23.0051     2.294    -3.419                                 KURHFS 
  3955.484   23.0051     2.294    -3.736                                 KURHFS 
  3955.484   23.0051     2.294    -3.747                                 KURHFS 
  3955.484 106.00113     0.727    -4.769               3.464            AX32P055
  3955.486   23.0051     2.294    -3.260                                 KURHFS 
  3955.486   23.0051     2.294    -3.747                                 KURHFS 
  3955.486   23.0051     2.294    -3.824                                 KURHFS 
  3955.489   23.0051     2.294    -3.112                                 KURHFS 
  3955.489   23.0051     2.294    -3.824                                 KURHFS 
  3955.489   23.0051     2.294    -4.039                                 KURHFS 
  3955.491   23.0051     2.294    -2.976                                 KURHFS 
  3955.491   23.0051     2.294    -4.039                                 KURHFS 
  3955.491   27.0059     3.710    -2.282                                 KURHFS 
  3955.491   27.0059     3.710    -3.122                                 KURHFS 
  3955.491   27.0059     3.710    -4.236                                 KURHFS 
  3955.494      21.1     7.477     -3.15                                        
  3955.535 106.00112     0.996    -5.108               3.464            AX32R135
  3955.550      60.1     0.380     -1.73                              DenHarto03
  3955.558 607.01214     2.825    -1.151               7.724          1212Pa0045
  3955.565   21.0045     1.427    -3.701                                 KURHFS 
  3955.565   21.0045     1.427    -4.112                                 KURHFS 
  3955.568 106.00112     0.996    -3.238               3.464            AX32Q135
  3955.569   21.0045     1.427    -3.998                                 KURHFS 
  3955.569   21.0045     1.427    -4.112                                 KURHFS 
  3955.569   21.0045     1.427    -4.317                                 KURHFS 
  3955.571 106.00113     0.727    -5.580               3.464            AX32Q055
  3955.572   21.0045     1.427    -3.998                                 KURHFS 
  3955.572   21.0045     1.427    -4.123                                 KURHFS 
  3955.575   21.0045     1.427    -4.123                                 KURHFS 
  3955.575   21.0045     1.427    -4.299                                 KURHFS 
  3955.589 106.00112     0.996    -3.143               3.464            AX32Q145
  3955.602      26.0     4.280     -1.68                                        
  3955.614      26.0     4.073     -3.62                                        
  3955.622 106.00112     0.996    -5.829               3.464            AX32P145
  3955.655 607.01314     2.842    -0.519               7.724          1212Pa0195
  3955.658 607.01314     2.842    -3.384               7.724          1212Qc0185
  3955.666 106.00112     0.730    -4.691               3.464            AX32P065
  3955.679      41.0     0.267     -1.33                                        
  3955.700 607.01314     2.842    -0.543               7.724          1212Pb0185
  3955.725 106.00113     0.727    -4.769               3.464            AX32P055
  3955.730      67.0     0.000     -0.54                                        
  3955.746      63.0     1.930      0.20                                        
  3955.756      26.0     4.154     -2.79                              PK15THEOR 
  3955.769      26.0     2.557     -4.63                                        
  3955.785 106.00113     1.572    -2.270               3.464            AX32R245
  3955.810 106.00113     0.727    -5.591               3.464            AX32Q055
  3955.877 106.00113     0.727    -4.691               3.464            AX32P065
  3955.890      90.0     0.355     -1.33                                        
  3955.907      22.0     2.343     -5.22                                        
  3955.910      58.1     0.560     -0.79                              Lawler09  
  3955.954 106.00113     0.992    -5.108               3.464            AX32R135
  3955.956      26.0     3.071     -1.53                              NIST/B    
  3955.960      60.1     0.742     -0.60                              DenHarto03
  3955.972 106.00113     0.992    -3.237               3.464            AX32Q135
  3955.996 106.00113     1.572    -4.866               3.464            AX32Q245
  3956.003 106.00113     0.992    -3.143               3.464            AX32Q145
  3956.004      23.0     1.891     -2.63                                        
  3956.022 106.00113     0.992    -5.829               3.464            AX32P145
  3956.035 607.01214     2.827    -1.151               7.724          1212Pb0045
  3956.041      24.0     3.842     -1.86                                        
  3956.043 607.01214     2.827    -2.794               7.724          1212Qc0045
  3956.045      58.1     0.721     -0.41                                        
  3956.048      24.0     4.436     -1.93                                        
  3956.067 106.00113     1.572    -2.348               3.464            AX32R235
  3956.086 106.00113     0.728    -4.691               3.464            AX32P065
  3956.130      64.1     0.492     -2.08                              DenHarto06
  3956.153 607.01214     2.827    -1.063               7.724          1212Pa0055
  3956.161      26.0     4.175     -3.09                                        
  3956.161 106.00112     0.686    -6.632               3.464            AX21Q135
  3956.188 106.00112     0.686    -6.043               3.464            AX21P135
  3956.215   27.0059     0.000    -6.003                                 KURHFS 
  3956.215   27.0059     0.000    -6.070                                 KURHFS 
  3956.215   27.0059     0.000    -6.702                                 KURHFS 
  3956.219   27.0059     0.000    -5.807                                 KURHFS 
  3956.219   27.0059     0.000    -5.807                                 KURHFS 
  3956.219   27.0059     0.000    -6.547                                 KURHFS 
  3956.226   27.0059     0.000    -5.603                                 KURHFS 
  3956.226   27.0059     0.000    -5.702                                 KURHFS 
  3956.226   27.0059     0.000    -6.547                                 KURHFS 
  3956.235   27.0059     0.000    -5.433                                 KURHFS 
  3956.235   27.0059     0.000    -5.655                                 KURHFS 
  3956.235   27.0059     0.000    -6.644                                 KURHFS 
  3956.247   27.0059     0.000    -5.287                                 KURHFS 
  3956.247   27.0059     0.000    -5.661                                 KURHFS 
  3956.247   27.0059     0.000    -6.848                                 KURHFS 
  3956.261   27.0059     0.000    -5.158                                 KURHFS 
  3956.261   27.0059     0.000    -5.734                                 KURHFS 
  3956.261   27.0059     0.000    -7.246                                 KURHFS 
  3956.264      28.0     3.895     -3.17                                        
  3956.270   23.0051     2.284    -6.205                                 KURHFS 
  3956.270   23.0051     2.284    -6.272                                 KURHFS 
  3956.270   23.0051     2.284    -6.904                                 KURHFS 
  3956.275   23.0051     2.284    -6.009                                 KURHFS 
  3956.275   23.0051     2.284    -6.009                                 KURHFS 
  3956.275   23.0051     2.284    -6.749                                 KURHFS 
  3956.277      26.0     3.981     -4.12                                        
  3956.278      58.1     0.608      0.12                              Lawler09  
  3956.278   27.0059     0.000    -5.042                                 KURHFS 
  3956.278   27.0059     0.000    -5.945                                 KURHFS 
  3956.283   23.0051     2.284    -5.805                                 KURHFS 
  3956.283   23.0051     2.284    -5.904                                 KURHFS 
  3956.283   23.0051     2.284    -6.749                                 KURHFS 
  3956.286 106.00112     0.686    -6.304               3.464            AX21P145
  3956.291      24.0     3.011     -1.82                                        
  3956.294   23.0051     2.284    -5.635                                 KURHFS 
  3956.294   23.0051     2.284    -5.857                                 KURHFS 
  3956.294   23.0051     2.284    -6.846                                 KURHFS 
  3956.297   27.0059     0.000    -4.937                                 KURHFS 
  3956.307   23.0051     2.284    -5.489                                 KURHFS 
  3956.307   23.0051     2.284    -5.863                                 KURHFS 
  3956.307   23.0051     2.284    -7.050                                 KURHFS 
  3956.323   23.0051     2.284    -5.360                                 KURHFS 
  3956.323   23.0051     2.284    -5.936                                 KURHFS 
  3956.323   23.0051     2.284    -7.448                                 KURHFS 
  3956.334      22.0     0.021     -0.38                                 LAWLER 
  3956.341   23.0051     2.284    -5.244                                 KURHFS 
  3956.341   23.0051     2.284    -6.147                                 KURHFS 
  3956.346      23.1     6.312     -4.17                                        
  3956.350      60.1     0.182     -1.64                              DenHarto03
  3956.362   23.0051     2.284    -5.139                                 KURHFS 
  3956.380      24.0     3.077     -4.33                                        
  3956.386 607.01314     2.850    -0.520               7.724          1212Pb0195
  3956.408 607.01314     2.850    -0.498               7.724          1212Pa0205
  3956.415      68.0     0.000     -0.94                                        
  3956.445 607.01314     2.850    -3.406               7.724          1212Qc0195
  3956.455      26.0     3.237     -0.39                              Belmonte17
  3956.463   23.0051     1.217    -3.930                                 KURHFS 
  3956.464   23.0051     1.217    -3.930                                 KURHFS 
  3956.464   23.0051     1.217    -4.106                                 KURHFS 
  3956.466   23.0051     1.217    -3.766                                 KURHFS 
  3956.466   23.0051     1.217    -4.231                                 KURHFS 
  3956.466   23.0051     1.217    -4.356                                 KURHFS 
  3956.468   23.0051     1.217    -3.758                                 KURHFS 
  3956.468   23.0051     1.217    -3.792                                 KURHFS 
  3956.468   23.0051     1.217    -4.784                                 KURHFS 
  3956.471   23.0051     1.217    -3.509                                 KURHFS 
  3956.471   23.0051     1.217    -3.919                                 KURHFS 
  3956.474   23.0051     1.217    -3.293                                 KURHFS 
  3956.501 106.00112     0.707    -8.274               3.464            AX10Q195
  3956.516 106.00112     0.694    -6.933               3.464            AX32P035
  3956.526   27.0059     3.629    -3.156                                 KURHFS 
  3956.528   27.0059     3.629    -3.126                                 KURHFS 
  3956.530   27.0059     3.629    -2.871                                 KURHFS 
  3956.533   27.0059     3.629    -3.177                                 KURHFS 
  3956.536   27.0059     3.629    -2.683                                 KURHFS 
  3956.538   27.0059     3.629    -3.126                                 KURHFS 
  3956.541   27.0059     3.629    -3.302                                 KURHFS 
  3956.545   27.0059     3.629    -2.592                                 KURHFS 
  3956.548   27.0059     3.629    -2.738                                 KURHFS 
  3956.552   27.0059     3.629    -3.524                                 KURHFS 
  3956.557   27.0059     3.629    -2.570                                 KURHFS 
  3956.561   27.0059     3.629    -2.483                                 KURHFS 
  3956.566   27.0059     3.629    -3.934                                 KURHFS 
  3956.568       6.0     8.996     -1.50                                        
  3956.572   27.0059     3.629    -2.624                                 KURHFS 
  3956.576   27.0059     3.629    -2.285                                 KURHFS 
  3956.577 106.00112     0.707    -4.515               3.464            AX10P195
  3956.581 106.00112     0.707    -4.552               3.464            AX10P205
  3956.583 106.00113     0.683    -6.632               3.464            AX21Q135
  3956.589 607.01314     2.951    -0.337               7.724          1212Pb0295
  3956.590   27.0059     3.629    -2.820                                 KURHFS 
  3956.591      73.0     1.236     -1.45                                        
  3956.594      90.1     1.262     -0.41                                        
  3956.595   27.0059     3.629    -2.121                                 KURHFS 
  3956.615 106.00113     0.683    -6.043               3.464            AX21P135
  3956.617   27.0059     3.629    -1.980                                 KURHFS 
  3956.626 607.01214     2.829    -1.063               7.724          1212Pb0055
  3956.633 106.00112     0.694    -6.946               3.464            AX32P035
  3956.636 607.01214     2.829    -2.874               7.724          1212Qc0055
  3956.677      26.0     2.692     -0.43                              NIST/B+   
  3956.691      90.1     0.000     -1.65                                        
  3956.706 106.00113     0.683    -6.304               3.464            AX21P145
  3956.732      20.0     5.449     -4.48                                        
  3956.739      58.0     0.206     -0.75                                        
  3956.763 607.01214     2.829    -0.989               7.724          1212Pa0065
  3956.772      58.0     0.159     -0.58                                        
  3956.790      26.0     3.926     -4.06                                        
  3956.815      27.1     5.462     -3.28                                        
  3956.878      26.0     3.940     -2.76                                        
  3956.896      58.1     0.674     -0.61                              Lawler09  
  3956.905      58.1     0.736     -0.62                                BIEMONT 
  3956.935 106.00113     0.703    -8.274               3.464            AX10Q195
  3956.948 106.00113     0.692    -6.933               3.464            AX32P035
  3957.002      24.0     4.437     -1.65                                        
  3957.002   21.1045     4.008    -3.040                                 KURHFS 
  3957.004   21.1045     4.008    -2.961                                 KURHFS 
  3957.004   21.1045     4.008    -3.137                                 KURHFS 
  3957.006   21.1045     4.008    -2.778                                 KURHFS 
  3957.006   21.1045     4.008    -3.262                                 KURHFS 
  3957.006   21.1045     4.008    -3.283                                 KURHFS 
  3957.010   21.1045     4.008    -2.719                                 KURHFS 
  3957.010   21.1045     4.008    -2.844                                 KURHFS 
  3957.010   21.1045     4.008    -3.517                                 KURHFS 
  3957.010 106.00113     0.703    -4.515               3.464            AX10P195
  3957.010 106.00113     0.703    -4.552               3.464            AX10P205
  3957.013      25.0     5.380     -3.87                                        
  3957.014   21.1045     4.008    -2.573                                 KURHFS 
  3957.014   21.1045     4.008    -2.752                                 KURHFS 
  3957.014   21.1045     4.008    -3.935                                 KURHFS 
  3957.018      26.0     3.266     -0.56                              NIST/B+   
  3957.020   21.1045     4.008    -2.366                                 KURHFS 
  3957.020   21.1045     4.008    -2.935                                 KURHFS 
  3957.026   21.1045     4.008    -2.195                                 KURHFS 
  3957.044 607.01314     2.858    -0.498               7.724          1212Pb0205
  3957.050      20.0     1.886     -1.16                              NIST/C    
  3957.065 106.00113     0.692    -6.946               3.464            AX32P035
  3957.141      23.0     2.576     -5.55                                        
  3957.145      58.1     0.327     -0.83                                BIEMONT 
  3957.151   23.0051     2.113    -3.436                                 KURHFS 
  3957.151   23.0051     2.113    -3.652                                 KURHFS 
  3957.151   23.0051     2.113    -3.901                                 KURHFS 
  3957.151   23.0051     2.113    -3.909                                 KURHFS 
  3957.151   23.0051     2.113    -3.935                                 KURHFS 
  3957.151   23.0051     2.113    -4.062                                 KURHFS 
  3957.151   23.0051     2.113    -4.073                                 KURHFS 
  3957.151   23.0051     2.113    -4.073                                 KURHFS 
  3957.151   23.0051     2.113    -4.249                                 KURHFS 
  3957.151   23.0051     2.113    -4.374                                 KURHFS 
  3957.151   23.0051     2.113    -4.499                                 KURHFS 
  3957.151   23.0051     2.113    -4.927                                 KURHFS 
  3957.157      90.1     2.600      0.07                                        
  3957.170      20.0     4.621     -2.39                                        
  3957.174 607.01314     2.858    -0.477               7.724          1212Pa0215
  3957.203      58.0     0.028     -0.61                                        
  3957.210       6.0     7.940     -3.49                                        
  3957.232 607.01214     2.832    -0.989               7.724          1212Pb0065
  3957.240      66.1     1.850     -0.74                              Wickliff00
  3957.245 607.01214     2.832    -2.942               7.724          1212Qc0065
  3957.251      22.0     1.995     -4.04                                        
  3957.274 607.01314     2.858    -3.426               7.724          1212Qc0205
  3957.284      62.0     0.185     -2.47                                        
  3957.299      26.0     2.586     -4.02                                        
  3957.319 106.00112     0.687    -6.655               3.464            AX21Q135
  3957.334      26.0     4.217     -2.62                                        
  3957.345      20.0     5.667     -3.84                                        
  3957.346 106.00112     0.687    -6.043               3.464            AX21P135
  3957.376 106.00112     0.687    -6.304               3.464            AX21P145
  3957.387 607.01214     2.832    -0.927               7.724          1212Pa0075
  3957.423      69.1     0.029     -2.36                                        
  3957.436      26.0     4.140     -3.41                                        
  3957.451      60.1     1.519      0.43                                        
  3957.453      44.0     1.192     -1.77                                        
  3957.470      62.1     0.378     -2.01                              Lawler06  
  3957.616      21.1     7.483     -2.03                                        
  3957.624      26.0     3.281     -2.37                                        
  3957.644      23.0     2.096     -1.84                                        
  3957.646      42.0     3.273     -1.44                                        
  3957.655 607.01314     2.867    -0.477               7.724          1212Pb0215
  3957.660      26.1     2.275     -6.43                                        
  3957.669       6.0     7.940     -4.77                                        
  3957.670      64.1     0.600     -0.25                              DenHarto06
  3957.684      24.0     4.443     -2.60                                        
  3957.694      22.1     4.947     -4.75                                        
  3957.697      24.0     4.452     -2.81                                        
  3957.728 106.00113     0.684    -6.655               3.464            AX21Q135
  3957.741 106.00113     0.985    -5.094               3.464            AX43R035
  3957.756 106.00113     0.684    -6.043               3.464            AX21P135
  3957.771      24.0     3.432     -2.79                                        
  3957.774      21.1     6.903     -1.39                                        
  3957.785 106.00113     0.684    -6.304               3.464            AX21P145
  3957.790      66.1     1.169     -0.4                               adj 0.08
  3957.793 106.00113     0.985    -5.081               3.464            AX43R035
  3957.803 106.00112     1.832    -7.278               3.464            CX25R145
  3957.816 607.01314     2.939    -0.353               7.724          1212Pb0285
  3957.839      20.0     4.621     -4.40                                        
  3957.841       6.0     7.940     -3.80                                        
  3957.855 607.01214     2.835    -0.927               7.724          1212Pb0075
  3957.871 607.01214     2.835    -3.000               7.724          1212Qc0075
  3957.902   23.0051     2.129    -6.727                                 KURHFS 
  3957.905   27.0059     0.581    -3.405                                 KURHFS 
  3957.906   23.0051     2.129    -6.609                                 KURHFS 
  3957.906   23.0051     2.129    -7.179                                 KURHFS 
  3957.906   27.0059     0.581    -3.385                                 LAWHFS 
  3957.909      20.0     5.792     -3.66                                        
  3957.912   23.0051     2.129    -6.491                                 KURHFS 
  3957.912   23.0051     2.129    -6.968                                 KURHFS 
  3957.912   23.0051     2.129    -8.179                                 KURHFS 
  3957.913   27.0059     0.581    -3.204                                 LAWHFS 
  3957.913   27.0059     0.581    -3.224                                 KURHFS 
  3957.919   27.0059     0.581    -3.173                                 LAWHFS 
  3957.920   23.0051     2.129    -6.379                                 KURHFS 
  3957.920   23.0051     2.129    -6.872                                 KURHFS 
  3957.920   23.0051     2.129    -7.972                                 KURHFS 
  3957.921   27.0059     0.581    -3.193                                 KURHFS 
  3957.922   27.0059     0.581    -2.706                                 KURHFS 
  3957.923   27.0059     0.581    -2.686                                 LAWHFS 
  3957.925   27.0059     0.581    -3.237                                 LAWHFS 
  3957.927   27.0059     0.581    -2.978                                 LAWHFS 
  3957.928   27.0059     0.581    -2.998                                 KURHFS 
  3957.928   27.0059     0.581    -3.257                                 KURHFS 
  3957.930   27.0059     0.581    -3.436                                 LAWHFS 
  3957.931   23.0051     2.129    -6.275                                 KURHFS 
  3957.931   23.0051     2.129    -6.836                                 KURHFS 
  3957.931   23.0051     2.129    -7.944                                 KURHFS 
  3957.931   27.0059     0.581    -3.384                                 LAWHFS 
  3957.933   27.0059     0.581    -3.404                                 KURHFS 
  3957.934   27.0059     0.581    -3.456                                 KURHFS 
  3957.934   27.0059     0.581    -4.101                                 LAWHFS 
  3957.936   27.0059     0.581    -5.341                                 LAWHFS 
  3957.937   27.0059     0.581    -3.691                                 LAWHFS 
  3957.937   27.0059     0.581    -4.121                                 KURHFS 
  3957.940   27.0059     0.581    -5.364                                 KURHFS 
  3957.942   27.0059     0.581    -3.711                                 KURHFS 
  3957.943   23.0051     2.129    -6.179                                 KURHFS 
  3957.943   23.0051     2.129    -6.852                                 KURHFS 
  3957.943   23.0051     2.129    -8.024                                 KURHFS 
  3957.943   27.0059     0.581    -3.436                                 LAWHFS 
  3957.945   27.0059     0.581    -3.237                                 LAWHFS 
  3957.945   27.0059     0.581    -3.385                                 LAWHFS 
  3957.946   27.0059     0.581    -3.173                                 LAWHFS 
  3957.946   27.0059     0.581    -3.204                                 LAWHFS 
  3957.946   27.0059     0.581    -3.405                                 KURHFS 
  3957.948   27.0059     0.581    -3.224                                 KURHFS 
  3957.948   27.0059     0.581    -3.456                                 KURHFS 
  3957.949   27.0059     0.581    -3.193                                 KURHFS 
  3957.949   27.0059     0.581    -3.257                                 KURHFS 
  3957.952 607.01314     2.867    -0.457               7.724          1212Pa0225
  3957.957      58.1     0.896     -0.54                              Lawler09  
  3957.958   23.0051     2.129    -6.089                                 KURHFS 
  3957.958   23.0051     2.129    -6.934                                 KURHFS 
  3957.958   23.0051     2.129    -8.216                                 KURHFS 
  3957.961      42.0     2.494     -1.68                                        
  3957.975   23.0051     2.129    -6.005                                 KURHFS 
  3957.975   23.0051     2.129    -7.152                                 KURHFS 
  3957.975   23.0051     2.129    -8.605                                 KURHFS 
  3957.990      60.1     0.064     -0.67                              DenHarto03
  3958.026 607.01214     2.835    -0.872               7.724          1212Pa0085
  3958.072      24.0     4.452     -0.34                                        
  3958.095      21.1     7.477     -2.04                                        
  3958.100      69.1     0.000     -1.12                              Wickliff97
  3958.155 106.00113     1.328    -8.988               3.464            CX03R155
  3958.158 607.01314     2.867    -3.446               7.724          1212Qc0215
  3958.197 607.01314     2.876    -0.457               7.724          1212Pb0225
  3958.205      22.0     0.048     -0.11                                 LAWLER 
  3958.220      40.1     0.527     -0.32                                Ljung06 
  3958.229   23.0051     1.948    -6.573                                 KURHFS 
  3958.232   23.0051     1.948    -6.310                                 KURHFS 
  3958.232   23.0051     1.948    -6.506                                 KURHFS 
  3958.233      45.0     1.731     -0.66                                        
  3958.236   23.0051     1.948    -6.106                                 KURHFS 
  3958.236   23.0051     1.948    -6.310                                 KURHFS 
  3958.236   23.0051     1.948    -7.205                                 KURHFS 
  3958.243   23.0051     1.948    -5.936                                 KURHFS 
  3958.243   23.0051     1.948    -6.205                                 KURHFS 
  3958.243   23.0051     1.948    -7.050                                 KURHFS 
  3958.253   23.0051     1.948    -5.790                                 KURHFS 
  3958.253   23.0051     1.948    -6.158                                 KURHFS 
  3958.253   23.0051     1.948    -7.050                                 KURHFS 
  3958.258      58.1     0.721     -0.42                                BIEMONT 
  3958.264   23.0051     1.948    -5.661                                 KURHFS 
  3958.264   23.0051     1.948    -6.164                                 KURHFS 
  3958.264   23.0051     1.948    -7.147                                 KURHFS 
  3958.278   23.0051     1.948    -5.545                                 KURHFS 
  3958.278   23.0051     1.948    -6.237                                 KURHFS 
  3958.278   23.0051     1.948    -7.351                                 KURHFS 
  3958.295   23.0051     1.948    -5.440                                 KURHFS 
  3958.295   23.0051     1.948    -6.448                                 KURHFS 
  3958.295   23.0051     1.948    -7.749                                 KURHFS 
  3958.392      24.0     3.008     -0.99                                        
  3958.409      26.1     2.690     -6.66                                        
  3958.440      26.0     4.151     -4.38                                        
  3958.495 607.01214     2.839    -0.872               7.724          1212Pb0085
  3958.513      26.0     4.220     -2.86                              PK15THEOR 
  3958.513 607.01214     2.839    -3.052               7.724          1212Qc0085
  3958.542      20.0     4.621     -5.57                                        
  3958.584 607.01314     2.928    -0.369               7.724          1212Pb0275
  3958.595      28.0     3.793     -1.37                                        
  3958.602      42.0     2.985     -0.99                                        
  3958.623      46.0     1.452     -0.83                                        
  3958.628 106.00113     1.648    -9.496               3.464            CX03Q215
  3958.641 607.01314     2.886    -0.438               7.724          1212Pb0235
  3958.652      22.0     2.332     -2.08                                        
  3958.674      64.0     0.000     -1.22                                        
  3958.680 607.01214     2.839    -0.824               7.724          1212Pa0095
  3958.686 106.00112     0.708    -4.552               3.464            AX10P205
  3958.696 106.00113     1.435    -5.124               3.464            AX21R255
  3958.700      62.1     0.333     -1.65                              Lawler06  
  3958.702 106.00112     0.708    -8.307               3.464            AX10Q195
  3958.732 106.00113     1.435    -2.717               3.464            AX21Q265
  3958.743      24.0     2.887     -5.47                                        
  3958.748 607.01314     2.876    -0.438               7.724          1212Pa0235
  3958.754      22.0     2.101     -4.82                                        
  3958.779 106.00112     0.708    -4.516               3.464            AX10P195
  3958.811 106.00113     1.435    -2.827               3.464            AX21Q255
  3958.814 106.00112     0.988    -5.094               3.464            AX43R035
  3958.841      20.0     5.827     -3.48                                        
  3958.842 106.00113     1.646    -5.145               3.464            AX43R215
  3958.845 106.00112     1.042    -5.056               3.464            AX32R145
  3958.847 106.00113     1.435    -6.081               3.464            AX21P265
  3958.857      42.0     3.165     -1.55                                        
  3958.860      45.0     0.966      0.01                              DL85/NI/B 
  3958.863      24.0     4.444     -1.60                                        
  3958.864      58.1     0.875     -0.36                                BIEMONT 
  3958.865 106.00112     0.988    -5.081               3.464            AX43R035
  3958.877      74.0     1.707     -1.09                                        
  3958.886 106.00112     1.042    -3.143               3.464            AX32Q145
  3958.951 607.01314     2.896    -0.420               7.724          1212Pb0245
  3958.956 106.00112     1.042    -3.049               3.464            AX32Q155
  3958.980 607.01314     2.917    -0.385               7.724          1212Pb0265
  3958.997 106.00112     1.042    -5.802               3.464            AX32P155
  3959.019      21.1     4.846     -3.88                                        
  3959.081 607.01314     2.906    -0.402               7.724          1212Pb0255
  3959.093 106.00113     0.704    -4.552               3.464            AX10P205
  3959.114 106.00113     0.704    -8.307               3.464            AX10Q195
  3959.117 106.00112     1.862    -4.651               3.464            CX14R205
  3959.117 607.01314     2.876    -3.465               7.724          1212Qc0225
  3959.126      24.0     3.645     -3.18                                        
  3959.147   23.0051     0.275    -8.479                                 KURHFS 
  3959.147   23.0051     0.275    -8.734                                 KURHFS 
  3959.147   23.0051     0.275    -8.764                                 KURHFS 
  3959.150 607.01214     2.843    -0.824               7.724          1212Pb0095
  3959.151   23.0051     0.275    -8.291                                 KURHFS 
  3959.151   23.0051     0.275    -8.346                                 KURHFS 
  3959.151   23.0051     0.275    -8.734                                 KURHFS 
  3959.157   23.0051     0.275    -8.091                                 KURHFS 
  3959.157   23.0051     0.275    -8.200                                 KURHFS 
  3959.157   23.0051     0.275    -8.785                                 KURHFS 
  3959.165   23.0051     0.275    -7.893                                 KURHFS 
  3959.165   23.0051     0.275    -8.178                                 KURHFS 
  3959.165   23.0051     0.275    -8.910                                 KURHFS 
  3959.173 607.01214     2.843    -3.098               7.724          1212Qc0095
  3959.174   23.0051     0.275    -7.729                                 KURHFS 
  3959.174   23.0051     0.275    -8.232                                 KURHFS 
  3959.174   23.0051     0.275    -9.132                                 KURHFS 
  3959.181      26.1     4.734     -4.07                                        
  3959.186      25.0     4.636     -2.58                                        
  3959.186   23.0051     0.275    -7.588                                 KURHFS 
  3959.186   23.0051     0.275    -8.428                                 KURHFS 
  3959.186   23.0051     0.275    -9.542                                 KURHFS 
  3959.189 106.00113     0.704    -4.515               3.464            AX10P195
  3959.191      26.0     3.940     -2.48                                        
  3959.206      92.0     0.868     -0.05                                        
  3959.219      25.0     5.130     -3.45                                        
  3959.224   23.0051     1.868    -2.856                                 KURHFS 
  3959.224   23.0051     1.868    -3.333                                 KURHFS 
  3959.229 106.00112     1.862    -8.381               3.464            CX14Q205
  3959.243      24.0     3.963     -3.25                                        
  3959.246 106.00112     1.862    -4.742               3.464            CX14R195
  3959.250 106.00113     1.649    -5.792               3.464            CX03R205
  3959.254   23.0051     1.868    -2.856                                 KURHFS 
  3959.254   23.0051     1.868    -3.002                                 KURHFS 
  3959.256 106.00113     1.648    -5.708               3.464            CX03R215
  3959.268   21.0045     1.438    -4.240                                 KURHFS 
  3959.269   21.0045     1.438    -3.955                                 KURHFS 
  3959.269   21.0045     1.438    -4.210                                 KURHFS 
  3959.272   21.0045     1.438    -3.767                                 KURHFS 
  3959.272   21.0045     1.438    -4.210                                 KURHFS 
  3959.272   21.0045     1.438    -4.261                                 KURHFS 
  3959.276   21.0045     1.438    -3.676                                 KURHFS 
  3959.276   21.0045     1.438    -3.822                                 KURHFS 
  3959.276   21.0045     1.438    -4.386                                 KURHFS 
  3959.281   21.0045     1.438    -3.567                                 KURHFS 
  3959.281   21.0045     1.438    -3.654                                 KURHFS 
  3959.281   21.0045     1.438    -4.608                                 KURHFS 
  3959.287   21.0045     1.438    -3.369                                 KURHFS 
  3959.287   21.0045     1.438    -3.708                                 KURHFS 
  3959.287   21.0045     1.438    -5.018                                 KURHFS 
  3959.295   21.0045     1.438    -3.205                                 KURHFS 
  3959.295   21.0045     1.438    -3.904                                 KURHFS 
  3959.300      90.0     0.689     -0.66                                        
  3959.304   21.0045     1.438    -3.064                                 KURHFS 
  3959.308      22.0     2.304     -5.81                                        
  3959.308 106.00113     1.038    -5.056               3.464            AX32R145
  3959.350 607.01214     2.843    -0.780               7.724          1212Pa0105
  3959.359      41.0     1.608     -0.59                                        
  3959.374 106.00113     1.038    -3.143               3.464            AX32Q145
  3959.381      66.1     2.107      0.04                                        
  3959.415 106.00113     1.038    -3.049               3.464            AX32Q155
  3959.419 106.00112     0.270    -7.292               3.464            AX10P115
  3959.420      64.1     0.601     -0.84                              DenHarto06
  3959.434      20.0     5.828     -3.50                                        
  3959.445      22.0     0.812     -5.08                                        
  3959.455      26.0     3.209     -4.58                                        
  3959.481 106.00113     1.038    -5.802               3.464            AX32P155
  3959.520      62.1     0.104     -1.25                              Lawler06  
  3959.530      64.1     0.731     -0.71                              DenHarto06
  3959.607      58.1     0.521     -0.81                              Lawler09  
  3959.669      22.1     4.959     -4.04                                        
  3959.754      59.1     1.009     -0.71                                        
  3959.796      27.1     5.051     -2.71                                        
  3959.797      58.1     0.587     -0.73                                        
  3959.810      24.0     4.407     -3.38                                        
  3959.823 607.01214     2.848    -0.780               7.724          1212Pb0105
  3959.837 106.00112     1.442    -5.124               3.464            AX21R255
  3959.841      26.0     3.637     -4.31                                        
  3959.851 607.01214     2.848    -3.139               7.724          1212Qc0105
  3959.853 106.00112     1.648    -2.196               3.464            AX32R255
  3959.894 106.00112     1.442    -2.716               3.464            AX21Q265
  3959.899      68.1     1.535     -0.64                                        
  3959.912 106.00112     1.647    -2.273               3.464            AX32R245
  3959.917 106.00112     1.442    -2.827               3.464            AX21Q255
  3959.929 106.00113     0.268    -7.292               3.464            AX10P115
  3959.948      42.0     3.300     -1.20                                        
  3959.969 106.00112     1.648    -4.845               3.464            AX32Q255
  3959.974 106.00112     1.442    -6.081               3.464            AX21P265
  3960.017   27.0059     3.626    -3.376                                 KURHFS 
  3960.017   27.0059     3.626    -3.443                                 KURHFS 
  3960.017   27.0059     3.626    -4.075                                 KURHFS 
  3960.022   27.0059     3.626    -3.180                                 KURHFS 
  3960.022   27.0059     3.626    -3.180                                 KURHFS 
  3960.022   27.0059     3.626    -3.920                                 KURHFS 
  3960.030   27.0059     3.626    -2.976                                 KURHFS 
  3960.030   27.0059     3.626    -3.075                                 KURHFS 
  3960.030   27.0059     3.626    -3.920                                 KURHFS 
  3960.032 106.00112     0.489    -8.326               3.464            AX21P085
  3960.036 607.01214     2.848    -0.741               7.724          1212Pa0115
  3960.041   27.0059     3.626    -2.806                                 KURHFS 
  3960.041   27.0059     3.626    -3.028                                 KURHFS 
  3960.041   27.0059     3.626    -4.017                                 KURHFS 
  3960.055   27.0059     3.626    -2.660                                 KURHFS 
  3960.055   27.0059     3.626    -3.034                                 KURHFS 
  3960.055   27.0059     3.626    -4.221                                 KURHFS 
  3960.071   27.0059     3.626    -2.531                                 KURHFS 
  3960.071   27.0059     3.626    -3.107                                 KURHFS 
  3960.071   27.0059     3.626    -4.619                                 KURHFS 
  3960.090   27.0059     3.626    -2.415                                 KURHFS 
  3960.090   27.0059     3.626    -3.318                                 KURHFS 
  3960.104 106.00112     1.043    -5.074               3.464            AX32R145
  3960.108      64.0     0.864      0.06                                        
  3960.113   27.0059     3.626    -2.310                                 KURHFS 
  3960.125 106.00112     0.707    -1.851               3.464            BX10P195
  3960.143 106.00112     1.043    -3.049               3.464            AX32Q155
  3960.144 106.00112     1.043    -3.143               3.464            AX32Q145
  3960.154      24.0     3.090     -6.98                                        
  3960.173 607.01314     2.886    -3.483               7.724          1212Qc0235
  3960.179   21.0045     1.427    -3.169                                 KURHFS 
  3960.184   21.0045     1.427    -3.490                                 KURHFS 
  3960.184   21.0045     1.427    -3.636                                 KURHFS 
  3960.184 106.00112     1.043    -5.786               3.464            AX32P155
  3960.185      22.0     2.343     -6.65                                        
  3960.187   21.0045     1.427    -3.490                                 KURHFS 
  3960.187   21.0045     1.427    -3.967                                 KURHFS 
  3960.189   21.0045     1.427    -3.511                                 KURHFS 
  3960.191 106.00112     0.707    -6.878               3.464            BX10Q195
  3960.192      25.0     4.602     -2.28                                        
  3960.200 607.01314     2.886    -0.420               7.724          1212Pa0245
  3960.269 106.00112     0.707    -1.841               3.464            BX10P205
  3960.279      26.0     3.640     -1.17                              NIST/C+   
  3960.286   23.0051     1.847    -2.133                                 KURHFS 
  3960.286   23.0051     1.847    -2.388                                 KURHFS 
  3960.286   23.0051     1.847    -2.418                                 KURHFS 
  3960.287   23.0051     1.847    -1.854                                 KURHFS 
  3960.287   23.0051     1.847    -1.945                                 KURHFS 
  3960.287   23.0051     1.847    -2.000                                 KURHFS 
  3960.287   23.0051     1.847    -2.388                                 KURHFS 
  3960.287   23.0051     1.847    -2.439                                 KURHFS 
  3960.287   23.0051     1.847    -2.564                                 KURHFS 
  3960.288   23.0051     1.847    -1.745                                 KURHFS 
  3960.288   23.0051     1.847    -1.832                                 KURHFS 
  3960.288   23.0051     1.847    -2.786                                 KURHFS 
  3960.289   23.0051     1.847    -1.547                                 KURHFS 
  3960.289   23.0051     1.847    -1.886                                 KURHFS 
  3960.289   23.0051     1.847    -3.196                                 KURHFS 
  3960.290   23.0051     1.847    -1.383                                 KURHFS 
  3960.290   23.0051     1.847    -2.082                                 KURHFS 
  3960.291   23.0051     1.847    -1.242                                 KURHFS 
  3960.299      28.0     3.844     -1.55                                        
  3960.308      24.0     3.090     -2.68                                        
  3960.313      26.0     3.879     -3.86                                        
  3960.333      90.1     1.642     -0.78                                        
  3960.336 106.00112     0.270    -7.329               3.464            AX10P115
  3960.366      23.1     3.325     -2.85                                        
  3960.369      58.1     0.739     -0.76                                        
  3960.482      76.0     3.010     -0.18                                        
  3960.506 106.00113     0.487    -8.326               3.464            AX21P085
  3960.510      62.0     0.101     -2.23                                        
  3960.514 607.01214     2.853    -0.741               7.724          1212Pb0115
  3960.531      25.0     3.376     -6.58                                        
  3960.538 106.00112     0.752    -4.662               3.464            AX32P065
  3960.547 607.01214     2.853    -3.177               7.724          1212Qc0115
  3960.559 106.00112     0.490    -8.354               3.464            AX21P085
  3960.570 106.00113     1.039    -5.074               3.464            AX32R145
  3960.593 106.00113     1.039    -3.143               3.464            AX32Q145
  3960.602 106.00112     0.752    -5.589               3.464            AX32Q065
  3960.604 106.00113     1.039    -3.049               3.464            AX32Q155
  3960.627 106.00113     1.039    -5.786               3.464            AX32P155
  3960.724      24.1     4.916     -5.22                                        
  3960.739 607.01214     2.853    -0.704               7.724          1212Pa0125
  3960.757      24.0     2.707     -1.68                                        
  3960.836 106.00113     0.269    -7.329               3.464            AX10P115
  3960.859 106.00112     0.752    -4.661               3.464            AX32P065
  3960.865 106.00112     0.752    -4.595               3.464            AX32P075
  3960.884      22.1     4.965     -2.54                                        
  3960.899      26.1     7.264     -1.42                                        
  3960.904      23.0     2.579     -5.19                                        
  3960.909      58.1     0.322     -0.36                              Lawler09  
  3960.922 106.00113     0.750    -4.662               3.464            AX32P065
  3960.923 106.00112     0.752    -5.602               3.464            AX32Q065
  3960.949      24.0     3.884     -4.34                                        
  3960.967 106.00112     1.334    -8.987               3.464            CX03R155
  3960.986 106.00113     0.750    -5.589               3.464            AX32Q065
  3960.988   27.0059     2.628    -1.344                                 LAWHFS 
  3960.989      41.0     1.612     -0.89                                        
  3960.991   27.0059     2.628    -1.811                                 LAWHFS 
