a line list in the range:    4049.00   4061.00
  4049.014      42.0     3.209     -2.04                                        
  4049.017      23.1     3.793     -1.48                                        
  4049.032   27.0059     1.048    -5.258                                 KURHFS 
  4049.033 106.00113     1.770    -4.466               3.464            AX43Q235
  4049.035      45.0     1.675     -1.35                                        
  4049.037      24.0     4.437     -2.50                                        
  4049.044   27.0059     1.048    -5.258                                 KURHFS 
  4049.044   27.0059     1.048    -5.434                                 KURHFS 
  4049.062   27.0059     1.048    -5.094                                 KURHFS 
  4049.062   27.0059     1.048    -5.559                                 KURHFS 
  4049.062   27.0059     1.048    -5.684                                 KURHFS 
  4049.087   27.0059     1.048    -5.086                                 KURHFS 
  4049.087   27.0059     1.048    -5.120                                 KURHFS 
  4049.087   27.0059     1.048    -6.112                                 KURHFS 
  4049.096 607.01214     3.321    -3.440               7.724          1414Qc0185
  4049.097      24.1     6.479     -0.86                                        
  4049.104 607.01214     3.321    -0.594               7.724          1414Pb0185
  4049.116   25.0055     3.841    -4.004                                 KURHFS 
  4049.116   25.0055     3.841    -4.782                                 KURHFS 
  4049.117   27.0059     1.048    -4.837                                 KURHFS 
  4049.117   27.0059     1.048    -5.247                                 KURHFS 
  4049.132   25.0055     3.841    -4.267                                 KURHFS 
  4049.132   25.0055     3.841    -4.619                                 KURHFS 
  4049.132   25.0055     3.841    -4.782                                 KURHFS 
  4049.144 106.00113     1.747    -8.394               3.464            CX14R175
  4049.145   25.0055     3.841    -4.598                                 KURHFS 
  4049.145   25.0055     3.841    -4.614                                 KURHFS 
  4049.145   25.0055     3.841    -4.619                                 KURHFS 
  4049.145 106.00113     1.770    -7.253               3.464            AX53P225
  4049.153   27.0059     1.048    -4.621                                 KURHFS 
  4049.156   25.0055     3.841    -4.614                                 KURHFS 
  4049.156   25.0055     3.841    -4.716                                 KURHFS 
  4049.156   25.0055     3.841    -5.045                                 KURHFS 
  4049.162   25.0055     3.841    -4.716                                 KURHFS 
  4049.162   25.0055     3.841    -4.978                                 KURHFS 
  4049.162   25.0055     3.841    -5.744                                 KURHFS 
  4049.165 607.01214     3.321    -0.572               7.724          1414Pa0195
  4049.166   25.0055     3.841    -4.978                                 KURHFS 
  4049.166 106.00112     1.654    -9.355               3.464            CX03R205
  4049.176 106.00112     1.382    -4.540               3.464            AX43R155
  4049.194      64.0     0.937      0.27                                        
  4049.201 106.00112     1.382    -2.362               3.464            AX43Q165
  4049.202 106.00113     0.892    -9.315               3.464            AX21P175
  4049.224 106.00112     1.382    -2.435               3.464            AX43Q155
  4049.234 106.00112     1.654    -5.270               3.464            CX03Q215
  4049.249 106.00112     1.382    -4.893               3.464            AX43P165
  4049.284 106.00112     1.654    -5.335               3.464            CX03Q205
  4049.327      26.0     2.588     -2.44                              NIST/B    
  4049.328 106.00112     0.896    -9.315               3.464            AX21P175
  4049.334      20.0     2.930     -2.08                                        
  4049.352 106.00112     1.654    -8.870               3.464            CX03P215
  4049.361 106.00113     1.607    -4.871               3.464            AX54R155
  4049.362      58.1     0.634     -1.31                              Lawler09  
  4049.363      66.0     0.512     -0.53                                        
  4049.393      22.0     2.133     -1.11                                        
  4049.414      44.0     1.865     -0.95                                        
  4049.417 106.00113     1.435    -5.549               3.464            AX21Q255
  4049.420      64.1     0.662     -0.08                              DenHarto06
  4049.422      25.0     3.769     -1.45                                        
  4049.424 106.00112     1.255    -5.251               3.464            AX32Q185
  4049.446      72.1     2.209     -0.54                                        
  4049.455 106.00113     1.435    -3.694               3.464            AX21P265
  4049.485      68.1     0.000     -1.59                                        
  4049.490 106.00112     1.255    -3.575               3.464            AX32P185
  4049.509 106.00112     1.255    -3.475               3.464            AX32P195
  4049.544 106.00113     1.662    -4.032               3.464            AX10P325
  4049.555 106.00112     0.580    -1.338               3.464            BX00P175
  4049.559   25.0055     3.841    -3.535                                 KURHFS 
  4049.559   25.0055     3.841    -4.453                                 KURHFS 
  4049.559   25.0055     3.841    -5.670                                 KURHFS 
  4049.560      62.1     0.248     -1.76                              Lawler06  
  4049.561 106.00113     1.435    -3.869               3.464            AX21P255
  4049.575   25.0055     3.841    -3.675                                 KURHFS 
  4049.575   25.0055     3.841    -4.277                                 KURHFS 
  4049.575   25.0055     3.841    -5.318                                 KURHFS 
  4049.588   25.0055     3.841    -3.833                                 KURHFS 
  4049.588   25.0055     3.841    -4.251                                 KURHFS 
  4049.588   25.0055     3.841    -5.193                                 KURHFS 
  4049.598   25.0055     3.841    -4.017                                 KURHFS 
  4049.598   25.0055     3.841    -4.318                                 KURHFS 
  4049.598   25.0055     3.841    -5.272                                 KURHFS 
  4049.605   25.0055     3.841    -4.239                                 KURHFS 
  4049.605   25.0055     3.841    -4.494                                 KURHFS 
  4049.609   25.0055     3.841    -4.524                                 KURHFS 
  4049.612      42.0     2.595     -1.76                                        
  4049.618 106.00112     1.071    -4.400               3.464            AX00R255
  4049.622 106.00112     1.666    -4.996               3.464            CX25R085
  4049.624 106.00112     0.580    -6.568               3.464            BX00Q175
  4049.646 106.00113     1.662    -5.946               3.464            AX10Q315
  4049.666      23.1     6.037     -4.58                                        
  4049.692 106.00112     1.666    -4.914               3.464            CX25R095
  4049.713      28.0     3.703     -2.65                                        
  4049.715 106.00112     0.580    -1.341               3.464            BX00P185
  4049.727   23.0051     2.377    -3.946                                 KURHFS 
  4049.727   23.0051     2.377    -4.572                                 KURHFS 
  4049.727   23.0051     2.377    -5.437                                 KURHFS 
  4049.733   23.0051     2.377    -4.162                                 KURHFS 
  4049.733   23.0051     2.377    -4.411                                 KURHFS 
  4049.733   23.0051     2.377    -5.009                                 KURHFS 
  4049.738   23.0051     2.377    -4.419                                 KURHFS 
  4049.738   23.0051     2.377    -4.445                                 KURHFS 
  4049.738   23.0051     2.377    -4.759                                 KURHFS 
  4049.742   23.0051     2.377    -4.583                                 KURHFS 
  4049.742   23.0051     2.377    -4.583                                 KURHFS 
  4049.742   23.0051     2.377    -4.884                                 KURHFS 
  4049.748      24.0     3.077     -4.26                                        
  4049.748      24.0     4.614     -2.00                                        
  4049.756      41.0     1.629     -0.20                                        
  4049.758 106.00112     1.666    -8.081               3.464            CX25Q095
  4049.771      26.0     3.637     -3.29                                        
  4049.774      24.0     3.847     -0.75                                        
  4049.775 106.00112     1.529    -4.875               3.464            AX54R135
  4049.776 106.00113     1.662    -4.313               3.464            AX10P315
  4049.788      25.1     4.932     -3.90                                        
  4049.803 106.00113     0.357    -2.178               3.464            BX11P025
  4049.812      62.1     0.000     -1.29                                        
  4049.816 106.00113     0.357    -5.476               3.464            BX11Q025
  4049.850      64.1     0.990      0.48                              DenHarto06
  4049.871   27.0059     2.135    -6.066                                 KURHFS 
  4049.875   27.0059     2.135    -5.786                                 KURHFS 
  4049.875   27.0059     2.135    -6.066                                 KURHFS 
  4049.875   27.0059     2.135    -7.087                                 KURHFS 
  4049.885   27.0059     2.135    -5.648                                 KURHFS 
  4049.885   27.0059     2.135    -5.786                                 KURHFS 
  4049.885   27.0059     2.135    -6.388                                 KURHFS 
  4049.899   27.0059     2.135    -5.582                                 KURHFS 
  4049.899   27.0059     2.135    -5.648                                 KURHFS 
  4049.899   27.0059     2.135    -5.941                                 KURHFS 
  4049.912 106.00112     0.776    -5.058               3.464            BX10P205
  4049.917   27.0059     2.135    -5.575                                 KURHFS 
  4049.917   27.0059     2.135    -5.582                                 KURHFS 
  4049.917   27.0059     2.135    -5.610                                 KURHFS 
  4049.940   27.0059     2.135    -5.347                                 KURHFS 
  4049.940   27.0059     2.135    -5.575                                 KURHFS 
  4049.940   27.0059     2.135    -5.640                                 KURHFS 
  4049.945      90.0     0.457     -1.04                                        
  4049.968   27.0059     2.135    -5.128                                 KURHFS 
  4049.968   27.0059     2.135    -5.640                                 KURHFS 
  4049.968   27.0059     2.135    -5.844                                 KURHFS 
  4049.990 106.00113     1.250    -5.251               3.464            AX32Q185
  4050.000   27.0059     2.135    -4.941                                 KURHFS 
  4050.000   27.0059     2.135    -5.844                                 KURHFS 
  4050.021 106.00113     1.419    -8.881               3.464            CX14Q105
  4050.022      24.0     2.542     -2.06                                        
  4050.023 106.00113     1.250    -3.575               3.464            AX32P185
  4050.041      92.1     0.000     -0.71                              Nils02/7% 
  4050.059 106.00112     1.716    -7.713               3.464            AX53P215
  4050.067 106.00113     1.250    -3.474               3.464            AX32P195
  4050.073      57.1     1.954      0.11                                        
  4050.090      42.0     2.596     -1.55                                        
  4050.130 607.01214     3.329    -3.463               7.724          1414Qc0195
  4050.138      24.0     4.436     -2.31                                        
  4050.141 607.01214     3.329    -0.572               7.724          1414Pb0195
  4050.147 106.00113     1.419    -5.665               3.464            CX14R095
  4050.170 607.01214     3.329    -0.551               7.724          1414Pa0205
  4050.192      42.0     2.678     -2.63                                        
  4050.275 106.00113     1.419    -5.574               3.464            CX14R105
  4050.288      25.0     4.317     -0.88                                        
  4050.320      40.1     0.713     -1.06                                Ljung06 
  4050.346      22.0     2.115     -2.23                                        
  4050.358      20.0     4.621     -2.82                                        
  4050.366      64.0     0.948      0.28                                        
  4050.375      25.0     4.317     -1.30                                        
  4050.388   23.0051     1.954    -3.931                                 KURHFS 
  4050.394   23.0051     1.954    -3.813                                 KURHFS 
  4050.394   23.0051     1.954    -4.383                                 KURHFS 
  4050.402   23.0051     1.954    -3.695                                 KURHFS 
  4050.402   23.0051     1.954    -4.172                                 KURHFS 
  4050.402   23.0051     1.954    -5.383                                 KURHFS 
  4050.414   23.0051     1.954    -3.583                                 KURHFS 
  4050.414   23.0051     1.954    -4.076                                 KURHFS 
  4050.414   23.0051     1.954    -5.176                                 KURHFS 
  4050.428   23.0051     1.954    -3.479                                 KURHFS 
  4050.428   23.0051     1.954    -4.040                                 KURHFS 
  4050.428   23.0051     1.954    -5.148                                 KURHFS 
  4050.444   23.0051     1.954    -3.383                                 KURHFS 
  4050.444   23.0051     1.954    -4.056                                 KURHFS 
  4050.444   23.0051     1.954    -5.228                                 KURHFS 
  4050.450      42.0     2.621     -2.23                                        
  4050.464      40.0     0.542     -1.02                                        
  4050.464   23.0051     1.954    -3.293                                 KURHFS 
  4050.464   23.0051     1.954    -4.138                                 KURHFS 
  4050.464   23.0051     1.954    -5.420                                 KURHFS 
  4050.475 106.00113     0.358    -2.126               3.464            BX11P035
  4050.486   23.0051     1.954    -3.209                                 KURHFS 
  4050.486   23.0051     1.954    -4.356                                 KURHFS 
  4050.486   23.0051     1.954    -5.809                                 KURHFS 
  4050.501      23.0     3.264     -4.35                                        
  4050.541      26.0     4.309     -3.44                                        
  4050.551 106.00112     1.442    -5.549               3.464            AX21Q255
  4050.570      66.1     0.590     -0.47                              Wickliff00
  4050.610 106.00112     1.442    -3.694               3.464            AX21P265
  4050.613      25.1     5.344     -5.28                                        
  4050.620      62.1     0.659     -1.56                              Lawler06  
  4050.629      29.0     5.720     -1.52                                        
  4050.634 106.00112     1.442    -3.868               3.464            AX21P255
  4050.649 106.00112     1.324    -8.081               3.464            CX14R065
  4050.674      26.0     4.188     -1.14                                        
  4050.685 106.00112     0.359    -2.177               3.464            BX11P025
  4050.695 106.00112     0.359    -5.476               3.464            BX11Q025
  4050.716      21.1     6.903     -1.28                                        
  4050.729      24.0     4.407     -4.03                                        
  4050.732      26.0     4.317     -3.70                                        
  4050.736      25.0     5.345     -2.52                                        
  4050.746 106.00113     1.065    -4.400               3.464            AX00R255
  4050.816      58.1     0.875     -0.73                                        
  4050.927      26.0     4.188     -2.57                                        
  4050.936      23.0     3.129     -3.18                                        
  4050.937   23.0051     2.129    -1.375                                 LAWLER 
  4050.937   23.0051     2.129    -1.596                                 LAWLER 
  4050.938   23.0051     2.129    -1.272                                 LAWLER 
  4050.939   23.0051     2.129    -1.229                                 LAWLER 
  4050.940   23.0051     2.129    -1.400                                 LAWLER 
  4050.941   23.0051     2.129    -1.240                                 LAWLER 
  4050.941   23.0051     2.129    -1.386                                 LAWLER 
  4050.943   23.0051     2.129    -1.248                                 LAWLER 
  4050.944   23.0051     2.129    -1.317                                 LAWLER 
  4050.944   23.0051     2.129    -1.596                                 LAWLER 
  4050.946      25.0     5.108     -2.60                                        
  4050.946   23.0051     2.129    -1.081                                 LAWLER 
  4050.948   23.0051     2.129    -1.375                                 LAWLER 
  4050.948   23.0051     2.129    -1.532                                 LAWLER 
  4050.950   23.0051     2.129    -0.912                                 LAWLER 
  4050.952   23.0051     2.129    -1.272                                 LAWLER 
  4050.954   23.0051     2.129    -0.753                                 LAWLER 
  4050.957   23.0051     2.129    -1.229                                 LAWLER 
  4050.959   23.0051     2.129    -0.605                                 LAWLER 
  4050.963   23.0051     2.129    -1.240                                 LAWLER 
  4050.965   23.0051     2.129    -0.469                                 LAWLER 
  4050.970   23.0051     2.129    -1.317                                 LAWLER 
  4050.977   23.0051     2.129    -1.532                                 LAWLER 
  4050.982      20.1     7.042     -5.02                                        
  4050.997      25.0     4.791     -3.02                                        
  4051.039 106.00113     0.894    -9.367               3.464            AX21P175
  4051.045      23.1     1.803     -1.97                               LAWNOHFS 
  4051.138      24.0     4.437     -2.48                                        
  4051.140      60.1     0.380     -0.30                              DenHarto03
  4051.172      28.0     4.102     -1.30                                        
  4051.180      42.0     3.903     -0.43                              NIST/B    
  4051.191       6.0     7.940     -3.93                                        
  4051.193 607.01214     3.338    -3.485               7.724          1414Qc0205
  4051.195 106.00112     0.898    -9.367               3.464            AX21P175
  4051.205 607.01214     3.338    -0.551               7.724          1414Pb0205
  4051.212      26.1     5.566     -2.99                                        
  4051.213      26.0     3.299     -2.93                                        
  4051.235 607.01214     3.338    -0.531               7.724          1414Pa0215
  4051.243   25.0055     2.918    -3.393                                 KURHFS 
  4051.243   25.0055     2.918    -4.311                                 KURHFS 
  4051.243   25.0055     2.918    -5.528                                 KURHFS 
  4051.246   25.0055     2.918    -3.533                                 KURHFS 
  4051.246   25.0055     2.918    -4.135                                 KURHFS 
  4051.246   25.0055     2.918    -5.176                                 KURHFS 
  4051.248   25.0055     2.918    -3.691                                 KURHFS 
  4051.248   25.0055     2.918    -4.109                                 KURHFS 
  4051.248   25.0055     2.918    -5.051                                 KURHFS 
  4051.249   25.0055     2.918    -3.875                                 KURHFS 
  4051.249   25.0055     2.918    -4.176                                 KURHFS 
  4051.249   25.0055     2.918    -5.130                                 KURHFS 
  4051.250   25.0055     2.918    -4.097                                 KURHFS 
  4051.250   25.0055     2.918    -4.352                                 KURHFS 
  4051.251   25.0055     2.918    -4.382                                 KURHFS 
  4051.269 106.00112     1.279    -4.558               3.464            AX54R035
  4051.286      23.1     3.800     -0.49                                        
  4051.287 106.00112     1.671    -4.031               3.464            AX10P325
  4051.289   23.0051     2.136    -0.787                                 KURHFS 
  4051.289   23.0051     2.136    -1.357                                 KURHFS 
  4051.297   23.0051     2.136    -0.761                                 KURHFS 
  4051.297   23.0051     2.136    -1.136                                 KURHFS 
  4051.297   23.0051     2.136    -1.357                                 KURHFS 
  4051.307   23.0051     2.136    -0.680                                 KURHFS 
  4051.307   23.0051     2.136    -1.039                                 KURHFS 
  4051.307   23.0051     2.136    -1.136                                 KURHFS 
  4051.315      26.0     4.073     -2.02                                        
  4051.319   23.0051     2.136    -0.575                                 KURHFS 
  4051.319   23.0051     2.136    -1.004                                 KURHFS 
  4051.319   23.0051     2.136    -1.039                                 KURHFS 
  4051.320 106.00112     1.279    -4.546               3.464            AX54R035
  4051.335   23.0051     2.136    -0.462                                 KURHFS 
  4051.335   23.0051     2.136    -1.004                                 KURHFS 
  4051.335   23.0051     2.136    -1.022                                 KURHFS 
  4051.340      28.1     6.324     -5.50                                        
  4051.343      26.0     3.249     -5.15                                        
  4051.352   23.0051     2.136    -0.348                                 KURHFS 
  4051.352   23.0051     2.136    -1.022                                 KURHFS 
  4051.352   23.0051     2.136    -1.106                                 KURHFS 
  4051.358 106.00112     0.359    -2.126               3.464            BX11P035
  4051.365 106.00112     1.671    -5.945               3.464            AX10Q315
  4051.372       6.0     7.940     -4.06                                        
  4051.373   23.0051     2.136    -0.237                                 KURHFS 
  4051.373   23.0051     2.136    -1.106                                 KURHFS 
  4051.373   23.0051     2.136    -1.327                                 KURHFS 
  4051.381 106.00112     1.256    -3.475               3.464            AX32P195
  4051.387 106.00112     1.256    -5.283               3.464            AX32Q185
  4051.391      44.0     1.087     -0.31                                        
  4051.396   23.0051     2.136    -0.130                                 KURHFS 
  4051.396   23.0051     2.136    -1.327                                 KURHFS 
  4051.424      58.1     0.634     -0.73                              Lawler09  
  4051.435      76.0     2.009     -1.34                                        
  4051.453 106.00112     1.256    -3.575               3.464            AX32P185
  4051.461      24.0     3.085     -3.18                                        
  4051.499 106.00113     1.562    -7.196               3.464            CX25R045
  4051.503 106.00112     1.671    -4.313               3.464            AX10P315
  4051.508      41.0     1.156     -0.67                                        
  4051.751      26.1     7.264     -3.31                                        
  4051.803      62.0     0.498     -1.18                                        
  4051.857 106.00113     1.251    -3.475               3.464            AX32P195
  4051.877 106.00113     1.251    -5.283               3.464            AX32Q185
  4051.887      26.0     4.257     -2.71                                        
  4051.905      26.0     3.400     -1.49                              Ruffoni14 
  4051.912      92.1     0.652     -0.54                                        
  4051.916      26.0     4.584     -1.07                              PK15THEOR 
  4051.936      24.1     3.104     -2.29                              Lawler17  
  4051.942 106.00113     1.772    -1.997               3.464            AX43R235
  4051.985      22.0     1.732     -3.94                                        
  4051.985 106.00113     1.251    -3.575               3.464            AX32P185
  4051.990      58.1     0.739     -0.76                              Lawler09  
  4051.993 106.00113     0.408    -1.866               3.464            BX11Q055
  4052.004 106.00113     1.168    -3.406               3.464            AX43P105
  4052.013      26.0     3.265     -2.75                                        
  4052.015 106.00113     1.168    -4.836               3.464            AX43Q105
  4052.020 106.00113     0.408    -4.479               3.464            BX11R055
  4052.030 106.00113     1.772    -4.430               3.464            AX43Q235
  4052.040      22.0     2.343     -4.19                                        
  4052.049 106.00113     1.635    -8.068               3.464            CX25Q085
  4052.068 106.00113     1.635    -5.082               3.464            CX25R075
  4052.079 106.00112     1.754    -8.393               3.464            CX14R175
  4052.085 106.00113     1.772    -2.053               3.464            AX43R225
  4052.137      22.0     1.738     -3.62                                        
  4052.159 106.00112     1.754    -4.496               3.464            CX14Q185
  4052.171 106.00113     1.168    -3.339               3.464            AX43P115
  4052.180 106.00112     1.754    -4.576               3.464            CX14Q175
  4052.189 106.00113     1.772    -7.315               3.464            AX53P225
  4052.194      44.0     1.122     -1.32                                        
  4052.218 106.00113     1.635    -4.996               3.464            CX25R085
  4052.245      26.0     3.639     -3.82                                        
  4052.260 106.00112     1.754    -8.124               3.464            CX14P185
  4052.275      26.0     4.217     -2.29                                        
  4052.286 607.01214     3.347    -3.507               7.724          1414Qc0215
  4052.290      62.1     0.184     -2.49                              Lawler06  
  4052.291      70.0     2.442     -0.47                                        
  4052.293      26.0     3.366     -2.21                                        
  4052.294      25.0     4.602     -2.22                                        
  4052.297 106.00113     0.408    -4.331               3.464            BX11P065
  4052.298 607.01214     3.347    -0.532               7.724          1414Pb0215
  4052.315      26.0     3.632     -2.29                                        
  4052.321 106.00113     0.408    -1.815               3.464            BX11Q065
  4052.329 607.01214     3.347    -0.513               7.724          1414Pa0225
  4052.383      29.0     5.773     -1.78                                        
  4052.439      26.0     3.281     -2.04                                        
  4052.439 106.00112     1.718    -7.773               3.464            AX53P215
  4052.448      23.0     0.040     -3.03                               LAWNOHFS 
  4052.472      25.0     4.350     -0.13                                        
  4052.475 106.00112     1.716    -2.046               3.464            AX43R225
  4052.503 106.00112     1.716    -2.107               3.464            AX43R215
  4052.553      20.0     2.930     -7.38                                        
  4052.572 106.00112     1.716    -4.498               3.464            AX43Q225
  4052.645      20.0     4.677     -4.68                                        
  4052.652      26.0     3.045     -3.07                                        
  4052.656   23.0051     2.364    -5.254                                 KURHFS 
  4052.656   23.0051     2.364    -5.509                                 KURHFS 
  4052.656   23.0051     2.364    -5.539                                 KURHFS 
  4052.657   23.0051     2.364    -5.066                                 KURHFS 
  4052.657   23.0051     2.364    -5.509                                 KURHFS 
  4052.657   23.0051     2.364    -5.560                                 KURHFS 
  4052.659   23.0051     2.364    -4.975                                 KURHFS 
  4052.659   23.0051     2.364    -5.121                                 KURHFS 
  4052.659   23.0051     2.364    -5.685                                 KURHFS 
  4052.661   23.0051     2.364    -4.866                                 KURHFS 
  4052.661   23.0051     2.364    -4.953                                 KURHFS 
  4052.661   23.0051     2.364    -5.907                                 KURHFS 
  4052.663   23.0051     2.364    -4.668                                 KURHFS 
  4052.663   23.0051     2.364    -5.007                                 KURHFS 
  4052.663   23.0051     2.364    -6.317                                 KURHFS 
  4052.666   23.0051     2.364    -4.504                                 KURHFS 
  4052.666   23.0051     2.364    -5.203                                 KURHFS 
  4052.670   23.0051     2.364    -4.363                                 KURHFS 
  4052.673      24.0     4.413     -3.25                                        
  4052.673 106.00113     1.438    -3.694               3.464            AX21P265
  4052.717 106.00113     1.438    -5.590               3.464            AX21Q255
  4052.720      26.0     3.239     -1.54                                        
  4052.736      23.0     2.606     -5.86                                        
  4052.747 106.00113     1.169    -3.406               3.464            AX43P105
  4052.758 106.00113     1.169    -4.856               3.464            AX43Q105
  4052.832 106.00113     1.438    -3.869               3.464            AX21P255
  4052.836 106.00113     1.425    -4.500               3.464            AX43R165
  4052.840      65.1     0.439     -0.86                              Lawler01  
  4052.867 106.00113     1.169    -3.339               3.464            AX43P115
  4052.882 106.00113     1.425    -2.364               3.464            AX43Q165
  4052.893 106.00112     0.687    -5.161               3.464            BX11R145
  4052.920 106.00113     1.425    -2.292               3.464            AX43Q175
  4052.926      22.0     2.173     -0.72                                        
  4052.936 106.00112     0.409    -1.866               3.464            BX11Q055
  4052.959 106.00112     0.409    -4.479               3.464            BX11R055
  4052.966 106.00113     1.425    -4.888               3.464            AX43P175
  4053.020      92.1     0.217     -1.45                                        
  4053.081      26.0     3.265     -5.58                                        
  4053.110 106.00113     0.839    -7.723               3.464            AX10P215
  4053.195      25.1     4.932     -4.30                                        
  4053.200 106.00112     0.844    -7.723               3.464            AX10P215
  4053.240 106.00112     0.410    -4.331               3.464            BX11P065
  4053.248      20.0     4.677     -5.93                                        
  4053.250      23.0     1.892     -0.92                               LAWNOHFS 
  4053.263 106.00112     0.410    -1.815               3.464            BX11Q065
  4053.265      25.1     5.102     -4.58                                        
  4053.290      64.1     1.232      0.23                              DenHarto06
  4053.321      24.1     6.600     -4.38                                        
  4053.380      23.0     1.941     -1.70                                        
  4053.408 607.01214     3.356    -3.527               7.724          1414Qc0225
  4053.421 607.01214     3.356    -0.513               7.724          1414Pb0225
  4053.426      24.1     3.103     -3.37                                        
  4053.426      26.0     3.651     -2.48                                        
  4053.440      45.0     1.365     -1.86                              DL85/NI/C+
  4053.453 607.01214     3.356    -0.495               7.724          1414Pa0235
  4053.503      58.1     0.000     -0.61                              Lawler09  
  4053.528      90.0     0.966     -0.32                                        
  4053.587      23.1     3.796     -0.32                                        
  4053.640      64.0     0.124      0.30                                        
  4053.646   23.0051     1.217    -4.244                                 KURHFS 
  4053.646   23.0051     1.217    -4.499                                 KURHFS 
  4053.647   23.0051     1.217    -4.045                                 KURHFS 
  4053.647   23.0051     1.217    -4.244                                 KURHFS 
  4053.647   23.0051     1.217    -6.152                                 KURHFS 
  4053.649   23.0051     1.217    -3.981                                 KURHFS 
  4053.649   23.0051     1.217    -4.045                                 KURHFS 
  4053.649   23.0051     1.217    -4.909                                 KURHFS 
  4053.652   23.0051     1.217    -3.981                                 KURHFS 
  4053.652   23.0051     1.217    -4.012                                 KURHFS 
  4053.652   23.0051     1.217    -4.192                                 KURHFS 
  4053.655   23.0051     1.217    -3.786                                 KURHFS 
  4053.655   23.0051     1.217    -4.012                                 KURHFS 
  4053.655   23.0051     1.217    -4.193                                 KURHFS 
  4053.658      25.0     4.709     -3.30                                        
  4053.659   23.0051     1.217    -3.494                                 KURHFS 
  4053.659   23.0051     1.217    -4.193                                 KURHFS 
  4053.669 106.00113     1.243    -9.798               3.464            CX03Q135
  4053.688      24.1     6.573     -4.28                                        
  4053.724      22.1     5.055     -1.58                                        
  4053.773      23.0     2.636     -3.15                                        
  4053.807 106.00112     1.445    -3.694               3.464            AX21P265
  4053.821      22.1     1.891     -1.07                                 LAWLER 
  4053.822      26.0     3.069     -3.16                                        
  4053.828 106.00112     1.424    -5.665               3.464            CX14R095
  4053.836      66.0     0.512     -0.28                                        
  4053.854      23.0     1.941     -6.22                                        
  4053.864 106.00112     1.445    -5.590               3.464            AX21Q255
  4053.873      67.0     0.000      0.81                                        
  4053.886 106.00112     1.424    -5.573               3.464            CX14R105
  4053.901   27.0059     2.326    -2.951                                 KURHFS 
  4053.907   27.0059     2.326    -3.428                                 KURHFS 
  4053.914   27.0059     2.326    -3.097                                 KURHFS 
  4053.920   27.0059     2.326    -2.951                                 KURHFS 
  4053.933      74.0     1.855     -0.88                                        
  4053.948 106.00112     1.424    -8.881               3.464            CX14Q105
  4053.948 106.00112     1.445    -3.869               3.464            AX21P255
  4053.949 106.00113     1.244    -6.279               3.464            CX03R125
  4053.957 106.00112     1.172    -3.406               3.464            AX43P105
  4053.963 106.00112     1.172    -4.836               3.464            AX43Q105
  4054.024 106.00113     1.243    -6.227               3.464            CX03R135
  4054.031      23.1     1.554     -4.08                                        
  4054.051      44.0     1.087     -0.79                                        
  4054.053      25.1     4.933     -3.71                                        
  4054.075 106.00112     0.992    -4.456               3.464            AX00R245
  4054.079      24.1     3.105     -2.56                              Lawler17  
  4054.123 106.00112     1.172    -3.338               3.464            AX43P115
  4054.135      22.0     1.748     -4.26                                        
  4054.138      20.1     7.044     -4.06                                        
  4054.177      26.0     3.266     -2.02                              NIST/D    
  4054.220 106.00113     1.261    -4.208               3.464            AX54R015
  4054.222 106.00113     1.261    -4.202               3.464            AX54R015
  4054.258      23.0     2.614     -4.24                                        
  4054.305      92.1     0.778     -0.67                                        
  4054.311      20.1     7.042     -4.32                                        
  4054.316   23.0051     3.113    -4.852                                 KURHFS 
  4054.316   23.0051     3.113    -5.692                                 KURHFS 
  4054.316   23.0051     3.113    -6.806                                 KURHFS 
  4054.319   23.0051     3.113    -4.993                                 KURHFS 
  4054.319   23.0051     3.113    -5.496                                 KURHFS 
  4054.319   23.0051     3.113    -6.396                                 KURHFS 
  4054.322   23.0051     3.113    -5.157                                 KURHFS 
  4054.322   23.0051     3.113    -5.442                                 KURHFS 
  4054.322   23.0051     3.113    -6.174                                 KURHFS 
  4054.324   23.0051     3.113    -5.355                                 KURHFS 
  4054.324   23.0051     3.113    -5.464                                 KURHFS 
  4054.324   23.0051     3.113    -6.049                                 KURHFS 
  4054.325   23.0051     3.113    -5.555                                 KURHFS 
  4054.325   23.0051     3.113    -5.610                                 KURHFS 
  4054.325   23.0051     3.113    -5.998                                 KURHFS 
  4054.326   23.0051     3.113    -5.743                                 KURHFS 
  4054.326   23.0051     3.113    -5.998                                 KURHFS 
  4054.326   23.0051     3.113    -6.028                                 KURHFS 
  4054.413      26.0     3.289     -4.61                                        
  4054.416      24.0     3.123     -8.91                                        
  4054.446      40.0     0.154     -1.62                                        
  4054.451      71.0     0.512     -0.65                                        
  4054.455      24.0     3.090     -4.69                                        
  4054.508   21.0045     0.000    -2.478                                 KURHFS 
  4054.508   21.0045     0.000    -2.654                                 KURHFS 
  4054.512   21.0045     0.000    -2.353                                 KURHFS 
  4054.512   21.0045     0.000    -2.478                                 KURHFS 
  4054.516 106.00112     1.721    -4.609               3.464            AX32R255
  4054.518   21.0045     0.000    -2.353                                 KURHFS 
  4054.518   21.0045     0.000    -2.467                                 KURHFS 
  4054.518   21.0045     0.000    -2.672                                 KURHFS 
  4054.526   21.0045     0.000    -2.056                                 KURHFS 
  4054.526   21.0045     0.000    -2.467                                 KURHFS 
  4054.534   21.0045     0.000    -1.556                                 KURHFS 
  4054.534 106.00113     1.426    -4.521               3.464            AX43R165
  4054.539   21.0045     0.000    -1.535                                 KURHFS 
  4054.539   21.0045     0.000    -2.012                                 KURHFS 
  4054.545   21.0045     0.000    -1.535                                 KURHFS 
  4054.545   21.0045     0.000    -1.681                                 KURHFS 
  4054.546 106.00113     1.426    -2.293               3.464            AX43Q175
  4054.552   21.0045     0.000    -1.214                                 KURHFS 
  4054.560 607.01214     3.366    -3.547               7.724          1414Qc0235
  4054.571      25.1     5.103     -5.87                                        
  4054.573 607.01214     3.366    -0.495               7.724          1414Pb0235
  4054.575 106.00112     1.721    -2.082               3.464            AX32Q265
  4054.579   23.0051     2.377    -5.957                                 KURHFS 
  4054.579   23.0051     2.377    -6.368                                 KURHFS 
  4054.584 106.00113     1.426    -2.364               3.464            AX43Q165
  4054.585   23.0051     2.377    -6.254                                 KURHFS 
  4054.585   23.0051     2.377    -6.368                                 KURHFS 
  4054.585   23.0051     2.377    -6.573                                 KURHFS 
  4054.588   27.0059     0.174    -6.846                                 KURHFS 
  4054.589 106.00113     0.556    -2.153               3.464            BX11R105
  4054.590   23.0051     2.377    -6.254                                 KURHFS 
  4054.590   23.0051     2.377    -6.379                                 KURHFS 
  4054.594   23.0051     2.377    -6.379                                 KURHFS 
  4054.594   23.0051     2.377    -6.555                                 KURHFS 
  4054.596   27.0059     0.174    -6.418                                 KURHFS 
  4054.597 106.00113     1.426    -4.869               3.464            AX43P175
  4054.603   27.0059     0.174    -6.168                                 KURHFS 
  4054.605   27.0059     0.174    -5.981                                 KURHFS 
  4054.607 607.01214     3.366    -0.478               7.724          1414Pa0245
  4054.609   27.0059     0.174    -5.992                                 KURHFS 
  4054.610   27.0059     0.174    -5.820                                 KURHFS 
  4054.613   27.0059     0.174    -5.828                                 KURHFS 
  4054.616   27.0059     0.174    -5.992                                 KURHFS 
  4054.625   27.0059     0.174    -5.355                                 KURHFS 
  4054.626   27.0059     0.174    -5.571                                 KURHFS 
  4054.626   27.0059     0.174    -6.293                                 KURHFS 
  4054.627   27.0059     0.174    -5.854                                 KURHFS 
  4054.638 106.00112     1.721    -2.172               3.464            AX32Q255
  4054.688      12.0     4.343     -2.89                                        
  4054.689 106.00112     1.173    -3.406               3.464            AX43P105
  4054.695 106.00112     1.173    -4.855               3.464            AX43Q105
  4054.696 106.00112     1.721    -5.106               3.464            AX32P265
  4054.709      26.0     3.632     -2.47                                        
  4054.722      64.0     0.000     -0.28                                        
  4054.728      25.0     4.675     -2.22                                        
  4054.758 106.00112     1.718    -2.046               3.464            AX43R225
  4054.763 106.00113     0.556    -6.613               3.464            BX11Q115
  4054.785      24.0     4.443     -2.13                                        
  4054.801 106.00112     1.173    -3.338               3.464            AX43P115
  4054.806      26.0     3.394     -0.94                                        
  4054.809 106.00113     0.556    -2.162               3.464            BX11R115
  4054.855 106.00112     1.718    -4.463               3.464            AX43Q225
  4054.856   23.0051     1.948    -4.299                                 KURHFS 
  4054.857      25.0     4.604     -0.24                                        
  4054.858   23.0051     1.948    -4.036                                 KURHFS 
  4054.858   23.0051     1.948    -4.232                                 KURHFS 
  4054.863   23.0051     1.948    -3.832                                 KURHFS 
  4054.863   23.0051     1.948    -4.036                                 KURHFS 
  4054.863   23.0051     1.948    -4.931                                 KURHFS 
  4054.867      26.0     3.417     -1.15                              NIST/B    
  4054.871   23.0051     1.948    -3.662                                 KURHFS 
  4054.871   23.0051     1.948    -3.931                                 KURHFS 
  4054.871   23.0051     1.948    -4.776                                 KURHFS 
  4054.880      59.1     0.216      0.21                                LINOHFS 
  4054.880      60.1     0.380     -1.09                              DenHarto03
  4054.880   23.0051     1.948    -3.516                                 KURHFS 
  4054.880   23.0051     1.948    -3.884                                 KURHFS 
  4054.880   23.0051     1.948    -4.776                                 KURHFS 
  4054.886 106.00112     1.718    -2.107               3.464            AX43R215
  4054.893   23.0051     1.948    -3.387                                 KURHFS 
  4054.893   23.0051     1.948    -3.890                                 KURHFS 
  4054.893   23.0051     1.948    -4.873                                 KURHFS 
  4054.907   23.0051     1.948    -3.271                                 KURHFS 
  4054.907   23.0051     1.948    -3.963                                 KURHFS 
  4054.907   23.0051     1.948    -5.077                                 KURHFS 
  4054.925   23.0051     1.948    -3.166                                 KURHFS 
  4054.925   23.0051     1.948    -4.174                                 KURHFS 
  4054.925   23.0051     1.948    -5.475                                 KURHFS 
  4054.945      26.0     4.549     -2.71                              PK15THEOR 
  4054.952 106.00113     0.841    -5.112               3.464            BX10P225
  4054.987      58.1     0.322     -0.71                                BIEMONT 
  4054.993 106.00113     0.841    -1.387               3.464            BX10Q215
  4054.995      23.0     3.213     -4.10                                        
  4055.011      22.0     1.045     -0.81                                 LAWLER 
  4055.020 106.00113     0.841    -1.125               3.464            BX10Q225
  4055.036      26.0     2.559     -1.92                              NIST/B+   
  4055.036      40.0     0.622     -0.35                                        
  4055.047   23.0051     1.929    -4.445                                 KURHFS 
  4055.054   23.0051     1.929    -4.445                                 KURHFS 
  4055.054   23.0051     1.929    -4.621                                 KURHFS 
  4055.061 106.00113     0.841    -4.659               3.464            BX10R215
  4055.065   23.0051     1.929    -4.281                                 KURHFS 
  4055.065   23.0051     1.929    -4.746                                 KURHFS 
  4055.065   23.0051     1.929    -4.871                                 KURHFS 
  4055.080   23.0051     1.929    -4.273                                 KURHFS 
  4055.080   23.0051     1.929    -4.307                                 KURHFS 
  4055.080   23.0051     1.929    -5.299                                 KURHFS 
  4055.082      26.0     3.684     -3.02                                        
  4055.099   23.0051     1.929    -4.024                                 KURHFS 
  4055.099   23.0051     1.929    -4.434                                 KURHFS 
  4055.112      25.0     4.270     -1.61                                        
  4055.121   23.0051     1.929    -3.808                                 KURHFS 
  4055.128      20.0     5.574     -2.47                                        
  4055.131 106.00112     1.568    -4.915               3.464            AX54R145
  4055.140      66.1     1.220     -0.43                              Wickliff00
  4055.152      58.1     0.808     -0.44                                BIEMONT 
  4055.188      58.1     1.253     -0.36                                        
  4055.214      25.0     4.357     -0.04                                        
  4055.234 106.00113     0.986    -4.456               3.464            AX00R245
  4055.247 106.00113     1.697    -8.140               3.464            CX14P175
  4055.312 106.00113     1.077    -5.861               3.464            AX43P075
  4055.353 106.00113     1.751    -5.785               3.464            AX10Q325
  4055.376 106.00113     1.751    -3.788               3.464            AX10P335
  4055.397      24.0     3.695     -1.71                                        
  4055.407      68.1     0.886     -1.50                              Lawler08  
  4055.464      68.1     0.636     -0.60                              Lawler08  
  4055.472      47.0     3.661     -0.64                                        
  4055.474      26.0     4.253     -2.59                                        
  4055.485 106.00113     1.751    -4.032               3.464            AX10P325
  4055.518   25.0055     2.141    -1.473                                 LAWHFS 
  4055.518   25.0055     2.141    -1.728                                 LAWHFS 
  4055.522   25.0055     2.141    -1.530                                 LAWHFS 
  4055.523   25.0055     2.141    -1.409                                 LAWHFS 
  4055.523   25.0055     2.141    -1.728                                 LAWHFS 
  4055.529   25.0055     2.141    -1.465                                 LAWHFS 
  4055.530   25.0055     2.141    -1.234                                 LAWHFS 
  4055.530   25.0055     2.141    -1.530                                 LAWHFS 
  4055.538   25.0055     2.141    -1.496                                 LAWHFS 
  4055.539   25.0055     2.141    -1.042                                 LAWHFS 
  4055.540   25.0055     2.141    -1.465                                 LAWHFS 
  4055.549   25.0055     2.141    -1.678                                 LAWHFS 
  4055.550   25.0055     2.141    -0.857                                 LAWHFS 
  4055.551   25.0055     2.141    -1.496                                 LAWHFS 
  4055.553      23.0     3.222     -4.58                                        
  4055.564   25.0055     2.141    -0.686                                 LAWHFS 
  4055.565   25.0055     2.141    -1.678                                 LAWHFS 
  4055.610 106.00113     1.697    -4.659               3.464            CX14Q165
  4055.617 106.00112     1.567    -7.195               3.464            CX25R045
  4055.678 106.00113     1.697    -4.578               3.464            CX14Q175
  4055.686 106.00113     1.588    -8.876               3.464            CX03P205
  4055.706      26.0     4.283     -2.60                              PK15THEOR 
  4055.719      40.0     1.582      0.48                                        
  4055.719 106.00113     1.078    -5.885               3.464            AX43P075
  4055.728 106.00112     0.559    -2.153               3.464            BX11R105
  4055.730 106.00113     0.992    -6.792               3.464            AX32P135
  4055.742 607.01214     3.376    -3.566               7.724          1414Qc0245
  4055.756 607.01214     3.376    -0.478               7.724          1414Pb0245
  4055.770 106.00113     0.841    -7.786               3.464            AX10P215
  4055.792 607.01214     3.376    -0.462               7.724          1414Pa0255
  4055.806      69.0     1.625     -0.23                                        
  4055.836      58.0     0.159     -0.03                                        
  4055.852      68.1     0.891     -1.38                              Lawler08  
  4055.897 106.00112     0.846    -7.786               3.464            AX10P215
  4055.903 106.00112     0.559    -6.613               3.464            BX11Q115
  4055.907      22.0     2.504     -4.43                                        
  4055.914 106.00112     0.995    -6.792               3.464            AX32P135
  4055.940      24.0     3.090     -7.70                                        
  4055.940   23.0051     0.000    -6.328                                 KURHFS 
  4055.940   23.0051     0.000    -6.504                                 KURHFS 
  4055.941      25.1     4.932     -5.47                                        
  4055.948 106.00112     0.559    -2.162               3.464            BX11R115
  4055.949   23.0051     0.000    -6.203                                 KURHFS 
  4055.949   23.0051     0.000    -6.328                                 KURHFS 
  4055.961   23.0051     0.000    -6.203                                 KURHFS 
  4055.961   23.0051     0.000    -6.317                                 KURHFS 
  4055.961   23.0051     0.000    -6.522                                 KURHFS 
  4055.962      25.0     4.824     -2.38                                        
  4055.965   23.0051     2.357    -8.662                                 KURHFS 
  4055.971   23.0051     2.357    -8.662                                 KURHFS 
  4055.971   23.0051     2.357    -8.838                                 KURHFS 
  4055.977   23.0051     0.000    -5.906                                 KURHFS 
  4055.977   23.0051     0.000    -6.317                                 KURHFS 
  4055.978   23.0051     2.357    -8.498                                 KURHFS 
  4055.978   23.0051     2.357    -8.963                                 KURHFS 
  4055.978   23.0051     2.357    -9.088                                 KURHFS 
  4055.983      26.0     3.637     -4.29                                        
  4055.989   23.0051     2.357    -8.490                                 KURHFS 
  4055.989   23.0051     2.357    -8.524                                 KURHFS 
  4055.989   23.0051     2.357    -9.516                                 KURHFS 
  4056.002   23.0051     2.357    -8.241                                 KURHFS 
  4056.002   23.0051     2.357    -8.651                                 KURHFS 
  4056.012      42.0     2.076     -1.12                              NIST/B+   
  4056.017   23.0051     2.357    -8.025                                 KURHFS 
  4056.023      24.0     4.444     -1.01                                        
  4056.041 106.00113     1.697    -8.420               3.464            CX14R165
  4056.056      24.1     5.658     -3.27                                        
  4056.070 106.00112     1.641    -5.082               3.464            CX25R075
  4056.120   27.0059     3.809    -3.617                                 KURHFS 
  4056.120   27.0059     3.809    -3.638                                 KURHFS 
  4056.120   27.0059     3.809    -3.763                                 KURHFS 
  4056.138   27.0059     3.809    -3.296                                 KURHFS 
  4056.138   27.0059     3.809    -3.617                                 KURHFS 
  4056.138   27.0059     3.809    -4.094                                 KURHFS 
  4056.143 106.00112     1.569    -4.872               3.464            AX54R145
  4056.147 106.00113     1.651    -4.914               3.464            AX54R165
  4056.174 106.00112     1.641    -4.995               3.464            CX25R085
  4056.187      22.1     0.607     -3.28                                 LAWLER 
  4056.200      22.0     2.394     -5.20                                        
  4056.201 106.00113     1.588    -5.397               3.464            CX03Q195
  4056.203      24.0     4.528     -4.26                                        
  4056.216      23.1     6.052     -3.89                                        
  4056.224      22.0     0.848     -4.12                                        
  4056.233 106.00112     1.641    -8.067               3.464            CX25Q085
  4056.240 106.00112     1.271    -4.420               3.464            AX54R025
  4056.258 106.00113     1.588    -5.337               3.464            CX03Q205
  4056.261 106.00112     1.271    -4.411               3.464            AX54R025
  4056.265      26.1     7.483     -3.05                                        
  4056.275      23.1     1.574     -2.70                                        
  4056.277      25.1     5.433     -4.02                                        
  4056.301      25.0     5.108     -1.38                                        
  4056.318      24.0     4.416     -2.64                                        
  4056.324      56.1     6.007     -1.76                                        
  4056.340      45.0     1.143     -2.03                              DL85/NI/C 
  4056.346      26.0     3.639     -2.01                                        
  4056.433      24.0     4.774     -3.68                                        
  4056.535      59.1     0.629      0.56                                        
  4056.537      27.1     3.418     -3.36                                        
  4056.539      26.0     2.863     -4.29                                        
  4056.541   23.0051     1.080    -7.137                                 KURHFS 
  4056.541   23.0051     1.080    -8.040                                 KURHFS 
  4056.547   23.0051     1.080    -7.324                                 KURHFS 
  4056.547   23.0051     1.080    -7.836                                 KURHFS 
  4056.547   23.0051     1.080    -8.040                                 KURHFS 
  4056.552   23.0051     1.080    -7.543                                 KURHFS 
  4056.552   23.0051     1.080    -7.771                                 KURHFS 
  4056.552   23.0051     1.080    -7.836                                 KURHFS 
  4056.557   23.0051     1.080    -7.771                                 KURHFS 
  4056.557   23.0051     1.080    -7.778                                 KURHFS 
  4056.557   23.0051     1.080    -7.806                                 KURHFS 
  4056.560   23.0051     1.080    -7.778                                 KURHFS 
  4056.560   23.0051     1.080    -7.844                                 KURHFS 
  4056.560   23.0051     1.080    -8.137                                 KURHFS 
  4056.563   23.0051     1.080    -7.844                                 KURHFS 
  4056.563   23.0051     1.080    -7.982                                 KURHFS 
  4056.563   23.0051     1.080    -8.584                                 KURHFS 
  4056.564   23.0051     1.080    -7.982                                 KURHFS 
  4056.564   23.0051     1.080    -8.262                                 KURHFS 
  4056.564   23.0051     1.080    -9.283                                 KURHFS 
  4056.565   23.0051     1.080    -8.262                                 KURHFS 
  4056.565 106.00112     0.846    -4.902               3.464            BX00P225
  4056.603 106.00112     0.846    -1.194               3.464            BX00Q215
  4056.634 106.00112     0.846    -1.251               3.464            BX00Q225
  4056.668      20.0     4.677     -4.26                                        
  4056.673 106.00112     0.846    -4.947               3.464            BX00R215
  4056.750      62.1     0.378     -2.67                              Lawler06  
  4056.771      24.0     4.446     -2.55                                        
  4056.773 106.00113     1.588    -9.373               3.464            CX03R195
  4056.778 106.00112     1.431    -4.499               3.464            AX43R165
  4056.785      25.0     5.108     -1.11                                        
  4056.789 106.00113     0.371    -2.125               3.464            BX11P035
  4056.800      25.1     4.933     -4.17                                        
  4056.804 106.00113     0.371    -6.028               3.464            BX11Q035
  4056.812      26.0     3.684     -3.53                                        
  4056.834      26.0     4.217     -3.02                                        
  4056.834 106.00112     1.431    -2.363               3.464            AX43Q165
  4056.836      60.1     1.490     -0.09                                        
  4056.845      20.0     4.128     -2.15                                        
  4056.860   27.0059     3.629    -3.384                                 KURHFS 
  4056.873 106.00112     1.431    -2.291               3.464            AX43Q175
  4056.884   27.0059     3.629    -2.270                                 KURHFS 
  4056.892   27.0059     3.629    -2.974                                 KURHFS 
  4056.896      58.1     1.041     -0.57                                        
  4056.897 106.00113     0.992    -6.833               3.464            AX32P135
  4056.913   27.0059     3.629    -1.430                                 KURHFS 
  4056.913   27.0059     3.629    -2.074                                 KURHFS 
  4056.920   27.0059     3.629    -2.752                                 KURHFS 
  4056.929 106.00112     1.431    -4.887               3.464            AX43P175
  4056.936   27.0059     3.629    -2.020                                 KURHFS 
  4056.937   27.0059     3.629    -1.571                                 KURHFS 
  4056.942      41.0     1.608     -0.94                                        
  4056.943   27.0059     3.629    -2.627                                 KURHFS 
  4056.955   27.0059     3.629    -2.042                                 KURHFS 
  4056.956 607.01214     3.386    -3.584               7.724          1414Qc0255
  4056.957   27.0059     3.629    -1.735                                 KURHFS 
  4056.961   27.0059     3.629    -2.576                                 KURHFS 
  4056.969   27.0059     3.629    -2.133                                 KURHFS 
  4056.970 607.01214     3.386    -0.462               7.724          1414Pb0255
  4056.971   27.0059     3.629    -1.933                                 KURHFS 
  4056.974   27.0059     3.629    -2.606                                 KURHFS 
  4056.978   27.0059     3.629    -2.321                                 KURHFS 
  4056.981   27.0059     3.629    -2.188                                 KURHFS 
  4056.987   27.0059     3.629    -2.576                                 KURHFS 
  4057.006      22.0     2.332     -4.64                                        
  4057.016 106.00112     1.080    -5.861               3.464            AX43P075
  4057.040 106.00112     0.994    -4.387               3.464            AX00R245
  4057.053   23.0051     2.121    -1.414                                 LAWLER 
  4057.054   23.0051     2.121    -1.210                                 LAWLER 
  4057.056   23.0051     2.121    -1.146                                 LAWLER 
  4057.057   23.0051     2.121    -1.152                                 LAWLER 
  4057.059   23.0051     2.121    -1.218                                 LAWLER 
  4057.060   23.0051     2.121    -1.356                                 LAWLER 
  4057.062   23.0051     2.121    -1.636                                 LAWLER 
  4057.063   23.0051     2.121    -0.698                                 LAWLER 
  4057.063   23.0051     2.121    -0.917                                 LAWLER 
  4057.063   23.0051     2.121    -1.180                                 LAWLER 
  4057.063   23.0051     2.121    -1.511                                 LAWLER 
  4057.063   23.0051     2.121    -1.958                                 LAWLER 
  4057.063   23.0051     2.121    -2.657                                 LAWLER 
  4057.064   23.0051     2.121    -0.511                                 LAWLER 
  4057.065   23.0051     2.121    -1.636                                 LAWLER 
  4057.066   23.0051     2.121    -1.356                                 LAWLER 
  4057.068   23.0051     2.121    -1.218                                 LAWLER 
  4057.069   23.0051     2.121    -1.152                                 LAWLER 
  4057.071   23.0051     2.121    -1.146                                 LAWLER 
  4057.073   23.0051     2.121    -1.210                                 LAWLER 
  4057.074   23.0051     2.121    -1.414                                 LAWLER 
  4057.084 106.00112     0.996    -6.833               3.464            AX32P135
  4057.137      24.0     4.443     -1.42                                        
  4057.158   27.0059     0.224    -4.754                                 KURHFS 
  4057.166   27.0059     0.224    -4.315                                 KURHFS 
  4057.166   27.0059     0.224    -4.453                                 KURHFS 
  4057.170   27.0059     0.224    -4.453                                 KURHFS 
  4057.171 106.00113     0.358    -3.682               3.464            BX11P025
  4057.175   27.0059     0.224    -4.289                                 KURHFS 
  4057.177   27.0059     0.224    -4.032                                 KURHFS 
  4057.183   27.0059     0.224    -4.629                                 KURHFS 
  4057.185      23.0     2.676     -3.52                                        
  4057.187 106.00112     1.248    -6.227               3.464            CX03R135
  4057.189   27.0059     0.224    -4.281                                 KURHFS 
  4057.191   27.0059     0.224    -3.816                                 KURHFS 
  4057.198   27.0059     0.224    -4.879                                 KURHFS 
  4057.206   27.0059     0.224    -4.442                                 KURHFS 
  4057.209 106.00112     1.248    -6.278               3.464            CX03R125
  4057.210      24.0     3.085     -1.99                                        
  4057.218   27.0059     0.224    -5.307                                 KURHFS 
  4057.251      24.0     4.529     -3.88                                        
  4057.262      42.0     2.513     -1.80                                        
  4057.266      28.0     3.304     -2.08                                        
  4057.272      20.0     4.677     -3.81                                        
  4057.277 106.00112     1.248    -9.797               3.464            CX03Q135
  4057.287      41.0     1.913     -0.70                                        
  4057.303 106.00113     0.371    -2.074               3.464            BX11P045
  4057.344      26.0     2.759     -1.96                              NIST/C    
  4057.374 106.00113     1.077    -8.891               3.464            CX03R085
  4057.387      26.0     4.291     -2.59                                        
  4057.409 106.00113     1.652    -4.866               3.464            AX54R165
  4057.428 106.00112     1.081    -5.885               3.464            AX43P075
  4057.432      42.0     3.440     -0.73                                        
  4057.442      66.1     2.937      0.96                                        
  4057.446      26.0     2.756     -4.31                                        
  4057.461      26.1     7.268     -1.54                                        
  4057.505      12.0     4.346     -0.90                              NIST/C+   
  4057.535      20.0     2.930     -2.07                                        
  4057.548      23.0     2.330     -3.25                                        
  4057.582      42.0     3.176     -0.65                                        
  4057.618      22.0     2.304     -0.36                                        
  4057.620 106.00112     2.111    -7.867               3.464            CX25R195
  4057.645 106.00112     1.723    -2.082               3.464            AX32Q265
  4057.646      23.1     5.471     -2.97                                        
  4057.655      26.0     3.412     -1.9                               adj-1.64
  4057.671      22.0     1.459     -3.25                                        
  4057.671 106.00112     1.761    -5.785               3.464            AX10Q325
  4057.681 106.00112     2.111    -3.872               3.464            CX25Q205
  4057.701 106.00112     1.723    -4.638               3.464            AX32R255
  4057.711      27.1     5.051     -3.85                                        
  4057.718 106.00112     0.372    -2.125               3.464            BX11P035
  4057.726 106.00112     1.761    -3.788               3.464            AX10P335
  4057.732 106.00112     0.372    -6.028               3.464            BX11Q035
  4057.749 106.00112     2.111    -3.924               3.464            CX25Q195
  4057.764   82.0207     1.320    -1.396                               Roe12HFS 
  4057.767 106.00112     1.723    -5.079               3.464            AX32P265
  4057.770      24.0     3.847     -1.71                                        
  4057.794   23.0051     1.944    -3.871                                 KURHFS 
  4057.794   23.0051     1.944    -4.126                                 KURHFS 
  4057.797   23.0051     1.944    -3.672                                 KURHFS 
  4057.797   23.0051     1.944    -3.871                                 KURHFS 
  4057.797   23.0051     1.944    -5.779                                 KURHFS 
  4057.801   82.0207     1.320    -0.442                               Roe12HFS 
  4057.801   82.0208     1.320    -0.220                               Roe12HFS 
  4057.802   23.0051     1.944    -3.608                                 KURHFS 
  4057.802   23.0051     1.944    -3.672                                 KURHFS 
  4057.802   23.0051     1.944    -4.536                                 KURHFS 
  4057.809   23.0051     1.944    -3.608                                 KURHFS 
  4057.809   23.0051     1.944    -3.639                                 KURHFS 
  4057.809   23.0051     1.944    -3.819                                 KURHFS 
  4057.809 106.00112     1.761    -4.031               3.464            AX10P325
  4057.809 106.00112     2.111    -7.756               3.464            CX25P205
  4057.814   82.0206     1.320    -0.220                               Roe12HFS 
  4057.817   23.0051     1.944    -3.413                                 KURHFS 
  4057.817   23.0051     1.944    -3.639                                 KURHFS 
  4057.817   23.0051     1.944    -3.820                                 KURHFS 
  4057.823 106.00112     1.723    -2.172               3.464            AX32Q255
  4057.826   82.0204     1.320    -0.220                               Roe12HFS 
  4057.827   23.0051     1.944    -3.121                                 KURHFS 
  4057.827   23.0051     1.944    -3.820                                 KURHFS 
  4057.836   82.0207     1.320    -0.697                               Roe12HFS 
  4057.878      20.0     5.485     -3.14                                        
  4057.901   25.0055     3.070    -2.480                                 KURHFS 
  4057.905   25.0055     3.070    -2.158                                 KURHFS 
  4057.911   25.0055     3.070    -2.526                                 KURHFS 
  4057.912   25.0055     3.070    -2.334                                 KURHFS 
  4057.918   25.0055     3.070    -2.003                                 KURHFS 
  4057.928   25.0055     3.070    -2.702                                 KURHFS 
  4057.929   25.0055     3.070    -1.924                                 KURHFS 
  4057.939   25.0055     3.070    -1.982                                 KURHFS 
  4057.951   25.0055     3.070    -3.082                                 KURHFS 
  4057.953   25.0055     3.070    -1.651                                 KURHFS 
  4057.966   25.0055     3.070    -2.128                                 KURHFS 
  4057.984   25.0055     3.070    -1.439                                 KURHFS 
  4058.060      25.1     5.344     -3.54                                        
  4058.072   27.0059     3.772    -3.435                                 KURHFS 
  4058.072   27.0059     3.772    -3.611                                 KURHFS 
  4058.083   27.0059     3.772    -3.310                                 KURHFS 
  4058.083   27.0059     3.772    -3.435                                 KURHFS 
  4058.093 106.00112     0.359    -3.682               3.464            BX11P025
  4058.093 106.00113     1.302    -8.053               3.464            CX14R055
  4058.099   27.0059     3.772    -3.310                                 KURHFS 
  4058.099   27.0059     3.772    -3.424                                 KURHFS 
  4058.099   27.0059     3.772    -3.629                                 KURHFS 
  4058.107      24.0     3.119     -5.84                                        
  4058.118   27.0059     3.772    -3.013                                 KURHFS 
  4058.118   27.0059     3.772    -3.424                                 KURHFS 
  4058.130 106.00113     1.302    -2.875               3.464            AX54R045
  4058.140      22.0     2.316     -0.13                                        
  4058.158   27.0059     0.513    -4.104                                 KURHFS 
  4058.162   27.0059     0.513    -3.900                                 KURHFS 
  4058.165   27.0059     0.513    -3.835                                 KURHFS 
  4058.165 106.00113     0.431    -1.816               3.464            BX11Q065
  4058.165 106.00113     0.988    -4.387               3.464            AX00R245
  4058.168   27.0059     0.513    -3.842                                 KURHFS 
  4058.172   27.0059     0.513    -3.908                                 KURHFS 
  4058.175   27.0059     0.513    -4.046                                 KURHFS 
  4058.179   27.0059     0.513    -4.326                                 KURHFS 
  4058.182   27.0059     0.513    -5.347                                 KURHFS 
  4058.183   27.0059     0.513    -3.607                                 KURHFS 
  4058.183   27.0059     0.513    -3.870                                 KURHFS 
  4058.183   27.0059     0.513    -4.201                                 KURHFS 
  4058.183   27.0059     0.513    -4.648                                 KURHFS 
  4058.184   27.0059     0.513    -3.201                                 KURHFS 
  4058.184   27.0059     0.513    -3.388                                 KURHFS 
  4058.186   27.0059     0.513    -4.326                                 KURHFS 
  4058.187      92.1     0.036     -1.25                                        
  4058.190   27.0059     0.513    -4.046                                 KURHFS 
  4058.194   27.0059     0.513    -3.908                                 KURHFS 
  4058.198      26.0     4.291     -2.69                                        
  4058.198   27.0059     0.513    -3.842                                 KURHFS 
  4058.202   27.0059     0.513    -3.835                                 KURHFS 
  4058.205   27.0059     0.513    -3.900                                 KURHFS 
  4058.209   27.0059     0.513    -4.104                                 KURHFS 
  4058.217      26.0     3.211     -1.18                              DenHarto14
  4058.217   27.0059     2.041    -4.595                                 KURHFS 
  4058.217   27.0059     2.041    -4.595                                 KURHFS 
  4058.217   27.0059     2.041    -4.896                                 KURHFS 
  4058.219      24.0     4.413     -3.83                                        
  4058.220      64.0     0.027      0.10                                        
  4058.220   27.0059     2.041    -4.431                                 KURHFS 
  4058.220   27.0059     2.041    -4.457                                 KURHFS 
  4058.220   27.0059     2.041    -4.771                                 KURHFS 
  4058.225   27.0059     2.041    -4.174                                 KURHFS 
  4058.225   27.0059     2.041    -4.423                                 KURHFS 
  4058.225   27.0059     2.041    -5.021                                 KURHFS 
  4058.231   27.0059     2.041    -3.958                                 KURHFS 
  4058.231   27.0059     2.041    -4.584                                 KURHFS 
  4058.231   27.0059     2.041    -5.449                                 KURHFS 
  4058.237 106.00113     0.431    -4.558               3.464            BX11R065
  4058.238 106.00112     0.372    -2.073               3.464            BX11P045
  4058.248      58.1     0.459     -1.14                              Lawler09  
  4058.296 106.00113     1.303    -2.875               3.464            AX54R045
  4058.311      22.0     0.812     -5.41                                        
  4058.320 106.00113     1.613    -5.174               3.464            CX25R065
  4058.343 106.00113     1.320    -2.791               3.464            AX54R055
  4058.350 106.00112     1.432    -4.520               3.464            AX43R165
  4058.358 106.00113     1.613    -8.041               3.464            CX25Q075
  4058.364 106.00112     1.432    -2.292               3.464            AX43Q175
  4058.376      24.0     4.444     -1.38                                        
  4058.389      26.0     4.291     -2.23                                        
  4058.406 106.00112     1.432    -2.363               3.464            AX43Q165
  4058.420 106.00112     1.432    -4.868               3.464            AX43P175
  4058.458 106.00113     0.432    -4.423               3.464            BX11P075
  4058.463      24.0     3.077     -3.58                                        
  4058.464      26.0     3.639     -4.04                                        
  4058.471 106.00113     1.303    -4.046               3.464            AX54Q055
  4058.471 106.00113     1.390    -8.893               3.464            CX14Q095
  4058.475      73.0     1.393     -1.34                                        
  4058.486 106.00113     0.432    -1.778               3.464            BX11Q075
  4058.508 106.00113     1.613    -5.081               3.464            CX25R075
  4058.546 106.00113     1.390    -5.758               3.464            CX14R085
  4058.552 106.00113     1.303    -2.776               3.464            AX54R055
  4058.563 106.00113     1.288    -2.973               3.464            AX54R035
  4058.574 106.00113     1.320    -2.791               3.464            AX54R055
  4058.575   27.0059     2.006    -2.271                                 LAWHFS 
  4058.576   27.0059     2.006    -2.399                                 KURHFS 
  4058.576   27.0059     2.006    -2.420                                 KURHFS 
  4058.576   27.0059     2.006    -2.545                                 KURHFS 
  4058.586   27.0059     2.006    -2.125                                 LAWHFS 
  4058.595   27.0059     2.006    -2.146                                 LAWHFS 
  4058.598   27.0059     2.006    -1.804                                 LAWHFS 
  4058.613   27.0059     2.006    -2.125                                 LAWHFS 
  4058.613 106.00113     1.303    -4.037               3.464            AX54Q055
  4058.616   27.0059     2.006    -2.078                                 KURHFS 
  4058.616   27.0059     2.006    -2.399                                 KURHFS 
  4058.616   27.0059     2.006    -2.876                                 KURHFS 
  4058.624   27.0059     2.006    -2.602                                 LAWHFS 
  4058.627 106.00113     1.320    -4.106               3.464            AX54Q065
  4058.675 106.00113     1.288    -2.973               3.464            AX54R035
  4058.689 106.00113     1.320    -2.703               3.464            AX54R065
  4058.694 106.00113     1.303    -2.776               3.464            AX54R055
  4058.701 106.00113     1.390    -5.665               3.464            CX14R095
  4058.738   27.0059     2.041    -4.300                                 KURHFS 
  4058.741      28.0     4.102     -1.30                                        
  4058.741   27.0059     2.041    -4.279                                 KURHFS 
  4058.741   27.0059     2.041    -4.756                                 KURHFS 
  4058.745   27.0059     2.041    -4.279                                 KURHFS 
  4058.745   27.0059     2.041    -4.425                                 KURHFS 
  4058.751      58.1     0.459     -1.25                              Lawler09  
  4058.751   27.0059     2.041    -3.958                                 KURHFS 
  4058.754      26.0     2.424     -2.09                              NIST/C    
  4058.769      24.0     3.847      0.26                                        
  4058.770      22.0     0.835     -4.47                                        
  4058.800      59.1     0.422     -0.41                                LINOHFS 
  4058.830 106.00113     1.321    -4.096               3.464            AX54Q065
  4058.860      62.1     0.484     -0.86                              Lawler06  
  4058.893 106.00113     1.321    -2.703               3.464            AX54R065
  4058.908   25.0055     2.177    -1.360                                 LAWHFS 
  4058.913      20.0     2.707     -1.01                                        
  4058.914   25.0055     2.177    -1.247                                 LAWHFS 
  4058.922   25.0055     2.177    -1.344                                 LAWHFS 
  4058.926      41.0     0.130      0.58                                        
  4058.927   25.0055     2.177    -1.791                                 LAWHFS 
  4058.935   25.0055     2.177    -1.247                                 LAWHFS 
  4058.945   25.0055     2.177    -0.883                                 LAWHFS 
  4058.968      25.1     4.934     -3.65                                        
  4058.973      23.0     3.236     -3.25                                        
  4058.989 106.00113     1.288    -3.970               3.464            AX54Q045
  4059.012 106.00112     2.059    -7.865               3.464            CX25R185
  4059.016      26.0     4.183     -3.16                                        
  4059.045      26.0     4.368     -2.53                                        
  4059.078 106.00112     2.059    -3.924               3.464            CX25Q195
  4059.080 106.00113     1.288    -3.962               3.464            AX54Q045
  4059.093 106.00113     1.288    -2.855               3.464            AX54R045
  4059.100      69.1     1.086     -2.55                              Wickliff97
  4059.104 106.00112     1.704    -8.420               3.464            CX14R165
  4059.134 106.00112     2.059    -3.979               3.464            CX25Q185
  4059.160      26.0     4.291     -2.16                                        
  4059.169      24.0     3.108     -9.48                                        
  4059.184 106.00113     1.288    -2.856               3.464            AX54R045
  4059.191 106.00112     1.704    -4.577               3.464            CX14Q175
  4059.200 106.00112     1.704    -4.658               3.464            CX14Q165
  4059.200 106.00112     2.059    -7.742               3.464            CX25P195
  4059.206 106.00112     0.433    -1.815               3.464            BX11Q065
  4059.219      42.0     3.396     -1.49                                        
  4059.219 106.00112     1.595    -9.372               3.464            CX03R195
  4059.223      24.0     2.965     -4.44                                        
  4059.232 106.00112     0.433    -4.557               3.464            BX11R065
  4059.246      24.0     4.443     -1.72                                        
  4059.250 106.00113     1.341    -2.714               3.464            AX54R065
  4059.252   27.0059     0.000    -6.356                                 KURHFS 
  4059.253      90.0     0.788     -0.50                                        
  4059.272   27.0059     0.000    -5.293                                 KURHFS 
  4059.272   27.0059     0.000    -6.141                                 KURHFS 
  4059.287 106.00112     1.704    -8.139               3.464            CX14P175
  4059.290   27.0059     0.000    -5.429                                 KURHFS 
  4059.290   27.0059     0.000    -6.064                                 KURHFS 
  4059.292 106.00112     1.595    -5.336               3.464            CX03Q205
  4059.305   27.0059     0.000    -5.577                                 KURHFS 
  4059.307   27.0059     0.000    -6.053                                 KURHFS 
  4059.310   27.0059     0.000    -6.356                                 KURHFS 
  4059.319   27.0059     0.000    -5.736                                 KURHFS 
  4059.320   27.0059     0.000    -6.096                                 KURHFS 
  4059.323   27.0059     0.000    -6.141                                 KURHFS 
  4059.324      24.1     3.736     -6.09                                        
  4059.330   27.0059     0.000    -5.905                                 KURHFS 
  4059.332   27.0059     0.000    -6.199                                 KURHFS 
  4059.334   27.0059     0.000    -6.064                                 KURHFS 
  4059.335 106.00112     1.595    -5.396               3.464            CX03Q195
  4059.336   25.0055     3.071    -2.246                                 KURHFS 
  4059.337   25.0055     3.071    -2.246                                 KURHFS 
  4059.339   27.0059     0.000    -6.072                                 KURHFS 
  4059.340   25.0055     3.071    -3.012                                 KURHFS 
  4059.341   27.0059     0.000    -6.420                                 KURHFS 
  4059.343   27.0059     0.000    -6.053                                 KURHFS 
  4059.345   25.0055     3.071    -1.984                                 KURHFS 
  4059.346   27.0059     0.000    -6.210                                 KURHFS 
  4059.347   25.0055     3.071    -1.984                                 KURHFS 
  4059.349   27.0059     0.000    -6.096                                 KURHFS 
  4059.351   27.0059     0.000    -6.224                                 KURHFS 
  4059.352   25.0055     3.071    -2.313                                 KURHFS 
  4059.354   27.0059     0.000    -6.199                                 KURHFS 
  4059.356   27.0059     0.000    -6.420                                 KURHFS 
  4059.359      64.1     1.725     -0.15                                        
  4059.360   25.0055     3.071    -1.882                                 KURHFS 
  4059.363   25.0055     3.071    -1.882                                 KURHFS 
  4059.371   25.0055     3.071    -1.866                                 KURHFS 
  4059.381   25.0055     3.071    -1.887                                 KURHFS 
  4059.386   25.0055     3.071    -1.887                                 KURHFS 
  4059.396   25.0055     3.071    -1.535                                 KURHFS 
  4059.408      22.0     0.812     -5.25                                        
  4059.408   25.0055     3.071    -2.050                                 KURHFS 
  4059.408 106.00112     1.595    -8.875               3.464            CX03P205
  4059.414   25.0055     3.071    -2.050                                 KURHFS 
  4059.427   25.0055     3.071    -1.272                                 KURHFS 
  4059.456 106.00112     0.433    -4.423               3.464            BX11P075
  4059.467      26.0     2.452     -5.94                                        
  4059.484 106.00112     0.433    -1.778               3.464            BX11Q075
  4059.492 106.00113     1.341    -4.153               3.464            AX54Q075
  4059.497      41.0     1.255     -0.49                                        
  4059.506      68.0     1.332      1.02                                        
  4059.537      20.0     2.519     -3.88                                        
  4059.540 106.00113     1.341    -2.634               3.464            AX54R075
  4059.557 106.00113     1.341    -2.714               3.464            AX54R065
  4059.578   23.0051     1.944    -4.262                                 KURHFS 
  4059.578   23.0051     1.944    -4.517                                 KURHFS 
  4059.578   23.0051     1.944    -4.547                                 KURHFS 
  4059.582   23.0051     1.944    -4.074                                 KURHFS 
  4059.582   23.0051     1.944    -4.129                                 KURHFS 
  4059.582   23.0051     1.944    -4.517                                 KURHFS 
  4059.587   23.0051     1.944    -3.874                                 KURHFS 
  4059.587   23.0051     1.944    -3.983                                 KURHFS 
  4059.587   23.0051     1.944    -4.568                                 KURHFS 
  4059.590 106.00113     1.276    -3.096               3.464            AX54R025
  4059.594   23.0051     1.944    -3.676                                 KURHFS 
  4059.594   23.0051     1.944    -3.961                                 KURHFS 
  4059.594   23.0051     1.944    -4.693                                 KURHFS 
  4059.602   23.0051     1.944    -3.512                                 KURHFS 
  4059.602   23.0051     1.944    -4.015                                 KURHFS 
  4059.602   23.0051     1.944    -4.915                                 KURHFS 
  4059.605      26.0     4.175     -4.40                                        
  4059.608      42.0     2.644     -0.94                                        
  4059.612   23.0051     1.944    -3.371                                 KURHFS 
  4059.612   23.0051     1.944    -4.211                                 KURHFS 
  4059.612   23.0051     1.944    -5.325                                 KURHFS 
  4059.629 106.00112     1.314    -5.203               3.464            AX32Q195
  4059.656      28.0     3.396     -2.51                                        
  4059.657 106.00113     1.276    -3.096               3.464            AX54R025
  4059.662 106.00113     1.714    -4.608               3.464            AX32R255
  4059.663      22.0     1.738     -4.52                                        
  4059.670      41.1     1.690     -1.18                              Nilsson10 
  4059.687      22.0     2.776     -4.12                                        
  4059.699 106.00113     1.714    -2.081               3.464            AX32Q265
  4059.703 106.00112     1.314    -3.473               3.464            AX32P195
  4059.709 106.00112     1.314    -3.373               3.464            AX32P205
  4059.714      26.0     3.547     -1.37                              NIST/C+   
  4059.730      60.1     0.064     -1.89                              DenHarto03
  4059.734      22.0     2.504     -2.96                                        
  4059.747      25.0     4.265     -3.12                                        
  4059.766 106.00113     1.341    -4.141               3.464            AX54Q075
  4059.774      26.0     4.151     -2.32                                        
  4059.775      20.0     5.870     -3.82                                        
  4059.779      68.1     0.669     -0.81                              Lawler08  
  4059.814 106.00113     1.341    -2.634               3.464            AX54R075
  4059.822      27.1     2.777     -6.20                                        
  4059.852 106.00113     0.952    -8.717               3.464            AX21P185
  4059.870      64.0     0.896      0.60                                        
  4059.903 106.00113     1.714    -2.171               3.464            AX32Q255
  4059.921      24.0     4.407     -3.31                                        
  4059.940 106.00113     1.714    -5.105               3.464            AX32P265
  4059.950      60.1     0.204     -0.52                              DenHarto03
  4059.952 106.00113     1.513    -5.466               3.464            AX21Q265
  4059.963 106.00113     1.755    -3.789               3.464            AX10P335
  4059.985 106.00113     1.513    -3.528               3.464            AX21P275
  4060.055 106.00112     0.956    -8.717               3.464            AX21P185
  4060.069 106.00113     1.755    -5.834               3.464            AX10Q325
  4060.076      22.0     2.295     -0.58                                        
  4060.106 106.00113     1.513    -3.694               3.464            AX21P265
  4060.150      26.0     2.431     -5.14                                        
  4060.152 106.00113     1.276    -3.871               3.464            AX54Q035
  4060.186      26.0     4.217     -4.00                                        
  4060.201 106.00113     1.755    -4.032               3.464            AX10P325
  4060.203 106.00113     1.276    -3.865               3.464            AX54Q035
  4060.213      20.0     2.519     -2.71                                        
  4060.220      24.0     3.085     -4.11                                        
  4060.262      22.0     1.052     -0.69                                 LAWLER 
  4060.287 106.00113     1.276    -2.945               3.464            AX54R035
  4060.310      41.0     0.348     -1.26                                        
  4060.338 106.00113     1.276    -2.946               3.464            AX54R035
  4060.346      57.0     0.511     -0.17                                        
  4060.374      26.0     4.368     -4.24                                        
  4060.408 106.00113     1.204    -3.332               3.464            AX43P115
  4060.408 106.00113     1.204    -4.827               3.464            AX43Q115
  4060.423      24.0     4.532     -3.40                                        
  4060.462      26.0     4.140     -3.92                                        
  4060.465 106.00113     1.309    -5.203               3.464            AX32Q195
  4060.470      58.1     0.811     -0.69                                        
  4060.487      24.0     4.444     -1.56                                        
  4060.499 106.00113     1.309    -3.473               3.464            AX32P195
  4060.536 106.00113     1.309    -3.373               3.464            AX32P205
  4060.540      20.0     2.519     -2.59                                        
  4060.549 106.00113     1.204    -3.262               3.464            AX43P125
  4060.570      66.1     1.650     -0.74                              Wickliff00
  4060.580      24.0     3.077     -2.71                                        
  4060.611 106.00113     0.410    -4.302               3.464            BX00P145
  4060.634      24.0     4.446     -0.51                                        
  4060.665      24.0     4.413     -2.69                                        
  4060.665      26.0     4.317     -3.91                                        
  4060.700      74.0     2.456     -0.59                                        
  4060.714      58.0     0.000     -0.53                                        
  4060.727      25.0     4.791     -4.01                                        
  4060.757      26.0     3.637     -2.17                                        
  4060.783      41.0     0.019     -1.10                                        
  4060.826      23.0     2.136     -1.23                               LAWNOHFS 
  4060.837      22.0     2.406     -5.91                                        
  4060.900 106.00113     1.364    -2.643               3.464            AX54R075
  4060.906      20.0     4.621     -3.79                                        
  4060.965 106.00113     1.550    -7.136               3.464            CX25R035
  4060.967 106.00112     1.081    -8.891               3.464            CX03R085
