a line list in the range:    4519.00   4531.00
  4519.007 607.01214     1.239    -2.272               7.724          0305Rb0045
  4519.014 607.01214     1.239    -4.082               7.724          0305Qd0055
  4519.035 106.00113     1.425    -4.434               3.464            AX33P165
  4519.062 106.00112     1.542    -8.732               3.464            CX15R015
  4519.071 607.01314     0.835    -2.248               7.724          0002Rb0385
  4519.086      24.0     3.854     -4.18                                        
  4519.099      25.1     7.376     -3.27                                        
  4519.126 607.01314     0.835    -5.724               7.724          0002Qd0395
  4519.156      74.0     2.971     -0.61                                        
  4519.162      25.1     5.516     -6.33                                        
  4519.217   27.0059     3.710    -2.321                                 KURHFS 
  4519.217   27.0059     3.710    -2.576                                 KURHFS 
  4519.228   27.0059     3.710    -2.122                                 KURHFS 
  4519.228   27.0059     3.710    -2.321                                 KURHFS 
  4519.228   27.0059     3.710    -4.229                                 KURHFS 
  4519.239 607.01214     2.832    -3.867               7.724          1012Qc0065
  4519.240      25.1     5.394     -2.57                                        
  4519.243   27.0059     3.710    -2.058                                 KURHFS 
  4519.243   27.0059     3.710    -2.122                                 KURHFS 
  4519.243   27.0059     3.710    -2.986                                 KURHFS 
  4519.244 106.00113     1.614    -2.290               3.464            AX55P065
  4519.259      90.0     0.457     -1.80                                        
  4519.261 106.00113     1.501    -6.461               3.464            AX12R235
  4519.263   27.0059     3.710    -2.058                                 KURHFS 
  4519.263   27.0059     3.710    -2.089                                 KURHFS 
  4519.263   27.0059     3.710    -2.269                                 KURHFS 
  4519.269 106.00112     1.376    -4.482               3.464            AX22P205
  4519.272 607.01214     1.097    -1.825               7.724          0204Ra0215
  4519.282 106.00112     1.611   -12.210               3.464            CX04R145
  4519.283 106.00113     0.670    -2.851               3.464            BX12P025
  4519.289   27.0059     3.710    -1.863                                 KURHFS 
  4519.289   27.0059     3.710    -2.089                                 KURHFS 
  4519.289   27.0059     3.710    -2.270                                 KURHFS 
  4519.291      25.1     6.181     -4.59                                        
  4519.320   27.0059     3.710    -1.571                                 KURHFS 
  4519.320   27.0059     3.710    -2.270                                 KURHFS 
  4519.321 607.01214     1.097    -1.845               7.724          0204Rb0205
  4519.331   27.0059     3.295    -4.569                                 KURHFS 
  4519.331   27.0059     3.295    -4.569                                 KURHFS 
  4519.331   27.0059     3.295    -4.870                                 KURHFS 
  4519.334   27.0059     3.295    -4.405                                 KURHFS 
  4519.334   27.0059     3.295    -4.431                                 KURHFS 
  4519.334   27.0059     3.295    -4.745                                 KURHFS 
  4519.338   27.0059     3.295    -4.148                                 KURHFS 
  4519.338   27.0059     3.295    -4.397                                 KURHFS 
  4519.338   27.0059     3.295    -4.995                                 KURHFS 
  4519.344   27.0059     3.295    -3.932                                 KURHFS 
  4519.344   27.0059     3.295    -4.558                                 KURHFS 
  4519.344   27.0059     3.295    -5.423                                 KURHFS 
  4519.344 106.00113     1.614    -3.450               3.464            AX55Q065
  4519.351 607.01214     1.097    -4.808               7.724          0204Qd0215
  4519.354 106.00113     1.753    -1.635               3.464            AX55Q115
  4519.362 106.00113     1.753    -3.673               3.464            AX55R115
  4519.400 106.00112     1.611    -7.411               3.464            CX04Q145
  4519.409 106.00112     1.611    -7.423               3.464            CX04Q155
  4519.426 607.01214     2.832    -1.847               7.724          1012Pa0075
  4519.427 106.00113     1.754    -3.648               3.464            AX55P125
  4519.435 607.01214     3.200    -1.271               7.724          1113Rb0275
  4519.436 106.00113     1.754    -1.617               3.464            AX55Q125
  4519.479 607.01214     2.832    -1.910               7.724          1012Pb0065
  4519.485      23.1     5.836     -2.94                                        
  4519.506 607.01214     3.200    -1.256               7.724          1113Ra0285
  4519.528 106.00112     1.611   -10.338               3.464            CX04P155
  4519.538 607.01214     3.200    -4.480               7.724          1113Qd0285
  4519.575 106.00113     0.708    -2.565               3.464            BX12Q045
  4519.589      69.0     2.074      0.32                                        
  4519.594      58.1     1.347     -0.37                                        
  4519.600 106.00113     0.708    -5.036               3.464            BX12R045
  4519.606 106.00113     1.614    -2.290               3.464            AX55P065
  4519.609 607.01314     0.996    -2.099               7.724          0204Ra0105
  4519.616 106.00113     1.614    -2.227               3.464            AX55P075
  4519.630      62.1     0.543     -0.35                              Lawler06  
  4519.637 607.01314     0.996    -2.138               7.724          0204Rb0095
  4519.651 607.01314     0.996    -4.494               7.724          0204Qd0105
  4519.654      64.0     0.027     -0.24                                        
  4519.706 106.00113     1.614    -3.462               3.464            AX55Q065
  4519.733      90.1     1.598     -1.54                                        
  4519.735      75.0     3.575      0.17                                        
  4519.757 106.00112     1.555    -7.491               3.464            CX15R025
  4519.800      22.0     3.106     -0.75                                        
  4519.830      24.0     3.011     -1.92                                        
  4519.831      21.1     6.903     -1.07                                        
  4519.854 607.01214     2.835    -3.925               7.724          1012Qc0075
  4519.859 607.01314     0.887    -1.972               7.724          0103Ra0265
  4519.865      23.1     5.826     -3.12                                        
  4519.882 106.00113     2.004    -2.029               3.464            AX55R185
  4519.903 106.00113     1.968    -8.267               3.464            AX23R265
  4519.914 607.01314     0.887    -1.988               7.724          0103Rb0255
  4519.928 106.00113     2.004    -3.993               3.464            AX55Q185
  4519.938 106.00113     1.614    -2.227               3.464            AX55P075
  4519.943 607.01214     1.237    -2.272               7.724          0305Ra0045
  4519.951 607.01314     0.887    -5.129               7.724          0103Qd0265
  4519.953 106.00113     2.004    -1.977               3.464            AX55R175
  4519.964 607.01214     1.237    -2.360               7.724          0305Rb0035
  4519.970 607.01214     1.237    -4.001               7.724          0305Qd0045
  4519.983      28.0     1.675     -3.08                              Wood14    
  4520.017      25.0     5.108     -2.20                                        
  4520.020 106.00113     0.708    -4.936               3.464            BX12P055
  4520.046 106.00113     0.708    -2.484               3.464            BX12Q055
  4520.064 106.00113     1.065    -4.586               3.464            AX00P245
  4520.064 607.01214     2.835    -1.792               7.724          1012Pa0085
  4520.072      64.1     1.317     -0.95                                        
  4520.096 607.01214     3.189    -1.286               7.724          1113Rb0265
  4520.098 607.01214     2.835    -1.847               7.724          1012Pb0075
  4520.155 106.00112     1.962   -10.788               3.464            CX15Q165
  4520.157   23.0051     1.080    -2.653                                 KURHFS 
  4520.157 106.00113     1.698    -3.695               3.464            AX44Q165
  4520.159 607.01214     3.189    -1.271               7.724          1113Ra0275
  4520.164   23.0051     1.080    -2.794                                 KURHFS 
  4520.164   23.0051     1.080    -3.493                                 KURHFS 
  4520.166 106.00112     1.962    -9.281               3.464            CX15P175
  4520.171   23.0051     1.080    -2.958                                 KURHFS 
  4520.171   23.0051     1.080    -3.297                                 KURHFS 
  4520.171   23.0051     1.080    -4.607                                 KURHFS 
  4520.176   23.0051     1.080    -3.156                                 KURHFS 
  4520.176   23.0051     1.080    -3.243                                 KURHFS 
  4520.176   23.0051     1.080    -4.197                                 KURHFS 
  4520.181   23.0051     1.080    -3.265                                 KURHFS 
  4520.181   23.0051     1.080    -3.411                                 KURHFS 
  4520.181   23.0051     1.080    -3.975                                 KURHFS 
  4520.184   23.0051     1.080    -3.356                                 KURHFS 
  4520.184   23.0051     1.080    -3.799                                 KURHFS 
  4520.184   23.0051     1.080    -3.850                                 KURHFS 
  4520.186   23.0051     1.080    -3.544                                 KURHFS 
  4520.186   23.0051     1.080    -3.799                                 KURHFS 
  4520.187   23.0051     1.080    -3.829                                 KURHFS 
  4520.196 607.01214     3.189    -4.464               7.724          1113Qd0275
  4520.210 106.00113     1.698    -1.713               3.464            AX44P165
  4520.221      26.1     2.807     -2.60                                 NIST/D 
  4520.235 106.00112     2.112    -5.069               3.464            AX55R205
  4520.244      26.0     3.069     -2.50                                        
  4520.257 106.00113     1.698    -1.698               3.464            AX44P175
  4520.267 106.00112     1.962    -8.277               3.464            CX15P165
  4520.315      76.0     2.367     -1.38                                        
  4520.335      23.0     2.503     -5.46                                        
  4520.355      22.0     3.196     -3.33                                        
  4520.358      22.1     1.115     -5.08                                        
  4520.368 106.00112     1.556    -7.287               3.464            CX15R035
  4520.374   23.0051     1.063    -3.848                                 KURHFS 
  4520.374   23.0051     1.063    -4.688                                 KURHFS 
  4520.374   23.0051     1.063    -5.802                                 KURHFS 
  4520.380   23.0051     1.063    -3.989                                 KURHFS 
  4520.380   23.0051     1.063    -4.492                                 KURHFS 
  4520.380   23.0051     1.063    -5.392                                 KURHFS 
  4520.385   23.0051     1.063    -4.153                                 KURHFS 
  4520.385   23.0051     1.063    -4.438                                 KURHFS 
  4520.385   23.0051     1.063    -5.170                                 KURHFS 
  4520.389   23.0051     1.063    -4.351                                 KURHFS 
  4520.389   23.0051     1.063    -4.460                                 KURHFS 
  4520.389   23.0051     1.063    -5.045                                 KURHFS 
  4520.391   23.0051     1.063    -4.551                                 KURHFS 
  4520.391   23.0051     1.063    -4.606                                 KURHFS 
  4520.391   23.0051     1.063    -4.994                                 KURHFS 
  4520.393   23.0051     1.063    -4.739                                 KURHFS 
  4520.393   23.0051     1.063    -4.994                                 KURHFS 
  4520.393   23.0051     1.063    -5.024                                 KURHFS 
  4520.398 106.00112     1.556    -9.585               3.464            CX15Q035
  4520.404      58.1     0.976     -1.44                              Lawler09  
  4520.405 607.01214     0.955    -2.200               7.724          0002Ra0445
  4520.466 607.01214     2.839    -3.977               7.724          1012Qc0085
  4520.487 607.01214     0.955    -2.210               7.724          0002Rb0435
  4520.499   27.0059     4.061    -4.999                                 KURHFS 
  4520.499   27.0059     4.061    -5.254                                 KURHFS 
  4520.499   27.0059     4.061    -5.284                                 KURHFS 
  4520.513   27.0059     4.061    -4.811                                 KURHFS 
  4520.513   27.0059     4.061    -4.866                                 KURHFS 
  4520.513   27.0059     4.061    -5.254                                 KURHFS 
  4520.517 607.01214     1.004    -1.889               7.724          0103Ra0335
  4520.534   27.0059     4.061    -4.611                                 KURHFS 
  4520.534   27.0059     4.061    -4.720                                 KURHFS 
  4520.534   27.0059     4.061    -5.305                                 KURHFS 
  4520.551 607.01214     0.955    -5.786               7.724          0002Qd0445
  4520.563   27.0059     4.061    -4.413                                 KURHFS 
  4520.563   27.0059     4.061    -4.698                                 KURHFS 
  4520.563   27.0059     4.061    -5.430                                 KURHFS 
  4520.590 607.01214     1.004    -1.902               7.724          0103Rb0325
  4520.598   27.0059     4.061    -4.249                                 KURHFS 
  4520.598   27.0059     4.061    -4.752                                 KURHFS 
  4520.598   27.0059     4.061    -5.652                                 KURHFS 
  4520.602 106.00112     0.671    -2.862               3.464            BX12P015
  4520.606 106.00113     1.541    -7.800               3.464            CX15R015
  4520.609 106.00112     0.671    -5.670               3.464            BX12Q015
  4520.637 607.01214     1.004    -5.240               7.724          0103Qd0335
  4520.641   27.0059     4.061    -4.108                                 KURHFS 
  4520.641   27.0059     4.061    -4.948                                 KURHFS 
  4520.641   27.0059     4.061    -6.062                                 KURHFS 
  4520.662      27.0     4.146     -3.58                                        
  4520.692 607.01214     2.839    -1.743               7.724          1012Pa0095
  4520.708 607.01214     2.839    -1.792               7.724          1012Pb0085
  4520.715      22.0     3.303     -3.60                                        
  4520.727 607.01314     0.992    -2.138               7.724          0204Ra0095
  4520.734 106.00113     1.372    -4.542               3.464            AX22P205
  4520.742      20.0     4.677     -2.02                                        
  4520.747      26.0     4.581     -2.87                                        
  4520.758 607.01314     0.992    -2.182               7.724          0204Rb0085
  4520.764 607.01214     3.178    -1.302               7.724          1113Rb0255
  4520.770 607.01314     0.992    -4.453               7.724          0204Qd0095
  4520.799      25.0     4.191     -2.19                                        
  4520.818 607.01214     3.178    -1.286               7.724          1113Ra0265
  4520.860 607.01214     3.178    -4.449               7.724          1113Qd0265
  4520.863 607.01214     1.087    -1.845               7.724          0204Ra0205
  4520.867 607.01214     1.235    -2.360               7.724          0305Ra0035
  4520.877      24.0     3.875     -3.06                                        
  4520.884 607.01214     1.235    -2.473               7.724          0305Rb0025
  4520.888      78.0     4.679      0.16                                        
  4520.889 607.01214     1.235    -3.902               7.724          0305Qd0035
  4520.910 607.01214     1.087    -1.865               7.724          0204Rb0195
  4520.939 607.01214     1.087    -4.788               7.724          0204Qd0205
  4520.949      44.0     1.124     -1.51                                        
  4521.041      24.0     4.093     -2.25                                        
  4521.074 607.01214     2.843    -4.023               7.724          1012Qc0095
  4521.084      73.0     0.696     -1.98                                        
  4521.106 106.00113     1.039    -5.386               3.464            BX12R155
  4521.127      24.0     4.183     -1.69                                        
  4521.169 106.00113     1.142    -4.527               3.464            AX00P255
  4521.187 106.00113     1.288    -4.580               3.464            AX11P235
  4521.187 106.00113     1.426    -4.483               3.464            AX33P165
  4521.194      90.0     0.355     -1.40                                        
  4521.197 106.00112     1.431    -4.433               3.464            AX33P165
  4521.243      22.0     3.321     -3.72                                        
  4521.243 106.00113     1.909    -8.279               3.464            CX15P165
  4521.249      20.0     6.030     -3.37                                        
  4521.250 106.00113     1.909    -7.878               3.464            CX15P155
  4521.256 106.00112     0.873    -2.565               3.464            BX12R105
  4521.283 106.00112     1.071    -4.586               3.464            AX00P245
  4521.290      64.1     0.556     -1.49                              DenHarto06
  4521.290 607.01314     0.818    -2.248               7.724          0002Ra0385
  4521.296      20.0     6.030     -2.87                                        
  4521.311 607.01214     2.843    -1.699               7.724          1012Pa0105
  4521.311 607.01214     2.843    -1.743               7.724          1012Pb0095
  4521.322      28.0     4.232     -0.95                                        
  4521.322 106.00113     1.390   -11.355               3.464            CX04Q095
  4521.362 607.01314     0.818    -2.259               7.724          0002Rb0375
  4521.364 106.00112     1.567    -4.451               3.464            AX55P035
  4521.415 106.00113     1.390    -8.801               3.464            CX04R085
  4521.416 607.01314     0.818    -5.714               7.724          0002Qd0385
  4521.437 607.01214     3.167    -1.319               7.724          1113Rb0245
  4521.466      22.0     2.675     -3.91                                        
  4521.466 106.00112     0.873    -6.680               3.464            BX12Q115
  4521.483 106.00113     1.903    -1.509               3.464            AX33P255
  4521.483 607.01214     3.167    -1.302               7.724          1113Ra0255
  4521.492      20.0     4.677     -3.67                                        
  4521.497 106.00112     1.567    -4.463               3.464            AX55P035
  4521.503 106.00113     1.542    -9.359               3.464            CX15Q025
  4521.521 106.00112     0.873    -2.530               3.464            BX12R115
  4521.530 607.01214     3.167    -4.432               7.724          1113Qd0255
  4521.549      42.0     3.165     -1.66                                        
  4521.575 106.00113     1.903    -3.866               3.464            AX33Q245
  4521.592 106.00113     1.542    -7.481               3.464            CX15R025
  4521.611 607.01314     0.876    -1.988               7.724          0103Ra0255
  4521.621 106.00113     1.390    -8.727               3.464            CX04R095
  4521.639      26.0     3.271     -3.66                                        
  4521.642      27.0     4.110     -2.85                                        
  4521.665 607.01314     0.876    -2.005               7.724          0103Rb0245
  4521.677 106.00113     1.577    -4.339               3.464            AX55P045
  4521.678 607.01214     2.848    -4.065               7.724          1012Qc0105
  4521.700 607.01314     0.876    -5.113               7.724          0103Qd0255
  4521.707      25.1     5.563     -5.25                                        
  4521.707 106.00113     1.909   -10.752               3.464            CX15Q155
  4521.754 607.01214     1.234    -2.473               7.724          0305Ra0025
  4521.768 607.01214     1.234    -2.627               7.724          0305Rb0015
  4521.772 607.01214     1.234    -3.772               7.724          0305Qd0025
  4521.775 106.00112     0.672    -2.851               3.464            BX12P025
  4521.786 106.00113     2.102    -5.313               3.464            AX01R345
  4521.800 607.01314     0.988    -2.182               7.724          0204Ra0085
  4521.822      25.0     4.602     -2.72                                        
  4521.828 106.00113     1.903    -1.510               3.464            AX33P245
  4521.842 607.01314     0.988    -2.230               7.724          0204Rb0075
  4521.848      24.0     3.432     -3.46                                        
  4521.853 607.01314     0.988    -4.407               7.724          0204Qd0085
  4521.864      28.0     3.737     -2.21                                        
  4521.872      24.0     3.842     -3.82                                        
  4521.873 106.00113     1.577    -4.353               3.464            AX55P045
  4521.902      28.0     3.539     -3.81                                        
  4521.903 607.01214     2.848    -1.699               7.724          1012Pb0105
  4521.921 607.01214     2.848    -1.659               7.724          1012Pa0115
  4521.948      22.0     3.291     -4.21                                        
  4521.951      64.1     2.314      0.10                                        
  4521.954      58.0     0.384     -0.42                                        
  4521.975      20.0     6.031     -3.93                                        
  4522.015 106.00113     1.699    -3.724               3.464            AX44Q165
  4522.018      24.0     3.090     -1.16                                        
  4522.023 106.00113     1.699    -1.698               3.464            AX44P175
  4522.027      39.0     2.036     -0.49                                        
  4522.064 106.00113     1.699    -1.713               3.464            AX44P165
  4522.079      58.1     0.875     -1.49                                        
  4522.103 106.00112     0.710    -2.565               3.464            BX12Q045
  4522.115 607.01214     3.157    -1.336               7.724          1113Rb0235
  4522.127 106.00112     0.710    -5.035               3.464            BX12R045
  4522.142 106.00112     1.378    -4.542               3.464            AX22P205
  4522.154 607.01214     3.157    -1.319               7.724          1113Ra0245
  4522.178      23.0     1.871     -4.12                                        
  4522.181 106.00112     1.509    -6.395               3.464            AX12R235
  4522.186      42.0     2.494     -1.24                                        
  4522.190      41.1     2.670     -1.20                              Nilsson10 
  4522.204 607.01214     3.157    -4.415               7.724          1113Qd0245
  4522.208      24.0     3.090     -3.98                                        
  4522.236   25.0055     3.132    -8.728                                 KURHFS 
  4522.240   25.0055     3.132    -8.443                                 KURHFS 
  4522.240   25.0055     3.132    -8.698                                 KURHFS 
  4522.247 106.00113     1.486    -4.362               3.464            AX44P115
  4522.248   25.0055     3.132    -8.221                                 KURHFS 
  4522.248   25.0055     3.132    -8.522                                 KURHFS 
  4522.248   25.0055     3.132    -9.476                                 KURHFS 
  4522.261   25.0055     3.132    -8.037                                 KURHFS 
  4522.261   25.0055     3.132    -8.455                                 KURHFS 
  4522.261   25.0055     3.132    -9.397                                 KURHFS 
  4522.276 607.01214     2.853    -4.103               7.724          1012Qc0115
  4522.277   25.0055     3.132    -7.879                                 KURHFS 
  4522.277   25.0055     3.132    -8.481                                 KURHFS 
  4522.277   25.0055     3.132    -9.522                                 KURHFS 
  4522.297   25.0055     3.132    -7.739                                 KURHFS 
  4522.297   25.0055     3.132    -8.657                                 KURHFS 
  4522.297   25.0055     3.132    -9.874                                 KURHFS 
  4522.309 106.00113     1.503    -6.395               3.464            AX12R235
  4522.352      57.1     1.251     -0.13                                        
  4522.356 106.00113     1.969    -7.421               3.464            CX04P225
  4522.364 106.00112     1.148    -4.527               3.464            AX00P255
  4522.370      57.1     0.000     -1.4                               adj-0.20
  4522.413   27.0059     4.069    -4.283                                 KURHFS 
  4522.418   27.0059     4.069    -4.165                                 KURHFS 
  4522.418   27.0059     4.069    -4.735                                 KURHFS 
  4522.418 106.00113     1.969    -7.273               3.464            CX04P215
  4522.418 607.01214     1.078    -1.865               7.724          0204Ra0195
  4522.424   27.0059     4.069    -4.047                                 KURHFS 
  4522.424   27.0059     4.069    -4.524                                 KURHFS 
  4522.424   27.0059     4.069    -5.735                                 KURHFS 
  4522.433   27.0059     4.069    -3.935                                 KURHFS 
  4522.433   27.0059     4.069    -4.428                                 KURHFS 
  4522.433   27.0059     4.069    -5.528                                 KURHFS 
  4522.444   27.0059     4.069    -3.831                                 KURHFS 
  4522.444   27.0059     4.069    -4.392                                 KURHFS 
  4522.444   27.0059     4.069    -5.500                                 KURHFS 
  4522.456   27.0059     4.069    -3.735                                 KURHFS 
  4522.456   27.0059     4.069    -4.408                                 KURHFS 
  4522.456   27.0059     4.069    -5.580                                 KURHFS 
  4522.463 607.01214     1.078    -1.887               7.724          0204Rb0185
  4522.470   27.0059     4.069    -3.645                                 KURHFS 
  4522.470   27.0059     4.069    -4.490                                 KURHFS 
  4522.470   27.0059     4.069    -5.772                                 KURHFS 
  4522.477   63.1151     0.207    -2.159                              Law01HFSIS
  4522.480 106.00112     1.294    -4.580               3.464            AX11P235
  4522.485   27.0059     4.069    -3.561                                 KURHFS 
  4522.485   27.0059     4.069    -4.708                                 KURHFS 
  4522.485   27.0059     4.069    -6.161                                 KURHFS 
  4522.488 607.01214     2.853    -1.659               7.724          1012Pb0115
  4522.489   63.1151     0.207    -1.266                              Law01HFSIS
  4522.490 607.01214     1.078    -4.768               7.724          0204Qd0195
  4522.521 607.01214     2.853    -1.623               7.724          1012Pa0125
  4522.529   63.1151     0.207    -1.984                              Law01HFSIS
  4522.536      62.0     0.185     -0.75                                        
  4522.539   63.1151     0.207    -1.474                              Law01HFSIS
  4522.550 106.00112     0.710    -4.935               3.464            BX12P055
  4522.551   63.1151     0.207    -2.159                              Law01HFSIS
  4522.551   63.1153     0.207    -2.159                              Law01HFSIS
  4522.555   63.1153     0.207    -1.267                              Law01HFSIS
  4522.570      69.1     2.536      0.04                              Wickliff97
  4522.572   63.1151     0.207    -1.962                              Law01HFSIS
  4522.574   63.1153     0.207    -1.984                              Law01HFSIS
  4522.575 106.00112     0.710    -2.483               3.464            BX12Q055
  4522.578   63.1153     0.207    -1.474                              Law01HFSIS
  4522.581   63.1151     0.207    -1.711                              Law01HFSIS
  4522.583   63.1153     0.207    -2.159                              Law01HFSIS
  4522.591   63.1151     0.207    -1.984                              Law01HFSIS
  4522.593   63.1153     0.207    -1.962                              Law01HFSIS
  4522.597   63.1153     0.207    -1.711                              Law01HFSIS
  4522.601   63.1153     0.207    -1.984                              Law01HFSIS
  4522.605 607.01214     1.233    -2.627               7.724          0305Ra0015
  4522.606   63.1151     0.207    -2.038                              Law01HFSIS
  4522.607   63.1153     0.207    -2.038                              Law01HFSIS
  4522.608 106.00112     1.598    -2.395               3.464            AX55P055
  4522.610   63.1153     0.207    -1.980                              Law01HFSIS
  4522.612   63.1151     0.207    -1.980                              Law01HFSIS
  4522.614   63.1153     0.207    -1.962                              Law01HFSIS
  4522.616 607.01214     1.233    -2.882               7.724          0305Rb0005
  4522.618   63.1153     0.207    -2.247                              Law01HFSIS
  4522.618 607.01214     1.233    -3.580               7.724          0305Qd0015
  4522.620   63.1151     0.207    -1.962                              Law01HFSIS
  4522.620   63.1153     0.207    -2.256                              Law01HFSIS
  4522.623   63.1153     0.207    -2.038                              Law01HFSIS
  4522.624 607.01214     0.989    -1.902               7.724          0103Ra0325
  4522.625   63.1153     0.207    -2.344                              Law01HFSIS
  4522.627   63.1153     0.207    -2.247                              Law01HFSIS
  4522.628      26.1     2.844     -1.99                                 NIST/C 
  4522.631   63.1151     0.207    -2.247                              Law01HFSIS
  4522.635   63.1151     0.207    -2.256                              Law01HFSIS
  4522.641   63.1151     0.207    -2.038                              Law01HFSIS
  4522.648   63.1151     0.207    -2.344                              Law01HFSIS
  4522.652   63.1151     0.207    -2.247                              Law01HFSIS
  4522.679      42.0     3.614     -1.55                                        
  4522.681      26.0     4.635     -2.86                                        
  4522.696 607.01214     0.989    -1.915               7.724          0103Rb0315
  4522.701 106.00113     0.669    -3.940               3.464            BX12P015
  4522.708      28.0     4.415     -2.29                                        
  4522.712      75.0     3.579      0.97                                        
  4522.712 106.00112     1.598    -3.398               3.464            AX55Q055
  4522.742 607.01214     0.989    -5.227               7.724          0103Qd0325
  4522.744      68.0     0.954     -0.15                                        
  4522.767      24.1     6.800     -3.60                                        
  4522.784      90.1     3.067     -0.08                                        
  4522.796 607.01214     3.147    -1.354               7.724          1113Rb0225
  4522.797      22.0     0.818     -0.27                                 LAWLER 
  4522.822      60.1     0.742     -1.08                                        
  4522.823 607.01314     0.985    -2.230               7.724          0204Ra0075
  4522.830 607.01214     3.147    -1.336               7.724          1113Ra0235
  4522.833      28.0     2.738     -4.44                                        
  4522.840      64.1     1.424     -0.31                              DenHarto06
  4522.869 607.01214     2.858    -4.138               7.724          1012Qc0125
  4522.882 607.01214     3.147    -4.398               7.724          1113Qd0235
  4522.886 106.00112     1.598    -2.394               3.464            AX55P055
  4522.889 607.01314     0.985    -2.284               7.724          0204Rb0065
  4522.895      42.0     3.714     -1.50                                        
  4522.900 607.01314     0.985    -4.356               7.724          0204Qd0075
  4522.990 106.00112     1.598    -3.409               3.464            AX55Q055
  4523.007 607.01214     0.935    -2.211               7.724          0002Ra0435
  4523.030      62.1     0.040     -0.99                              Lawler06  
  4523.047 106.00112     1.598    -2.315               3.464            AX55P065
  4523.067 607.01214     2.858    -1.623               7.724          1012Pb0125
  4523.074      24.1     6.482     -2.79                                        
  4523.075      58.1     0.516     -0.08                              Lawler09  
  4523.088 607.01214     0.935    -2.221               7.724          0002Rb0425
  4523.094      24.1     7.326     -3.50                                        
  4523.101      23.0     2.721     -3.07                                        
  4523.108 607.01214     2.858    -1.589               7.724          1012Pa0135
  4523.109      40.0     2.199     -0.41                                        
  4523.131      23.1     6.291     -3.15                                        
  4523.133   25.0055     3.133    -6.386                                 KURHFS 
  4523.133   25.0055     3.133    -6.897                                 KURHFS 
  4523.133   25.0055     3.133    -7.994                                 KURHFS 
  4523.141   25.0055     3.133    -6.253                                 KURHFS 
  4523.141   25.0055     3.133    -6.709                                 KURHFS 
  4523.141   25.0055     3.133    -7.863                                 KURHFS 
  4523.148 106.00112     1.432    -4.482               3.464            AX33P165
  4523.151 607.01214     0.935    -5.777               7.724          0002Qd0435
  4523.152   25.0055     3.133    -6.123                                 KURHFS 
  4523.152   25.0055     3.133    -6.654                                 KURHFS 
  4523.152   25.0055     3.133    -7.960                                 KURHFS 
  4523.165   25.0055     3.133    -6.001                                 KURHFS 
  4523.165   25.0055     3.133    -6.692                                 KURHFS 
  4523.165   25.0055     3.133    -8.295                                 KURHFS 
  4523.166      56.0     1.674      0.17                                        
  4523.178      62.0     0.101     -0.83                                        
  4523.182   25.0055     3.133    -5.888                                 KURHFS 
  4523.182   25.0055     3.133    -6.880                                 KURHFS 
  4523.182 106.00113     1.969   -13.257               3.464            CX04Q215
  4523.200   25.0055     3.133    -5.784                                 KURHFS 
  4523.245      22.0     2.504     -1.78                                        
  4523.252 106.00113     1.487    -4.397               3.464            AX44P115
  4523.261 106.00113     0.684    -5.533               3.464            BX01P135
  4523.291 106.00112     1.598    -2.316               3.464            AX55P065
  4523.307 106.00113     1.593    -6.786               3.464            CX15Q055
  4523.326 607.01314     0.865    -2.005               7.724          0103Ra0245
  4523.348      25.0     4.662     -1.36                                        
  4523.379 607.01314     0.865    -2.022               7.724          0103Rb0235
  4523.397      41.0     0.142     -0.80                                        
  4523.399      26.0     3.654     -1.96                              NIST/D    
  4523.412 607.01314     0.865    -5.096               7.724          0103Qd0245
  4523.419 607.01214     1.233    -2.882               7.724          0305Ra0005
  4523.427 607.01214     1.233    -3.182               7.724          0305Qd0005
  4523.454 607.01214     2.864    -4.170               7.724          1012Qc0135
  4523.457      24.1     6.482     -3.14                                        
  4523.470 106.00113     1.593    -9.663               3.464            CX15P065
  4523.475 106.00113     1.593    -9.445               3.464            CX15R055
  4523.482 607.01214     3.138    -1.372               7.724          1113Rb0215
  4523.510 607.01214     3.138    -1.354               7.724          1113Ra0225
  4523.530      23.1     6.286     -4.27                                        
  4523.546 607.01314     0.801    -2.260               7.724          0002Ra0375
  4523.564 607.01214     3.138    -4.379               7.724          1113Qd0225
  4523.566      60.1     0.320     -1.74                                        
  4523.609   25.0055     3.133    -7.156                                 KURHFS 
  4523.609   25.0055     3.133    -7.411                                 KURHFS 
  4523.615   25.0055     3.133    -7.092                                 KURHFS 
  4523.615   25.0055     3.133    -7.213                                 KURHFS 
  4523.615   25.0055     3.133    -7.411                                 KURHFS 
  4523.617 607.01314     0.801    -2.271               7.724          0002Rb0365
  4523.624   25.0055     3.133    -6.917                                 KURHFS 
  4523.624   25.0055     3.133    -7.148                                 KURHFS 
  4523.624   25.0055     3.133    -7.213                                 KURHFS 
  4523.636   25.0055     3.133    -6.725                                 KURHFS 
  4523.636   25.0055     3.133    -7.148                                 KURHFS 
  4523.636   25.0055     3.133    -7.179                                 KURHFS 
  4523.639 106.00113     1.593    -6.722               3.464            CX15Q065
  4523.639 607.01214     2.864    -1.589               7.724          1012Pb0135
  4523.649      23.0     2.682     -3.77                                        
  4523.651   25.0055     3.133    -6.540                                 KURHFS 
  4523.651   25.0055     3.133    -7.179                                 KURHFS 
  4523.651   25.0055     3.133    -7.361                                 KURHFS 
  4523.669   25.0055     3.133    -6.369                                 KURHFS 
  4523.669   25.0055     3.133    -7.361                                 KURHFS 
  4523.669 607.01314     0.801    -5.704               7.724          0002Qd0375
  4523.674      24.1     6.800     -4.64                                        
  4523.688 607.01214     2.864    -1.558               7.724          1012Pa0145
  4523.694      28.0     4.232     -1.30                                        
  4523.710      28.0     3.541     -3.77                                        
  4523.788      25.1     6.107     -6.26                                        
  4523.818      26.0     4.909     -1.80                                        
  4523.874      75.0     3.579      0.35                                        
  4523.880      64.1     1.287     -1.48                              DenHarto06
  4523.899 607.01314     0.981    -2.347               7.724          0204Rb0055
  4523.910      62.1     0.434     -0.39                              Lawler06  
  4523.910 607.01314     0.982    -4.298               7.724          0204Qd0065
  4523.926      26.0     2.607     -3.94                                        
  4523.927      25.0     4.191     -2.14                                        
  4523.935 607.01214     1.070    -1.887               7.724          0204Ra0185
  4523.979 607.01214     1.070    -1.910               7.724          0204Rb0175
  4524.005      23.1     5.875     -2.75                                        
  4524.005 607.01214     1.070    -4.746               7.724          0204Qd0185
  4524.025 607.01314     0.982    -2.284               7.724          0204Ra0065
  4524.032 607.01214     2.870    -4.200               7.724          1012Qc0145
  4524.033 106.00112     1.914    -3.824               3.464            AX33Q245
  4524.072 106.00112     1.724    -3.599               3.464            AX55R105
  4524.073      26.0     3.651     -5.11                                        
  4524.077 106.00112     1.724    -1.656               3.464            AX55Q105
  4524.106 106.00112     1.914    -1.507               3.464            AX33P255
  4524.122      41.0     0.197     -1.34                                        
  4524.123      64.0     1.673      0.57                                        
  4524.153      23.1     6.674     -2.90                                        
  4524.168 106.00112     1.914    -1.508               3.464            AX33P245
  4524.171 607.01214     3.129    -1.392               7.724          1113Rb0205
  4524.194 607.01214     3.129    -1.372               7.724          1113Ra0215
  4524.200 607.01214     2.870    -1.558               7.724          1012Pb0145
  4524.208      23.0     1.891     -0.18                               LAWNOHFS 
  4524.222      23.0     1.798     -3.52                                        
  4524.244 106.00112     1.724    -1.632               3.464            AX55Q115
  4524.249 106.00112     1.724    -3.613               3.464            AX55P115
  4524.250 607.01214     3.129    -4.360               7.724          1113Qd0215
  4524.251   21.0045     1.438    -5.101                                 KURHFS 
  4524.252   21.0045     1.438    -4.816                                 KURHFS 
  4524.252   21.0045     1.438    -5.071                                 KURHFS 
  4524.256   21.0045     1.438    -4.628                                 KURHFS 
  4524.256   21.0045     1.438    -5.071                                 KURHFS 
  4524.256   21.0045     1.438    -5.122                                 KURHFS 
  4524.258 607.01214     2.870    -1.528               7.724          1012Pa0155
  4524.261   21.0045     1.438    -4.537                                 KURHFS 
  4524.261   21.0045     1.438    -4.683                                 KURHFS 
  4524.261   21.0045     1.438    -5.247                                 KURHFS 
  4524.268   21.0045     1.438    -4.428                                 KURHFS 
  4524.268   21.0045     1.438    -4.515                                 KURHFS 
  4524.268   21.0045     1.438    -5.469                                 KURHFS 
  4524.276   21.0045     1.438    -4.230                                 KURHFS 
  4524.276   21.0045     1.438    -4.569                                 KURHFS 
  4524.276   21.0045     1.438    -5.879                                 KURHFS 
  4524.287   21.0045     1.438    -4.066                                 KURHFS 
  4524.287   21.0045     1.438    -4.765                                 KURHFS 
  4524.298   21.0045     1.438    -3.925                                 KURHFS 
  4524.327   23.0051     1.349    -6.783                                 KURHFS 
  4524.330   23.0051     1.349    -6.503                                 KURHFS 
  4524.330   23.0051     1.349    -6.783                                 KURHFS 
  4524.330   23.0051     1.349    -7.804                                 KURHFS 
  4524.331      42.0     1.470     -1.44                              NIST/B+   
  4524.335   23.0051     1.349    -6.365                                 KURHFS 
  4524.335   23.0051     1.349    -6.503                                 KURHFS 
  4524.335   23.0051     1.349    -7.105                                 KURHFS 
  4524.343   23.0051     1.349    -6.299                                 KURHFS 
  4524.343   23.0051     1.349    -6.365                                 KURHFS 
  4524.343   23.0051     1.349    -6.658                                 KURHFS 
  4524.354   23.0051     1.349    -6.292                                 KURHFS 
  4524.354   23.0051     1.349    -6.299                                 KURHFS 
  4524.354   23.0051     1.349    -6.327                                 KURHFS 
  4524.368   23.0051     1.349    -6.064                                 KURHFS 
  4524.368   23.0051     1.349    -6.292                                 KURHFS 
  4524.368   23.0051     1.349    -6.357                                 KURHFS 
  4524.380      59.1     0.422     -1.72                                LINOHFS 
  4524.384   23.0051     1.349    -5.845                                 KURHFS 
  4524.384   23.0051     1.349    -6.357                                 KURHFS 
  4524.384   23.0051     1.349    -6.561                                 KURHFS 
  4524.403   23.0051     1.349    -5.658                                 KURHFS 
  4524.403   23.0051     1.349    -6.561                                 KURHFS 
  4524.493      26.1     6.212     -2.88                                        
  4524.520 106.00112     1.618    -9.485               3.464            CX15R065
  4524.571 106.00112     1.618    -6.721               3.464            CX15Q065
  4524.601 607.01214     2.877    -4.229               7.724          1012Qc0155
  4524.625 106.00112     1.704    -3.694               3.464            AX44Q165
  4524.646 106.00113     1.971    -8.196               3.464            AX23R265
  4524.659   21.0045     1.427    -7.808                                 KURHFS 
  4524.659   21.0045     1.427    -8.219                                 KURHFS 
  4524.664   21.0045     1.427    -8.105                                 KURHFS 
  4524.664   21.0045     1.427    -8.219                                 KURHFS 
  4524.664   21.0045     1.427    -8.424                                 KURHFS 
  4524.669   21.0045     1.427    -8.105                                 KURHFS 
  4524.669   21.0045     1.427    -8.230                                 KURHFS 
  4524.672   21.0045     1.427    -8.230                                 KURHFS 
  4524.672   21.0045     1.427    -8.406                                 KURHFS 
  4524.684 106.00113     1.359    -4.525               3.464            AX11P245
  4524.685 106.00112     1.704    -1.712               3.464            AX44P165
  4524.687      22.1     1.230     -2.8                               adj-2.34
  4524.695 607.01214     0.975    -1.915               7.724          0103Ra0315
  4524.733      22.0     3.109      0.07                                        
  4524.734 106.00112     1.704    -1.697               3.464            AX44P175
  4524.755      50.0     2.126     -0.90                                        
  4524.760 607.01214     2.877    -1.528               7.724          1012Pb0155
  4524.765 607.01214     0.974    -1.929               7.724          0103Rb0305
  4524.802      23.1     3.800     -3.92                                        
  4524.805 106.00113     0.727    -2.484               3.464            BX12Q055
  4524.806 106.00112     1.618    -6.668               3.464            CX15Q075
  4524.810 607.01214     0.975    -5.215               7.724          0103Qd0315
  4524.816 607.01214     2.877    -1.501               7.724          1012Pa0165
  4524.834 106.00113     0.727    -5.096               3.464            BX12R055
  4524.835      24.0     4.102     -0.52                                        
  4524.838      90.1     0.868     -1.68                              Nils02/9% 
  4524.849      58.1     0.956     -1.56                              Lawler09  
  4524.857 106.00112     1.618    -9.785               3.464            CX15P075
  4524.864 607.01214     3.120    -1.412               7.724          1113Rb0195
  4524.867      76.0     1.367     -2.07                                        
  4524.872 607.01314     0.979    -2.420               7.724          0204Rb0045
  4524.881 607.01214     3.120    -1.392               7.724          1113Ra0205
  4524.882      26.0     4.603     -1.75                                        
  4524.884 607.01314     0.979    -4.230               7.724          0204Qd0055
  4524.895 607.01314     0.979    -2.347               7.724          0204Ra0055
  4524.906 106.00112     1.725    -3.613               3.464            AX55R105
  4524.911 106.00112     1.725    -1.656               3.464            AX55Q105
  4524.93       56.1     2.512     -0.39                              NISTtot/B 
  4524.935 607.01214     1.233    -3.183               7.724          0305Qc0005
  4524.937 607.01214     1.233    -2.881               7.724          0305Pa0015
  4524.938 607.01214     3.120    -4.340               7.724          1113Qd0205
  4525.006 607.01314     0.854    -2.022               7.724          0103Ra0235
  4525.019 106.00112     1.725    -1.632               3.464            AX55Q115
  4525.024 106.00112     1.725    -3.600               3.464            AX55P115
  4525.034      26.1     6.204     -3.06                                        
  4525.057 607.01314     0.854    -2.040               7.724          0103Rb0225
  4525.089 607.01314     0.854    -5.079               7.724          0103Qd0235
  4525.090      90.1     1.377     -1.65                                        
  4525.127      29.0     5.684     -1.25                                        
  4525.137      26.0     3.600     -0.7                               adj-0.34
  4525.149      26.0     3.600     -3.96                                        
  4525.152      23.0     1.941     -0.77                               LAWNOHFS 
  4525.155      26.0     4.309     -4.28                                        
  4525.162 607.01214     2.884    -4.255               7.724          1012Qc0165
  4525.165 106.00113     0.728    -5.028               3.464            BX12P065
  4525.194 106.00113     0.728    -2.416               3.464            BX12Q065
  4525.216 106.00112     0.671    -3.939               3.464            BX12P015
  4525.242      22.1     1.083     -3.54                                        
  4525.248      24.0     4.096     -0.92                                        
  4525.289 106.00113     0.679    -2.847               3.464            BX12P025
  4525.291      57.1     1.945     -0.35                                        
  4525.296 106.00113     1.534    -8.283               3.464            CX15R005
  4525.300 106.00113     0.679    -6.575               3.464            BX12Q025
  4525.317 607.01214     2.884    -1.501               7.724          1012Pb0165
  4525.322      42.0     2.621     -1.79                                        
  4525.326      25.1     6.001     -2.07                                        
  4525.389 607.01214     2.884    -1.475               7.724          1012Pa0175
  4525.395      22.0     3.212     -3.85                                        
  4525.416 607.01214     1.062    -1.910               7.724          0204Ra0175
  4525.427 106.00113     1.145    -4.599               3.464            AX00P255
  4525.458 607.01214     1.062    -1.934               7.724          0204Rb0165
  4525.483 607.01214     1.062    -4.723               7.724          0204Qd0175
  4525.533 106.00112     1.150    -6.367               3.464            AX01R225
  4525.565 607.01214     3.112    -1.412               7.724          1113Ra0195
  4525.565 607.01214     3.112    -1.434               7.724          1113Rb0185
  4525.572 607.01214     0.916    -2.221               7.724          0002Ra0425
  4525.629 607.01214     3.112    -4.319               7.724          1113Qd0195
  4525.633 607.01214     1.234    -3.580               7.724          0305Qc0015
  4525.636 607.01214     1.234    -2.625               7.724          0305Pa0025
  4525.641 607.01214     1.234    -2.881               7.724          0305Pb0015
  4525.652 607.01214     0.916    -2.231               7.724          0002Rb0415
  4525.714 607.01214     0.916    -5.768               7.724          0002Qd0425
  4525.716 607.01214     2.891    -4.280               7.724          1012Qc0175
  4525.719   27.0059     0.513    -6.481                                 KURHFS 
  4525.723   27.0059     0.513    -6.201                                 KURHFS 
  4525.723   27.0059     0.513    -6.481                                 KURHFS 
  4525.723   27.0059     0.513    -7.502                                 KURHFS 
  4525.733   27.0059     0.513    -6.063                                 KURHFS 
  4525.733   27.0059     0.513    -6.201                                 KURHFS 
  4525.733   27.0059     0.513    -6.803                                 KURHFS 
  4525.744      26.1     2.028     -8.75                                        
  4525.747   27.0059     0.513    -5.997                                 KURHFS 
  4525.747   27.0059     0.513    -6.063                                 KURHFS 
  4525.747   27.0059     0.513    -6.356                                 KURHFS 
  4525.750      22.0     2.486     -5.47                                        
  4525.765   27.0059     0.513    -5.990                                 KURHFS 
  4525.765   27.0059     0.513    -5.997                                 KURHFS 
  4525.765   27.0059     0.513    -6.025                                 KURHFS 
  4525.767 607.01314     0.785    -2.271               7.724          0002Ra0365
  4525.788   27.0059     0.513    -5.762                                 KURHFS 
  4525.788   27.0059     0.513    -5.990                                 KURHFS 
  4525.788   27.0059     0.513    -6.055                                 KURHFS 
  4525.788   27.0059     3.927    -4.157                                 KURHFS 
  4525.788   27.0059     3.927    -4.353                                 KURHFS 
  4525.795   27.0059     3.927    -4.132                                 KURHFS 
  4525.795   27.0059     3.927    -4.143                                 KURHFS 
  4525.795   27.0059     3.927    -4.353                                 KURHFS 
  4525.805   27.0059     3.927    -4.005                                 KURHFS 
  4525.805   27.0059     3.927    -4.029                                 KURHFS 
  4525.805   27.0059     3.927    -4.132                                 KURHFS 
  4525.815   27.0059     0.513    -5.543                                 KURHFS 
  4525.815   27.0059     0.513    -6.055                                 KURHFS 
  4525.815   27.0059     0.513    -6.259                                 KURHFS 
  4525.818   27.0059     3.927    -3.838                                 KURHFS 
  4525.818   27.0059     3.927    -3.986                                 KURHFS 
  4525.818   27.0059     3.927    -4.029                                 KURHFS 
  4525.818 607.01314     0.977    -2.420               7.724          0204Ra0045
  4525.818 607.01314     0.977    -2.509               7.724          0204Rb0035
  4525.821 106.00112     1.491    -4.361               3.464            AX44P115
  4525.821 607.01314     0.977    -4.150               7.724          0204Qd0045
  4525.835   27.0059     3.927    -3.669                                 KURHFS 
  4525.835   27.0059     3.927    -3.986                                 KURHFS 
  4525.835   27.0059     3.927    -3.997                                 KURHFS 
  4525.836 607.01314     0.785    -2.283               7.724          0002Rb0355
  4525.840 106.00113     1.145    -6.367               3.464            AX01R225
  4525.847   27.0059     0.513    -5.356                                 KURHFS 
  4525.847   27.0059     0.513    -6.259                                 KURHFS 
  4525.855   27.0059     3.927    -3.510                                 KURHFS 
  4525.855   27.0059     3.927    -3.997                                 KURHFS 
  4525.855   27.0059     3.927    -4.074                                 KURHFS 
  4525.857 106.00113     1.562   -10.318               3.464            CX04P145
  4525.864      26.0     2.882     -3.14                              NIST/E    
  4525.871      42.0     3.441     -1.54                                        
  4525.879   27.0059     3.927    -3.362                                 KURHFS 
  4525.879   27.0059     3.927    -4.074                                 KURHFS 
  4525.879   27.0059     3.927    -4.289                                 KURHFS 
  4525.880 607.01214     2.891    -1.475               7.724          1012Pb0175
  4525.887 607.01314     0.785    -5.694               7.724          0002Qd0365
  4525.890      25.0     4.317     -2.65                                        
  4525.906   27.0059     3.927    -3.226                                 KURHFS 
  4525.906   27.0059     3.927    -4.289                                 KURHFS 
  4525.925 607.01214     2.891    -1.451               7.724          1012Pa0185
  4525.930      22.0     2.493     -0.80                                        
  4525.944      26.0     4.604     -3.46                                        
  4525.947 106.00112     1.366    -4.525               3.464            AX11P245
  4525.997      24.0     3.085     -2.78                                        
  4526.030      20.0     1.884     -3.32                                        
  4526.074 106.00113     1.223    -4.537               3.464            AX00P265
  4526.086 106.00113     0.679    -2.796               3.464            BX12P035
  4526.095 106.00112     0.687    -5.533               3.464            BX01P135
  4526.096      38.1     6.909     -1.52                                        
  4526.096   57.1139     0.772    -1.192                              Lawle01HFS
  4526.098      24.0     3.373     -1.01                                        
  4526.101   57.1139     0.772    -1.932                              Lawle01HFS
  4526.104   57.1139     0.772    -2.932                              Lawle01HFS
  4526.107   57.1139     0.772    -1.363                              Lawle01HFS
  4526.110   57.1139     0.772    -1.750                              Lawle01HFS
  4526.114   57.1139     0.772    -2.514                              Lawle01HFS
  4526.115   57.1139     0.772    -1.570                              Lawle01HFS
  4526.118   57.1139     0.772    -1.716                              Lawle01HFS
  4526.121   57.1139     0.772    -2.280                              Lawle01HFS
  4526.122   57.1139     0.772    -1.841                              Lawle01HFS
  4526.124   57.1139     0.772    -1.775                              Lawle01HFS
  4526.126   57.1139     0.772    -2.134                              Lawle01HFS
  4526.127   57.1139     0.772    -2.259                              Lawle01HFS
  4526.129      23.0     1.941     -0.35                                        
  4526.129   57.1139     0.772    -1.958                              Lawle01HFS
  4526.130   57.1139     0.772    -2.037                              Lawle01HFS
  4526.135      25.1     5.376     -4.59                                        
  4526.161 106.00113     1.562    -7.430               3.464            CX04Q135
  4526.183      20.0     5.014     -4.58                                        
  4526.257      22.0     2.133     -1.79                                        
  4526.257      24.0     4.447     -1.07                                        
  4526.260 607.01214     3.104    -1.434               7.724          1113Ra0185
  4526.260 607.01214     3.104    -1.456               7.724          1113Rb0175
  4526.264 607.01214     2.899    -4.304               7.724          1012Qc0185
  4526.294 607.01214     1.235    -3.772               7.724          0305Qc0025
  4526.299 607.01214     1.235    -2.470               7.724          0305Pa0035
  4526.300 106.00113     1.562    -7.414               3.464            CX04Q145
  4526.307 607.01214     1.235    -2.625               7.724          0305Pb0025
  4526.322 607.01214     3.104    -4.297               7.724          1113Qd0185
  4526.365      22.0     1.501     -1.86                                 LAWLER 
  4526.366      42.0     2.289     -1.38                                        
  4526.399      26.0     3.879     -3.69                                        
  4526.405   27.0059     0.431    -5.916                                 KURHFS 
  4526.408      20.0     2.930     -6.43                                        
  4526.417   27.0059     0.431    -5.798                                 KURHFS 
  4526.417   27.0059     0.431    -6.368                                 KURHFS 
  4526.434   27.0059     0.431    -5.680                                 KURHFS 
  4526.434   27.0059     0.431    -6.157                                 KURHFS 
  4526.434   27.0059     0.431    -7.368                                 KURHFS 
  4526.445 607.01214     2.899    -1.451               7.724          1012Pb0185
  4526.450 607.01214     2.899    -1.428               7.724          1012Pa0195
  4526.454      24.0     2.542     -0.15                                 SOBECK 
  4526.456   27.0059     0.431    -5.568                                 KURHFS 
  4526.456   27.0059     0.431    -6.061                                 KURHFS 
  4526.456   27.0059     0.431    -7.161                                 KURHFS 
  4526.485   27.0059     0.431    -5.464                                 KURHFS 
  4526.485   27.0059     0.431    -6.025                                 KURHFS 
  4526.485   27.0059     0.431    -7.133                                 KURHFS 
  4526.495      24.0     4.398     -2.29                                        
  4526.497 106.00112     1.705    -3.723               3.464            AX44Q165
  4526.502      24.0     3.008     -1.91                                        
  4526.512 106.00112     1.705    -1.697               3.464            AX44P175
  4526.513      26.0     4.412     -4.28                                        
  4526.519   27.0059     0.431    -5.368                                 KURHFS 
  4526.519   27.0059     0.431    -6.041                                 KURHFS 
  4526.519   27.0059     0.431    -7.213                                 KURHFS 
  4526.550 106.00113     1.789    -1.618               3.464            AX55Q125
  4526.550 106.00113     1.789    -3.715               3.464            AX55R125
  4526.558 106.00112     1.705    -1.712               3.464            AX44P165
  4526.559   27.0059     0.431    -5.278                                 KURHFS 
  4526.559   27.0059     0.431    -6.123                                 KURHFS 
  4526.559   27.0059     0.431    -7.405                                 KURHFS 
  4526.561      26.0     3.109     -2.84                                        
  4526.576      23.1     3.755     -4.45                                        
  4526.594      26.1     5.565     -3.38                                        
  4526.604   27.0059     0.431    -5.194                                 KURHFS 
  4526.604   27.0059     0.431    -6.341                                 KURHFS 
  4526.604   27.0059     0.431    -7.794                                 KURHFS 
  4526.604 106.00113     1.562   -11.942               3.464            CX04R135
  4526.649 607.01314     0.844    -2.041               7.724          0103Ra0225
  4526.672 106.00112     1.151    -4.598               3.464            AX00P255
  4526.674 106.00113     1.789    -3.708               3.464            AX55P135
  4526.675 106.00113     1.789    -1.606               3.464            AX55Q135
  4526.698 607.01314     0.844    -2.059               7.724          0103Rb0215
  4526.716 607.01314     0.975    -2.509               7.724          0204Ra0035
  4526.716 607.01314     0.975    -2.621               7.724          0204Rb0025
  4526.721 607.01314     0.975    -4.051               7.724          0204Qd0035
  4526.729 607.01214     0.960    -1.929               7.724          0103Ra0305
  4526.729 607.01314     0.844    -5.061               7.724          0103Qd0225
  4526.736   27.0059     3.710    -1.783                                 KURHFS 
  4526.746   27.0059     3.710    -1.783                                 KURHFS 
  4526.746   27.0059     3.710    -1.959                                 KURHFS 
  4526.761   27.0059     3.710    -1.619                                 KURHFS 
  4526.761   27.0059     3.710    -2.084                                 KURHFS 
  4526.761   27.0059     3.710    -2.209                                 KURHFS 
  4526.782   27.0059     3.710    -1.611                                 KURHFS 
  4526.782   27.0059     3.710    -1.645                                 KURHFS 
  4526.782   27.0059     3.710    -2.637                                 KURHFS 
  4526.797 607.01214     0.960    -1.943               7.724          0103Rb0295
  4526.807   27.0059     3.710    -1.362                                 KURHFS 
  4526.807   27.0059     3.710    -1.772                                 KURHFS 
  4526.809 607.01214     2.908    -4.327               7.724          1012Qc0195
  4526.838   27.0059     3.710    -1.146                                 KURHFS 
  4526.840 607.01214     0.960    -5.202               7.724          0103Qd0305
  4526.842 106.00112     1.491    -4.396               3.464            AX44P115
  4526.860 607.01214     1.054    -1.934               7.724          0204Ra0165
  4526.900 607.01214     1.054    -1.959               7.724          0204Rb0155
  4526.919 607.01214     1.237    -3.903               7.724          0305Qc0035
  4526.923 607.01214     1.054    -4.698               7.724          0204Qd0165
  4526.925 607.01214     1.237    -2.356               7.724          0305Pa0045
  4526.926      68.1     2.287     -0.68                              Lawler08  
  4526.936 607.01214     1.237    -2.470               7.724          0305Pb0035
  4526.940      20.0     2.709     -0.42                              NIST/D    
  4526.955 607.01214     3.097    -1.456               7.724          1113Ra0175
  4526.955 607.01214     3.097    -1.480               7.724          1113Rb0165
  4526.966 607.01214     2.908    -1.406               7.724          1012Pa0205
  4526.975      24.0     3.110     -1.86                                        
  4527.006      22.0     2.486     -2.93                                        
  4527.011      21.0     5.055     -2.11                                        
  4527.011      21.0     5.055     -3.42                                        
  4527.013 607.01214     2.908    -1.428               7.724          1012Pb0195
  4527.017 607.01214     3.097    -4.273               7.724          1113Qd0175
  4527.058      20.0     5.014     -2.87                                        
  4527.089 106.00112     1.961    -1.932               3.464            AX55R165
  4527.112 106.00112     1.961    -1.968               3.464            AX55R175
  4527.184 106.00112     1.961    -3.943               3.464            AX55Q175
  4527.234      39.0     1.429      0.54                                        
  4527.239      60.0     0.625      0.18                                        
  4527.294 106.00112     2.119    -5.312               3.464            AX01R345
  4527.296 106.00112     1.230    -4.537               3.464            AX00P265
  4527.304      22.0     0.812     -0.45                                 LAWLER 
  4527.331 106.00113     1.636    -2.208               3.464            AX55P075
  4527.335      24.0     2.543     -1.07                                 SOBECK 
  4527.348      58.1     0.320     -0.19                              Lawler09  
  4527.356 607.01214     2.916    -4.348               7.724          1012Qc0205
  4527.363 106.00112     1.547    -7.799               3.464            CX15R015
  4527.385 106.00112     0.730    -2.484               3.464            BX12Q055
  4527.403 106.00113     1.435    -4.497               3.464            AX22P215
  4527.409 106.00113     1.636    -3.498               3.464            AX55Q075
  4527.414 106.00112     0.730    -5.095               3.464            BX12R055
  4527.418 106.00113     2.105    -5.314               3.464            AX01R345
  4527.419      62.0     0.101     -1.17                                        
  4527.423      58.1     0.956     -0.95                              Lawler09  
  4527.454      24.0     2.985     -0.87                                        
  4527.456 106.00112     2.119    -4.434               3.464            AX01R335
  4527.472      22.0     0.000     -3.55                                        
  4527.478 106.00112     1.395    -8.799               3.464            CX04R085
  4527.479 607.01214     2.916    -1.385               7.724          1012Pa0215
  4527.487      24.0     3.090     -4.11                                        
  4527.506 607.01214     1.239    -4.002               7.724          0305Qc0045
  4527.513 607.01214     1.239    -2.267               7.724          0305Pa0055
  4527.524 106.00112     2.119    -6.110               3.464            AX01Q345
  4527.527      27.0     4.143     -3.58                                        
  4527.528 607.01214     1.239    -2.356               7.724          0305Pb0045
  4527.565 106.00112     1.916    -1.508               3.464            AX33P255
  4527.568      66.0     2.423      1.04                                        
  4527.575 106.00112     1.395    -8.726               3.464            CX04R095
  4527.581 607.01314     0.974    -2.621               7.724          0204Ra0025
  4527.581 607.01314     0.974    -2.776               7.724          0204Rb0015
  4527.582 607.01214     2.916    -1.406               7.724          1012Pb0205
  4527.584 607.01314     0.974    -3.920               7.724          0204Qd0025
  4527.588      20.0     4.776     -2.71                                        
  4527.626 106.00112     1.916    -3.865               3.464            AX33Q245
  4527.640      41.1     1.590     -1.29                              Nilsson10 
  4527.644 106.00113     1.636    -2.155               3.464            AX55P085
  4527.654 106.00113     1.789    -3.732               3.464            AX55R125
  4527.655 106.00113     1.789    -1.618               3.464            AX55Q125
  4527.657 607.01214     3.090    -1.480               7.724          1113Ra0165
  4527.657 607.01214     3.090    -1.506               7.724          1113Rb0155
  4527.659 106.00112     1.395   -11.354               3.464            CX04Q095
  4527.693 106.00112     1.916   -10.751               3.464            CX15Q155
  4527.708 106.00113     1.789    -1.606               3.464            AX55Q135
  4527.708 106.00113     1.789    -3.693               3.464            AX55P135
  4527.714 607.01214     3.090    -4.248               7.724          1113Qd0165
  4527.717 106.00112     1.916    -8.278               3.464            CX15P165
  4527.747 106.00112     0.730    -5.028               3.464            BX12P065
  4527.761 106.00112     1.916    -1.509               3.464            AX33P245
  4527.769      66.1     0.103     -2.09                                        
  4527.776 106.00112     0.730    -2.416               3.464            BX12Q065
  4527.781      39.0     1.397      0.18                                        
  4527.783      26.0     3.252     -2.69                              NIST/E    
  4527.794 106.00113     1.637    -2.207               3.464            AX55P075
  4527.799   27.0059     3.051    -3.278                                 KURHFS 
  4527.799   27.0059     3.051    -3.345                                 KURHFS 
  4527.799   27.0059     3.051    -3.977                                 KURHFS 
  4527.799 106.00112     1.916    -7.877               3.464            CX15P155
  4527.809 106.00112     2.119    -6.256               3.464            AX51R345
  4527.811   27.0059     3.051    -3.082                                 KURHFS 
  4527.811   27.0059     3.051    -3.082                                 KURHFS 
  4527.811   27.0059     3.051    -3.822                                 KURHFS 
  4527.824 106.00112     0.681    -2.847               3.464            BX12P025
  4527.829   27.0059     3.051    -2.878                                 KURHFS 
  4527.829   27.0059     3.051    -2.977                                 KURHFS 
  4527.829   27.0059     3.051    -3.822                                 KURHFS 
  4527.835 106.00112     0.681    -6.575               3.464            BX12Q025
  4527.852   27.0059     3.051    -2.708                                 KURHFS 
  4527.852   27.0059     3.051    -2.930                                 KURHFS 
  4527.852   27.0059     3.051    -3.919                                 KURHFS 
  4527.872 106.00113     1.637    -3.512               3.464            AX55Q075
  4527.882   27.0059     3.051    -2.562                                 KURHFS 
  4527.882   27.0059     3.051    -2.936                                 KURHFS 
  4527.882   27.0059     3.051    -4.123                                 KURHFS 
  4527.913 607.01214     2.925    -4.368               7.724          1012Qc0215
  4527.917   27.0059     3.051    -2.433                                 KURHFS 
  4527.917   27.0059     3.051    -3.009                                 KURHFS 
  4527.917   27.0059     3.051    -4.521                                 KURHFS 
  4527.952 607.01314     0.769    -2.284               7.724          0002Ra0355
  4527.953      58.1     0.892     -1.42                              Lawler09  
  4527.958   27.0059     3.051    -2.317                                 KURHFS 
  4527.958   27.0059     3.051    -3.220                                 KURHFS 
  4527.968 106.00113     1.576    -6.863               3.464            CX15Q045
  4527.977      20.0     5.014     -5.35                                        
  4527.982 106.00112     1.978    -7.420               3.464            CX04P225
  4527.995 607.01214     2.925    -1.365               7.724          1012Pa0225
  4528.005   27.0059     3.051    -2.212                                 KURHFS 
  4528.014 106.00112     2.037    -4.012               3.464            AX44R225
  4528.019 607.01314     0.769    -2.296               7.724          0002Rb0345
  4528.024 106.00112     1.978   -13.256               3.464            CX04Q215
  4528.056 607.01214     1.242    -4.083               7.724          0305Qc0055
  4528.061 106.00113     1.637    -2.156               3.464            AX55P085
  4528.062 106.00113     1.866    -7.642               3.464            CX15P145
  4528.065 607.01214     1.242    -2.193               7.724          0305Pa0065
  4528.069 607.01314     0.769    -5.683               7.724          0002Qd0355
  4528.070 106.00113     1.866    -7.880               3.464            CX15P155
  4528.083 607.01214     1.242    -2.267               7.724          0305Pb0055
  4528.089      20.0     6.035     -4.26                                        
  4528.089 106.00112     2.037    -1.418               3.464            AX44Q235
  4528.101 607.01214     0.896    -2.232               7.724          0002Ra0415
  4528.110 106.00113     1.576    -9.398               3.464            CX15R045
  4528.135 106.00112     2.037    -1.387               3.464            AX44Q225
  4528.137      20.0     5.802     -6.16                                        
  4528.151 607.01214     2.925    -1.385               7.724          1012Pb0215
  4528.171 106.00112     1.978    -7.272               3.464            CX04P215
  4528.180 607.01214     0.896    -2.242               7.724          0002Rb0405
  4528.208      25.0     3.769     -6.49                                        
  4528.209 106.00112     2.037    -3.935               3.464            AX44P235
  4528.227 106.00113     1.576    -9.531               3.464            CX15P055
  4528.240 607.01214     0.896    -5.759               7.724          0002Qd0415
  4528.255 607.01314     0.835    -2.059               7.724          0103Ra0215
  4528.266 607.01214     1.047    -1.959               7.724          0204Ra0155
  4528.294      23.0     1.871     -1.32                                        
  4528.298      23.0     2.706     -3.20                                        
  4528.303 106.00112     1.547    -7.480               3.464            CX15R025
  4528.303 607.01314     0.835    -2.079               7.724          0103Rb0205
  4528.305 607.01214     1.047    -1.986               7.724          0204Rb0145
  4528.326 607.01214     1.047    -4.672               7.724          0204Qd0155
  4528.327 106.00112     1.547    -9.358               3.464            CX15Q025
  4528.332 607.01314     0.835    -5.043               7.724          0103Qd0215
  4528.355 607.01214     3.083    -1.506               7.724          1113Ra0155
  4528.355 607.01214     3.083    -1.533               7.724          1113Rb0145
  4528.360 106.00113     1.900    -8.674               3.464            AX23R255
  4528.369 106.00113     1.576    -6.786               3.464            CX15Q055
  4528.408 607.01314     0.973    -2.776               7.724          0204Ra0015
  4528.408 607.01314     0.973    -3.030               7.724          0204Rb0005
  4528.411 607.01214     3.083    -4.222               7.724          1113Qd0155
  4528.411 607.01314     0.973    -3.729               7.724          0204Qd0015
  4528.473      58.1     0.863      0.29                              Lawler09  
  4528.479      26.0     4.545     -3.97                                        
  4528.483      23.1     2.274     -1.06                               LAWNOHFS 
  4528.483 106.00113     1.866   -10.721               3.464            CX15Q145
  4528.487 607.01214     2.935    -4.388               7.724          1012Qc0225
  4528.523 607.01214     2.935    -1.346               7.724          1012Pa0235
  4528.526      28.0     4.150     -1.13                                        
  4528.531      42.0     3.357     -1.53                                        
  4528.556 106.00113     1.362    -4.594               3.464            AX11P245
  4528.568 607.01214     1.245    -4.150               7.724          0305Qc0065
  4528.579 607.01214     1.245    -2.130               7.724          0305Pa0075
  4528.601 607.01214     1.245    -2.193               7.724          0305Pb0065
  4528.614      26.0     2.176     -0.82                              NIST/B    
  4528.627 106.00112     0.681    -2.796               3.464            BX12P035
  4528.632 106.00112     1.152    -6.302               3.464            AX01R225
  4528.714 607.01214     2.935    -1.365               7.724          1012Pb0225
  4528.720      45.0     0.966     -1.48                              DL85/NI/C 
  4528.720 106.00113     2.094    -4.104               3.464            AX44R235
  4528.725 607.01214     0.947    -1.943               7.724          0103Ra0295
  4528.756 106.00112     1.441    -4.497               3.464            AX22P215
  4528.757      26.0     3.300     -2.02                              Ruffoni14 
  4528.776 106.00113     2.094    -1.469               3.464            AX44Q245
  4528.777 106.00113     1.536    -8.977               3.464            CX15Q015
  4528.792 607.01214     0.947    -1.958               7.724          0103Rb0285
  4528.813 106.00112     1.962    -1.969               3.464            AX55R175
  4528.821      26.0     3.015     -2.48                                        
  4528.829 106.00113     2.094    -1.423               3.464            AX44Q235
  4528.834 607.01214     0.947    -5.188               7.724          0103Qd0295
  4528.840 106.00113     1.536    -7.769               3.464            CX15R015
  4528.877 106.00112     1.962    -1.932               3.464            AX55R165
  4528.886 106.00112     1.962    -3.915               3.464            AX55Q175
  4528.886 106.00113     2.094    -3.996               3.464            AX44P245
  4528.920 106.00113     1.147    -6.302               3.464            AX01R225
  4528.945      75.0     3.588      0.12                                        
  4528.947 106.00113     0.908    -2.532               3.464            BX12R115
  4529.044 607.01214     1.249    -4.209               7.724          0305Qc0075
  4529.056 607.01214     1.249    -2.074               7.724          0305Pa0085
  4529.056 607.01214     3.077    -1.533               7.724          1113Ra0145
  4529.056 607.01214     3.077    -1.561               7.724          1113Rb0135
  4529.072      23.1     3.756     -1.50                                        
  4529.075 607.01214     2.945    -1.328               7.724          1012Pa0245
  4529.081 607.01214     1.249    -2.130               7.724          0305Pb0075
  4529.092 607.01214     2.945    -4.407               7.724          1012Qc0235
  4529.109 607.01214     3.077    -4.194               7.724          1113Qd0145
  4529.134 106.00113     0.908    -6.719               3.464            BX12Q125
  4529.196 106.00113     0.908    -2.506               3.464            BX12R125
  4529.198 106.00113     1.968    -3.860               3.464            AX33Q255
  4529.198 607.01314     0.972    -3.030               7.724          0204Ra0005
  4529.201 607.01314     0.972    -3.331               7.724          0204Qd0005
  4529.202 106.00113     1.302   -11.098               3.464            CX04R055
  4529.206      26.0     4.604     -1.40                                        
  4529.225 106.00113     1.968    -1.509               3.464            AX33P255
  4529.230 106.00113     1.968    -1.512               3.464            AX33P265
  4529.266 607.01214     2.945    -1.346               7.724          1012Pb0235
  4529.324   23.0051     1.892    -4.403                                 KURHFS 
  4529.324   23.0051     1.892    -4.403                                 KURHFS 
  4529.324   23.0051     1.892    -4.704                                 KURHFS 
  4529.340   23.0051     1.892    -4.239                                 KURHFS 
  4529.340   23.0051     1.892    -4.265                                 KURHFS 
  4529.340   23.0051     1.892    -4.579                                 KURHFS 
  4529.362   23.0051     1.892    -3.982                                 KURHFS 
  4529.362   23.0051     1.892    -4.231                                 KURHFS 
  4529.362   23.0051     1.892    -4.829                                 KURHFS 
  4529.384      69.1     0.029     -2.06                                        
  4529.390   23.0051     1.892    -3.766                                 KURHFS 
  4529.390   23.0051     1.892    -4.392                                 KURHFS 
  4529.390   23.0051     1.892    -5.257                                 KURHFS 
  4529.395      42.0     2.523     -0.98                              NIST/B    
  4529.402      41.0     1.402     -1.46                                        
  4529.480      22.1     1.571     -1.75                                 LAWLER 
  4529.482 607.01214     1.253    -4.260               7.724          0305Qc0085
  4529.484      90.1     1.545     -1.63                                        
  4529.495 607.01214     1.253    -2.025               7.724          0305Pa0095
  4529.512      24.0     3.077     -2.91                                        
  4529.524 607.01214     1.253    -2.074               7.724          0305Pb0085
  4529.569      26.1     5.566     -3.19                                        
  4529.581      23.0     1.871     -0.22                                        
  4529.625      26.0     3.651     -6.42                                        
  4529.636 607.01214     1.040    -1.986               7.724          0204Ra0145
  4529.665 607.01214     2.955    -1.310               7.724          1012Pa0255
  4529.672 607.01214     1.040    -2.015               7.724          0204Rb0135
  4529.673      23.0     2.706     -2.98                                        
  4529.679      76.0     1.613     -1.83                                        
  4529.687      25.0     3.769     -7.28                                        
  4529.692 607.01214     1.040    -4.644               7.724          0204Qd0145
  4529.743 607.01214     2.955    -4.425               7.724          1012Qc0245
  4529.751      74.0     2.785     -0.54                                        
  4529.758 607.01214     3.071    -1.561               7.724          1113Ra0135
  4529.758 607.01214     3.071    -1.592               7.724          1113Rb0125
  4529.796 607.01214     2.955    -1.328               7.724          1012Pb0245
  4529.804      25.0     4.791     -1.34                                        
  4529.808 607.01214     3.071    -4.164               7.724          1113Qd0135
  4529.825 607.01314     0.826    -2.079               7.724          0103Ra0205
  4529.831      26.0     4.648     -4.00                                        
  4529.845      24.0     2.542     -1.35                                 SOBECK 
  4529.848   27.0059     2.955    -5.524                                 KURHFS 
  4529.848   27.0059     2.955    -6.532                                 KURHFS 
  4529.848   27.0059     2.955    -7.833                                 KURHFS 
  4529.867 106.00112     1.368    -4.594               3.464            AX11P245
  4529.871 607.01314     0.826    -2.100               7.724          0103Rb0195
  4529.877   27.0059     2.955    -5.629                                 KURHFS 
  4529.877   27.0059     2.955    -6.321                                 KURHFS 
  4529.877   27.0059     2.955    -7.435                                 KURHFS 
  4529.883 607.01214     1.257    -4.306               7.724          0305Qc0095
  4529.897 607.01214     1.257    -1.981               7.724          0305Pa0105
  4529.899 607.01314     0.826    -5.023               7.724          0103Qd0205
  4529.902   27.0059     2.955    -5.745                                 KURHFS 
  4529.902   27.0059     2.955    -6.248                                 KURHFS 
  4529.902   27.0059     2.955    -7.231                                 KURHFS 
  4529.922   27.0059     2.955    -5.874                                 KURHFS 
  4529.922   27.0059     2.955    -6.242                                 KURHFS 
  4529.922   27.0059     2.955    -7.134                                 KURHFS 
  4529.925      21.1     4.832     -1.59                                        
  4529.929 607.01214     1.257    -2.025               7.724          0305Pb0095
  4529.932      60.0     0.456      0.00                                        
  4529.936      75.0     3.588      0.35                                        
  4529.939   27.0059     2.955    -6.020                                 KURHFS 
  4529.939   27.0059     2.955    -6.289                                 KURHFS 
  4529.939   27.0059     2.955    -7.134                                 KURHFS 
  4529.950      62.1     0.659     -2.22                              Lawler06  
  4529.951   27.0059     2.955    -6.190                                 KURHFS 
  4529.951   27.0059     2.955    -6.394                                 KURHFS 
  4529.951   27.0059     2.955    -7.289                                 KURHFS 
  4529.959   27.0059     2.955    -6.394                                 KURHFS 
  4529.959   27.0059     2.955    -6.590                                 KURHFS 
  4529.963   27.0059     2.955    -6.657                                 KURHFS 
  4529.977      20.0     6.036     -3.60                                        
  4530.006 106.00112     1.598    -9.444               3.464            CX15R055
  4530.015 106.00113     2.111    -6.256               3.464            AX51R345
  4530.050 106.00112     1.598    -6.785               3.464            CX15Q055
  4530.090      24.0     3.011     -2.41                                        
  4530.100 607.01314     0.754    -2.296               7.724          0002Ra0345
  4530.166 607.01314     0.754    -2.309               7.724          0002Rb0335
  4530.198 106.00113     2.111    -4.434               3.464            AX01R335
  4530.204 106.00113     1.477    -4.452               3.464            AX33P175
  4530.204 106.00113     2.111    -6.109               3.464            AX01Q345
  4530.214 607.01314     0.754    -5.671               7.724          0002Qd0345
  4530.246 607.01214     1.262    -4.348               7.724          0305Qc0105
  4530.259      22.0     3.212     -3.40                                        
  4530.262 607.01214     1.262    -1.941               7.724          0305Pa0115
  4530.292 607.01214     2.966    -1.310               7.724          1012Pb0255
  4530.297 607.01214     1.262    -1.981               7.724          0305Pb0105
  4530.319      90.0     1.393     -0.88                                        
  4530.342 106.00112     1.598    -6.721               3.464            CX15Q065
  4530.386 106.00112     1.598    -9.661               3.464            CX15P065
  4530.402 106.00113     1.437    -4.559               3.464            AX22P215
  4530.449 106.00112     1.618    -2.288               3.464            AX55P065
  4530.457      74.0     1.507     -1.80                                        
  4530.459 607.01214     2.966    -4.442               7.724          1012Qc0255
  4530.459 607.01214     3.066    -1.592               7.724          1113Ra0125
  4530.459 607.01214     3.066    -1.625               7.724          1113Rb0115
  4530.472      24.0     2.965     -1.84                                        
  4530.507 607.01214     3.066    -4.132               7.724          1113Qd0125
  4530.525 106.00112     1.618    -3.447               3.464            AX55Q065
  4530.558 106.00113     0.952    -2.456               3.464            BX01P185
  4530.572 607.01214     1.267    -4.386               7.724          0305Qc0115
  4530.577 106.00113     1.226    -4.611               3.464            AX00P265
  4530.589   27.0059     3.949    -2.027                                 KURHFS 
  4530.589   27.0059     3.949    -2.867                                 KURHFS 
  4530.589   27.0059     3.949    -3.981                                 KURHFS 
  4530.590 607.01214     1.267    -1.904               7.724          0305Pa0125
  4530.591      26.1     6.698     -3.43                                        
  4530.593 607.01214     0.878    -2.243               7.724          0002Ra0405
  4530.628 607.01214     1.267    -1.941               7.724          0305Pb0115
  4530.639 106.00113     0.952    -7.028               3.464            BX01Q185
  4530.640      64.1     1.424     -1.85                              DenHarto06
  4530.652      23.0     1.798     -1.85                                        
  4530.655   27.0059     3.949    -2.168                                 KURHFS 
  4530.655   27.0059     3.949    -2.671                                 KURHFS 
  4530.655   27.0059     3.949    -3.571                                 KURHFS 
  4530.669 607.01314     0.973    -3.331               7.724          0204Qc0005
  4530.670 607.01214     0.878    -2.254               7.724          0002Rb0395
  4530.672 607.01314     0.973    -3.029               7.724          0204Pa0015
  4530.682      24.0     2.543     -0.98                                 SOBECK 
  4530.685 607.01214     0.934    -1.958               7.724          0103Ra0285
  4530.710   27.0059     3.949    -2.332                                 KURHFS 
  4530.710   27.0059     3.949    -2.617                                 KURHFS 
  4530.710   27.0059     3.949    -3.349                                 KURHFS 
  4530.729 607.01214     0.878    -5.750               7.724          0002Qd0405
  4530.738      24.0     2.543     -0.27                                 SOBECK 
  4530.739 106.00113     0.952    -2.410               3.464            BX01P195
  4530.749 607.01214     0.934    -1.973               7.724          0103Rb0275
  4530.754   27.0059     3.949    -2.530                                 KURHFS 
  4530.754   27.0059     3.949    -2.639                                 KURHFS 
  4530.754   27.0059     3.949    -3.224                                 KURHFS 
  4530.775   29.0065     3.814    -2.490                              KURHF/NIST
  4530.776   29.0063     3.814    -2.490                              KURHF/NIST
  4530.777   29.0063     3.814    -2.100                              KURHF/NIST
  4530.777   29.0063     3.814    -2.800                              KURHF/NIST
  4530.777   29.0065     3.814    -2.100                              KURHF/NIST
  4530.777   29.0065     3.814    -2.800                              KURHF/NIST
  4530.780   29.0063     3.814    -2.100                              KURHF/NIST
  4530.780   29.0063     3.814    -2.100                              KURHF/NIST
  4530.780   29.0065     3.814    -2.100                              KURHF/NIST
  4530.780   29.0065     3.814    -2.100                              KURHF/NIST
  4530.784   29.0063     3.814    -1.650                              KURHF/NIST
  4530.784   29.0065     3.814    -1.650                              KURHF/NIST
  4530.787   27.0059     3.949    -2.730                                 KURHFS 
  4530.787   27.0059     3.949    -2.785                                 KURHFS 
  4530.787   27.0059     3.949    -3.173                                 KURHFS 
  4530.787 106.00113     1.307    -4.547               3.464            AX00P275
  4530.790 607.01214     0.934    -5.174               7.724          0103Qd0285
  4530.800      73.0     0.752     -1.47                                        
  4530.802      92.1     1.026     -1.85                              Nils02/41%
  4530.809   27.0059     3.949    -2.918                                 KURHFS 
  4530.809   27.0059     3.949    -3.173                                 KURHFS 
  4530.809   27.0059     3.949    -3.203                                 KURHFS 
  4530.812 106.00112     1.618    -2.225               3.464            AX55P075
  4530.818 106.00112     1.618    -2.288               3.464            AX55P065
  4530.829      44.0     1.865     -1.15                                        
  4530.861 607.01214     1.273    -4.421               7.724          0305Qc0125
  4530.865      26.0     2.849     -5.56                                        
  4530.880 607.01214     1.273    -1.869               7.724          0305Pa0135
  4530.888      75.0     2.745     -0.72                                        
  4530.894 106.00112     1.618    -3.460               3.464            AX55Q065
  4530.921 607.01214     1.273    -1.904               7.724          0305Pb0125
  4530.924      24.0     3.011     -1.85                                        
  4530.940      25.0     3.769     -8.39                                        
  4530.945      26.0     4.555     -2.85                                        
  4530.967 607.01214     1.034    -2.015               7.724          0204Ra0135
