a line list in the range:    4539.00   4551.00
  4539.006      25.1     5.986     -5.25                                        
  4539.069      58.1     1.365     -0.32                                        
  4539.153 106.00112     1.567    -6.861               3.464            CX15Q045
  4539.184 106.00112     1.567    -9.382               3.464            CX15P045
  4539.187 106.00112     1.641    -2.153               3.464            AX55P085
  4539.198      42.0     3.440     -2.03                                        
  4539.226 607.01214     1.002    -2.301               7.724          0204Ra0065
  4539.245 607.01214     1.002    -2.363               7.724          0204Rb0055
  4539.254 607.01214     1.002    -4.314               7.724          0204Qd0065
  4539.256      26.0     4.545     -2.86                                        
  4539.278      26.0     3.544     -5.35                                        
  4539.354      26.0     2.725     -5.17                                        
  4539.355 106.00112     1.641    -2.205               3.464            AX55P075
  4539.367      24.0     3.419     -4.17                                        
  4539.410 106.00112     1.641    -3.510               3.464            AX55Q075
  4539.410 607.01314     3.214    -1.566               7.724          1214Ra0125
  4539.471      26.0     3.544     -7.36                                        
  4539.477      22.0     3.087     -4.05                                        
  4539.544 607.01314     3.214    -1.600               7.724          1214Rb0115
  4539.583      25.0     4.662     -2.20                                        
  4539.585      25.0     4.824     -2.74                                        
  4539.590      24.1     4.042     -2.21                              Lawler17  
  4539.591 106.00112     1.529    -4.424               3.464            AX44P125
  4539.595 607.01314     3.214    -4.107               7.724          1214Qd0125
  4539.614 106.00112     1.641    -2.153               3.464            AX55P085
  4539.621      22.0     3.332     -3.58                                        
  4539.636      42.0     2.595     -2.24                                        
  4539.636   27.0059     4.018    -4.507                                 KURHFS 
  4539.642   27.0059     4.018    -4.424                                 KURHFS 
  4539.642   27.0059     4.018    -5.232                                 KURHFS 
  4539.650   27.0059     4.018    -4.338                                 KURHFS 
  4539.650   27.0059     4.018    -5.014                                 KURHFS 
  4539.650   27.0059     4.018    -6.445                                 KURHFS 
  4539.661   27.0059     4.018    -4.254                                 KURHFS 
  4539.661   27.0059     4.018    -4.920                                 KURHFS 
  4539.661   27.0059     4.018    -6.211                                 KURHFS 
  4539.671 106.00113     1.788    -7.370               3.464            CX15P125
  4539.673   27.0059     4.018    -4.173                                 KURHFS 
  4539.673   27.0059     4.018    -4.888                                 KURHFS 
  4539.673   27.0059     4.018    -6.165                                 KURHFS 
  4539.688   27.0059     4.018    -4.095                                 KURHFS 
  4539.688   27.0059     4.018    -4.908                                 KURHFS 
  4539.688   27.0059     4.018    -6.232                                 KURHFS 
  4539.690      26.0     3.684     -2.67                                        
  4539.706   27.0059     4.018    -4.021                                 KURHFS 
  4539.706   27.0059     4.018    -4.995                                 KURHFS 
  4539.706   27.0059     4.018    -6.415                                 KURHFS 
  4539.708      24.0     3.382     -4.05                                        
  4539.708      29.0     5.149     -0.50                                        
  4539.711 106.00113     1.787    -7.484               3.464            CX15P135
  4539.727   27.0059     4.018    -3.951                                 KURHFS 
  4539.727   27.0059     4.018    -5.218                                 KURHFS 
  4539.727   27.0059     4.018    -6.797                                 KURHFS 
  4539.733 106.00113     1.479    -4.565               3.464            AX00P295
  4539.745      58.1     0.327     -0.08                              Lawler09  
  4539.764      26.0     4.577     -2.84                                        
  4539.775 607.01314     0.774    -2.250               7.724          0103Ra0135
  4539.781      24.0     2.542     -1.19                                 SOBECK 
  4539.800      25.1     6.653     -6.48                                        
  4539.807      24.0     3.008     -3.04                                        
  4539.807 607.01314     0.774    -2.281               7.724          0103Rb0125
  4539.823 106.00113     1.536    -8.590               3.464            CX15P015
  4539.826 607.01314     0.774    -4.850               7.724          0103Qd0135
  4539.837      62.0     0.036     -2.72                                        
  4539.843      24.1     6.479     -2.79                                        
  4539.845      25.1     5.516     -5.49                                        
  4539.861 106.00113     1.536    -7.275               3.464            CX15Q015
  4539.909      76.0     3.171     -0.30                                        
  4539.913 607.01214     0.875    -2.039               7.724          0103Ra0235
  4539.924      22.0     2.470     -2.19                                        
  4539.968 607.01214     0.875    -2.057               7.724          0103Rb0225
  4539.995      40.0     0.632     -1.52                                        
  4540.002 607.01214     0.875    -5.096               7.724          0103Qd0235
  4540.007      23.0     1.891     -0.85                               LAWNOHFS 
  4540.017 607.01314     3.209    -1.600               7.724          1214Ra0115
  4540.018      64.1     2.323      0.57                                        
  4540.023 106.00113     1.788   -10.671               3.464            CX15Q125
  4540.094 106.00113     0.732    -5.547               3.464            BX01P145
  4540.136      59.1     0.633     -1.68                                        
  4540.156 607.01314     3.209    -1.636               7.724          1214Rb0105
  4540.180      62.1     0.277     -1.28                              Lawler06  
  4540.184 607.01214     0.808    -2.289               7.724          0002Ra0365
  4540.184 607.01214     3.034    -2.894               7.724          1113Qc0005
  4540.188      24.0     3.110     -1.50                                        
  4540.188 607.01214     3.034    -2.593               7.724          1113Pa0015
  4540.203 607.01314     3.209    -4.072               7.724          1214Qd0115
  4540.224 106.00113     1.503    -4.575               3.464            AX22P225
  4540.229      68.1     2.114     -1.23                              Lawler08  
  4540.230   27.0059     4.069    -5.159                                 KURHFS 
  4540.230   27.0059     4.069    -5.355                                 KURHFS 
  4540.235   27.0059     4.069    -5.134                                 KURHFS 
  4540.235   27.0059     4.069    -5.145                                 KURHFS 
  4540.235   27.0059     4.069    -5.355                                 KURHFS 
  4540.239 106.00112     1.986    -8.193               3.464            AX23R265
  4540.242   27.0059     4.069    -5.007                                 KURHFS 
  4540.242   27.0059     4.069    -5.031                                 KURHFS 
  4540.242   27.0059     4.069    -5.134                                 KURHFS 
  4540.251   27.0059     4.069    -4.840                                 KURHFS 
  4540.251   27.0059     4.069    -4.988                                 KURHFS 
  4540.251   27.0059     4.069    -5.031                                 KURHFS 
  4540.253 607.01214     0.999    -2.363               7.724          0204Ra0055
  4540.255 106.00112     1.520    -4.548               3.464            AX11P265
  4540.256 607.01214     0.808    -2.301               7.724          0002Rb0355
  4540.262   27.0059     4.069    -4.671                                 KURHFS 
  4540.262   27.0059     4.069    -4.988                                 KURHFS 
  4540.262   27.0059     4.069    -4.999                                 KURHFS 
  4540.269 607.01214     0.999    -2.436               7.724          0204Rb0045
  4540.274   27.0059     4.069    -4.512                                 KURHFS 
  4540.274   27.0059     4.069    -4.999                                 KURHFS 
  4540.274   27.0059     4.069    -5.076                                 KURHFS 
  4540.277 607.01214     0.999    -4.246               7.724          0204Qd0055
  4540.287 607.01314     0.684    -2.364               7.724          0002Ra0295
  4540.288   27.0059     4.069    -4.364                                 KURHFS 
  4540.288   27.0059     4.069    -5.076                                 KURHFS 
  4540.288   27.0059     4.069    -5.291                                 KURHFS 
  4540.303   27.0059     4.069    -4.228                                 KURHFS 
  4540.303   27.0059     4.069    -5.291                                 KURHFS 
  4540.310 607.01214     0.808    -5.710               7.724          0002Qd0365
  4540.321 106.00113     1.395    -4.633               3.464            AX00P285
  4540.322      24.0     3.875     -4.59                                        
  4540.348 607.01314     0.684    -2.378               7.724          0002Rb0285
  4540.362      23.0     2.741     -2.73                                        
  4540.389 607.01314     0.684    -5.609               7.724          0002Qd0295
  4540.406      90.1     1.832     -0.91                                        
  4540.408      26.0     2.988     -5.47                                        
  4540.410      22.0     2.332     -0.91                                        
  4540.493      22.0     0.048     -3.45                                        
  4540.498      24.0     2.542     -0.52                                 SOBECK 
  4540.517      24.0     3.548     -2.52                                        
  4540.583      26.0     4.648     -4.24                                        
  4540.626 607.01314     3.205    -1.636               7.724          1214Ra0105
  4540.672      26.0     2.988     -3.62                                        
  4540.701 106.00112     1.793    -3.712               3.464            AX55R125
  4540.704      24.0     3.102      0.03                                        
  4540.729 106.00112     1.793    -1.615               3.464            AX55Q125
  4540.750      42.0     3.697     -1.31                                        
  4540.771   27.0059     3.772    -1.697                                 KURHFS 
  4540.771   27.0059     3.772    -1.913                                 KURHFS 
  4540.772   27.0059     3.772    -2.196                                 KURHFS 
  4540.772 607.01314     3.205    -1.675               7.724          1214Rb0095
  4540.774   27.0059     3.772    -2.635                                 KURHFS 
  4540.784 106.00112     1.368    -8.890               3.464            CX04R075
  4540.786   27.0059     3.772    -2.334                                 KURHFS 
  4540.789   27.0059     3.772    -2.170                                 KURHFS 
  4540.792   27.0059     3.772    -2.162                                 KURHFS 
  4540.794      24.0     3.102     -1.95                                        
  4540.794   27.0059     3.772    -2.334                                 KURHFS 
  4540.795   27.0059     3.772    -2.323                                 KURHFS 
  4540.801   27.0059     3.772    -2.510                                 KURHFS 
  4540.808   27.0059     3.772    -2.760                                 KURHFS 
  4540.815 607.01314     3.205    -4.034               7.724          1214Qd0105
  4540.816   27.0059     3.772    -3.188                                 KURHFS 
  4540.820 106.00112     1.083    -6.319               3.464            AX01R215
  4540.832      42.0     4.050     -1.19                                        
  4540.836 106.00112     1.832   -10.693               3.464            CX15Q135
  4540.842 106.00112     1.793    -1.603               3.464            AX55Q135
  4540.857      24.0     2.985     -1.31                                        
  4540.862 607.01214     3.035    -3.292               7.724          1113Qc0015
  4540.866      22.0     1.442     -1.91                                 LAWLER 
  4540.869 106.00112     1.793    -3.705               3.464            AX55P135
  4540.871 607.01214     3.035    -2.337               7.724          1113Pa0025
  4540.871 607.01214     3.035    -2.593               7.724          1113Pb0015
  4540.891   23.0051     1.847    -7.371                                 KURHFS 
  4540.891   23.0051     1.847    -7.651                                 KURHFS 
  4540.891   23.0051     1.847    -7.651                                 KURHFS 
  4540.891   23.0051     1.847    -8.672                                 KURHFS 
  4540.891 106.00112     1.832    -7.642               3.464            CX15P145
  4540.892   23.0051     1.847    -7.167                                 KURHFS 
  4540.892   23.0051     1.847    -7.233                                 KURHFS 
  4540.892   23.0051     1.847    -7.233                                 KURHFS 
  4540.892   23.0051     1.847    -7.371                                 KURHFS 
  4540.892   23.0051     1.847    -7.526                                 KURHFS 
  4540.892   23.0051     1.847    -7.973                                 KURHFS 
  4540.893   23.0051     1.847    -7.160                                 KURHFS 
  4540.893   23.0051     1.847    -7.167                                 KURHFS 
  4540.893   23.0051     1.847    -7.195                                 KURHFS 
  4540.894   23.0051     1.847    -6.932                                 KURHFS 
  4540.894   23.0051     1.847    -7.160                                 KURHFS 
  4540.894   23.0051     1.847    -7.225                                 KURHFS 
  4540.896   23.0051     1.847    -6.713                                 KURHFS 
  4540.896   23.0051     1.847    -7.225                                 KURHFS 
  4540.896   23.0051     1.847    -7.429                                 KURHFS 
  4540.897   23.0051     1.847    -6.526                                 KURHFS 
  4540.897   23.0051     1.847    -7.429                                 KURHFS 
  4540.909      25.0     4.422     -2.51                                        
  4540.926 106.00112     1.369    -8.800               3.464            CX04R085
  4540.929 106.00112     1.832    -7.481               3.464            CX15P135
  4540.936      72.0     0.699     -1.43                                        
  4540.938      23.1     3.796     -5.61                                        
  4540.958      22.0     3.282     -4.11                                        
  4541.001      22.0     2.266     -1.55                                 LAWLER 
  4541.004 106.00112     1.369   -11.373               3.464            CX04Q085
  4541.018      42.0     3.441     -1.59                                        
  4541.041 106.00113     1.078    -6.319               3.464            AX01R215
  4541.047 607.01314     0.768    -2.281               7.724          0103Ra0125
  4541.061      24.0     2.543     -1.15                                 SOBECK 
  4541.067 106.00112     1.487    -4.565               3.464            AX00P295
  4541.077 607.01314     0.768    -2.314               7.724          0103Rb0115
  4541.094 607.01314     0.768    -4.818               7.724          0103Qd0125
  4541.095      27.0     4.107     -1.90                                        
  4541.144 106.00112     0.778    -2.359               3.464            BX12Q075
  4541.182 106.00112     0.778    -5.199               3.464            BX12R075
  4541.186 106.00112     1.914    -8.672               3.464            AX23R255
  4541.225      25.0     4.657     -0.31                                        
  4541.239 607.01314     3.201    -1.675               7.724          1214Ra0095
  4541.240 106.00112     2.032    -4.435               3.464            AX01R335
  4541.241 607.01214     0.997    -2.436               7.724          0204Ra0045
  4541.255 607.01214     0.997    -2.525               7.724          0204Rb0035
  4541.257 106.00112     1.919    -7.273               3.464            CX04P215
  4541.261 607.01214     0.997    -4.166               7.724          0204Qd0045
  4541.270      60.1     0.380     -0.74                              DenHarto03
  4541.289 106.00112     1.919   -13.436               3.464            CX04Q205
  4541.290      72.1     1.779     -1.65                              Lawler07  
  4541.296 106.00113     1.837    -7.543               3.464            AX23R245
  4541.316      26.0     3.249     -2.95                                        
  4541.392 106.00112     0.778    -5.179               3.464            BX12P085
  4541.392 607.01314     3.201    -1.719               7.724          1214Rb0085
  4541.430 106.00112     0.778    -2.310               3.464            BX12Q085
  4541.432 607.01314     3.201    -3.993               7.724          1214Qd0095
  4541.434 106.00112     1.919    -7.174               3.464            CX04P205
  4541.437      23.0     2.764     -2.33                                        
  4541.468 106.00112     2.032    -5.918               3.464            AX01Q335
  4541.506      24.0     3.077     -1.08                              adj-1.08
  4541.514   27.0059     3.064    -5.857                                 KURHFS 
  4541.524      26.1     2.853     -2.9                               adj-3.05
  4541.526   27.0059     3.064    -5.676                                 KURHFS 
  4541.537   27.0059     3.064    -5.645                                 KURHFS 
  4541.538 607.01214     3.036    -3.484               7.724          1113Qc0025
  4541.544   27.0059     3.064    -5.158                                 KURHFS 
  4541.547   27.0059     3.064    -5.709                                 KURHFS 
  4541.549 607.01214     3.036    -2.182               7.724          1113Pa0035
  4541.549 607.01214     3.036    -2.337               7.724          1113Pb0025
  4541.551      42.0     3.165     -0.99                                        
  4541.551   27.0059     3.064    -5.450                                 KURHFS 
  4541.556   27.0059     3.064    -5.908                                 KURHFS 
  4541.557   27.0059     3.064    -5.856                                 KURHFS 
  4541.562   27.0059     3.064    -6.573                                 KURHFS 
  4541.565 106.00112     2.032    -4.056               3.464            AX01R325
  4541.566   27.0059     3.064    -7.816                                 KURHFS 
  4541.568   27.0059     3.064    -6.163                                 KURHFS 
  4541.574      26.0     4.559     -2.61                              PK15THEOR 
  4541.578   27.0059     3.064    -5.908                                 KURHFS 
  4541.581   27.0059     3.064    -5.709                                 KURHFS 
  4541.581   27.0059     3.064    -5.857                                 KURHFS 
  4541.582   27.0059     3.064    -5.645                                 KURHFS 
  4541.582   27.0059     3.064    -5.676                                 KURHFS 
  4541.588      24.0     3.119     -1.37                                        
  4541.600 106.00113     1.531    -4.471               3.464            AX33P185
  4541.633      11.0     2.102     -2.63                              NIST/B    
  4541.644 607.01214     0.864    -2.057               7.724          0103Ra0225
  4541.658 106.00112     1.403    -4.633               3.464            AX00P285
  4541.672      66.1     2.425      0.20                                        
  4541.698 607.01214     0.864    -2.076               7.724          0103Rb0215
  4541.730 607.01214     0.864    -5.078               7.724          0103Qd0225
  4541.731 106.00112     1.986    -1.511               3.464            AX33P265
  4541.740 106.00112     1.509    -4.575               3.464            AX22P225
  4541.750 106.00112     1.555    -9.272               3.464            CX15R025
  4541.763      57.0     0.928     -0.79                                        
  4541.764      24.0     3.009     -2.17                                        
  4541.774 106.00112     1.555    -7.085               3.464            CX15Q025
  4541.782      75.0     3.588     -0.12                                        
  4541.799 106.00112     1.986    -3.901               3.464            AX33Q255
  4541.816 106.00113     0.708    -2.739               3.464            BX12P045
  4541.833 106.00112     1.794    -3.729               3.464            AX55R125
  4541.837 106.00113     0.708   -10.244               3.464            BX12Q045
  4541.856 607.01314     3.197    -1.719               7.724          1214Ra0085
  4541.860 106.00112     1.794    -1.615               3.464            AX55Q125
  4541.885 106.00113     1.534    -7.723               3.464            CX15Q005
  4541.904 106.00112     1.794    -1.604               3.464            AX55Q135
  4541.931 106.00112     1.794    -3.691               3.464            AX55P135
  4541.942      26.0     3.267     -3.08                              NIST/E    
  4541.943 106.00112     1.986    -1.508               3.464            AX33P255
  4541.948 106.00113     0.948    -2.508               3.464            BX12R125
  4541.965      22.0     3.348     -2.85                                        
  4542.017 607.01314     3.197    -1.767               7.724          1214Rb0075
  4542.031      64.0     0.027     -0.78                                        
  4542.032 106.00112     1.150    -2.148               3.464            BX11R215
  4542.046      60.0     0.000     -0.67                                        
  4542.050      62.1     0.248     -1.04                              Lawler06  
  4542.052 607.01314     3.197    -3.947               7.724          1214Qd0085
  4542.101      74.1     3.118     -1.66                                        
  4542.118 106.00112     1.150    -7.045               3.464            BX11Q225
  4542.119 106.00113     0.948    -6.754               3.464            BX12Q135
  4542.176      74.1     2.483     -1.49                                        
  4542.186 106.00113     0.948    -2.494               3.464            BX12R135
  4542.189      26.0     3.639     -6.69                                        
  4542.190 607.01214     0.995    -2.525               7.724          0204Ra0035
  4542.202 607.01214     0.995    -2.637               7.724          0204Rb0025
  4542.207 607.01214     0.995    -4.067               7.724          0204Qd0035
  4542.212 607.01214     3.038    -3.615               7.724          1113Qc0035
  4542.218 106.00113     2.038    -3.900               3.464            AX33Q265
  4542.221 607.01314     0.671    -2.378               7.724          0002Ra0285
  4542.222 106.00112     1.150    -1.531               3.464            BX11R225
  4542.223      40.0     0.632     -0.31                                        
  4542.228 607.01214     3.038    -2.069               7.724          1113Pa0045
  4542.228 607.01214     3.038    -2.182               7.724          1113Pb0035
  4542.237      28.0     4.232     -1.31                                        
  4542.238 106.00113     2.038    -1.513               3.464            AX33P265
  4542.243 106.00113     2.038    -1.522               3.464            AX33P275
  4542.278 607.01314     0.671    -2.394               7.724          0002Rb0275
  4542.280 607.01314     0.763    -2.314               7.724          0103Ra0115
  4542.309 607.01314     0.763    -2.350               7.724          0103Rb0105
  4542.313 607.01314     0.671    -5.595               7.724          0002Qd0285
  4542.320 106.00113     0.708    -2.688               3.464            BX12P055
  4542.325 607.01314     0.763    -4.783               7.724          0103Qd0115
  4542.412      26.0     3.640     -2.02                              NIST/D    
  4542.416 106.00112     1.556    -6.957               3.464            CX15Q035
  4542.438 106.00112     2.009    -1.972               3.464            AX55R175
  4542.440 106.00112     1.556    -9.204               3.464            CX15P035
  4542.444 106.00112     2.009    -2.024               3.464            AX55R185
  4542.452      26.0     4.253     -2.00                                        
  4542.479 607.01314     3.194    -1.767               7.724          1214Ra0075
  4542.487 607.01214     0.791    -2.301               7.724          0002Ra0355
  4542.526 106.00112     2.009    -4.018               3.464            AX55Q185
  4542.540      59.1     0.550     -1.44                                LINOHFS 
  4542.558 607.01214     0.791    -2.313               7.724          0002Rb0345
  4542.600      60.1     0.742     -0.28                              DenHarto03
  4542.610 607.01214     0.791    -5.699               7.724          0002Qd0355
  4542.616      24.0     3.085     -1.32                                        
  4542.645 607.01314     3.194    -1.822               7.724          1214Rb0065
  4542.646      24.0     4.102     -2.18                                        
  4542.676 607.01314     3.194    -3.895               7.724          1214Qd0075
  4542.697      26.0     3.684     -2.46                                        
  4542.789      41.0     0.000     -1.85                                        
  4542.807      24.1     3.101     -4.44                                        
  4542.880      42.0     2.593     -2.36                                        
  4542.882      74.0     1.915     -1.40                                        
  4542.884 607.01214     3.040    -3.714               7.724          1113Qc0045
  4542.904 607.01214     3.040    -1.980               7.724          1113Pa0055
  4542.904 607.01214     3.040    -2.069               7.724          1113Pb0045
  4543.010      23.0     2.706     -3.59                                        
  4543.050 106.00112     0.735    -5.546               3.464            BX01P145
  4543.100 607.01214     0.994    -2.637               7.724          0204Ra0025
  4543.107 607.01314     3.191    -1.822               7.724          1214Ra0065
  4543.110 607.01214     0.994    -2.792               7.724          0204Rb0015
  4543.114 607.01214     0.994    -3.937               7.724          0204Qd0025
  4543.192 106.00112     1.539    -8.283               3.464            CX15R005
  4543.203 106.00112     1.539    -7.721               3.464            CX15Q005
  4543.221      26.0     3.637     -4.57                                        
  4543.275 607.01314     3.191    -1.885               7.724          1214Rb0055
  4543.301 607.01314     3.191    -3.837               7.724          1214Qd0065
  4543.335 106.00113     1.516    -4.621               3.464            AX11P265
  4543.337 607.01214     0.854    -2.076               7.724          0103Ra0215
  4543.351      20.0     5.014     -6.47                                        
  4543.368 106.00112     2.279   -11.197               3.464            CX05R235
  4543.388 607.01214     0.854    -2.096               7.724          0103Rb0205
  4543.400      42.0     3.185     -1.91                                        
  4543.414 106.00113     1.800    -3.765               3.464            AX44Q185
  4543.419 607.01214     0.854    -5.059               7.724          0103Qd0215
  4543.476 607.01314     0.758    -2.350               7.724          0103Ra0105
  4543.486 106.00113     1.800    -1.684               3.464            AX44P185
  4543.498 106.00113     1.800    -1.677               3.464            AX44P195
  4543.502 607.01314     0.758    -2.390               7.724          0103Rb0095
  4543.516      74.0     2.657     -0.04                                        
  4543.517 607.01314     0.758    -4.746               7.724          0103Qd0105
  4543.554 607.01214     3.043    -3.795               7.724          1113Qc0055
  4543.556 106.00113     2.024    -4.435               3.464            AX01R335
  4543.578 607.01214     3.043    -1.906               7.724          1113Pa0065
  4543.578 607.01214     3.043    -1.980               7.724          1113Pb0055
  4543.593   27.0059     3.927    -6.185                                 KURHFS 
  4543.617   27.0059     3.927    -4.884                                 KURHFS 
  4543.622   27.0059     3.927    -5.787                                 KURHFS 
  4543.624      92.1     0.113     -1.19                                        
  4543.638 106.00112     1.376    -6.289               3.464            AX12R215
  4543.642   27.0059     3.927    -4.673                                 KURHFS 
  4543.644   27.0059     3.927    -3.876                                 KURHFS 
  4543.647   27.0059     3.927    -5.583                                 KURHFS 
  4543.664   27.0059     3.927    -4.600                                 KURHFS 
  4543.666   27.0059     3.927    -3.981                                 KURHFS 
  4543.669   27.0059     3.927    -5.486                                 KURHFS 
  4543.682   27.0059     3.927    -4.594                                 KURHFS 
  4543.684   27.0059     3.927    -4.097                                 KURHFS 
  4543.687   27.0059     3.927    -5.486                                 KURHFS 
  4543.691      44.0     1.138     -2.11                                        
  4543.697   27.0059     3.927    -4.641                                 KURHFS 
  4543.699   27.0059     3.927    -4.226                                 KURHFS 
  4543.701   27.0059     3.927    -5.641                                 KURHFS 
  4543.708   27.0059     3.927    -4.746                                 KURHFS 
  4543.710   27.0059     3.927    -4.372                                 KURHFS 
  4543.715   27.0059     3.927    -4.942                                 KURHFS 
  4543.715 106.00112     1.085    -6.257               3.464            AX01R215
  4543.718   27.0059     3.927    -4.542                                 KURHFS 
  4543.722   27.0059     3.927    -4.746                                 KURHFS 
  4543.722   27.0059     3.927    -5.009                                 KURHFS 
  4543.723 106.00112     1.598    -4.320               3.464            AX55P055
  4543.735      24.0     2.980     -1.56                                        
  4543.741 607.01314     3.189    -1.885               7.724          1214Ra0055
  4543.745 106.00113     2.024    -5.917               3.464            AX01Q335
  4543.749 106.00113     1.371    -6.289               3.464            AX12R215
  4543.787   27.0059     2.716    -2.275                                 LAWHFS 
  4543.792   27.0059     2.716    -2.094                                 LAWHFS 
  4543.798   27.0059     2.716    -2.063                                 LAWHFS 
  4543.803   27.0059     2.716    -2.127                                 LAWHFS 
  4543.803 106.00113     2.024    -4.055               3.464            AX01R325
  4543.809   27.0059     2.716    -2.326                                 LAWHFS 
  4543.811   27.0059     2.716    -1.868                                 LAWHFS 
  4543.812   27.0059     2.716    -1.576                                 LAWHFS 
  4543.812   27.0059     2.716    -2.274                                 LAWHFS 
  4543.814   27.0059     2.716    -2.991                                 LAWHFS 
  4543.815   27.0059     2.716    -4.231                                 LAWHFS 
  4543.817   27.0059     2.716    -2.581                                 LAWHFS 
  4543.823   27.0059     2.716    -2.326                                 LAWHFS 
  4543.826   27.0059     2.716    -2.127                                 LAWHFS 
  4543.828   27.0059     2.716    -2.063                                 LAWHFS 
  4543.831   27.0059     2.716    -2.094                                 LAWHFS 
  4543.836   27.0059     2.716    -2.275                                 LAWHFS 
  4543.846      25.1     5.563     -3.51                                        
  4543.860      26.0     4.648     -1.95                                        
  4543.905 607.01314     3.189    -1.958               7.724          1214Rb0045
  4543.915 106.00113     1.080    -6.257               3.464            AX01R215
  4543.928 607.01314     3.189    -3.769               7.724          1214Qd0055
  4543.940      62.1     0.333     -0.49                              Lawler06  
  4543.944 106.00112     1.547    -9.190               3.464            CX15R015
  4543.961 106.00112     1.547    -7.282               3.464            CX15Q015
  4543.972 607.01214     0.993    -2.792               7.724          0204Ra0015
  4543.979 607.01214     0.993    -3.047               7.724          0204Rb0005
  4543.981 607.01214     0.993    -3.745               7.724          0204Qd0015
  4544.003 106.00112     1.598    -4.337               3.464            AX55P055
  4544.022      72.0     1.305     -1.37                                        
  4544.026 106.00113     1.568    -4.574               3.464            AX00P305
  4544.028      22.1     1.242     -2.40                                        
  4544.089 106.00112     1.528   -11.780               3.464            CX04R125
  4544.102 607.01314     0.659    -2.394               7.724          0002Ra0275
  4544.119 607.01214     1.690    -1.907               7.724          0002Pb0715
  4544.163 607.01314     0.659    -2.409               7.724          0002Rb0265
  4544.195 106.00112     1.528    -7.470               3.464            CX04Q125
  4544.199 607.01314     0.659    -5.580               7.724          0002Qd0275
  4544.222 607.01214     3.045    -3.863               7.724          1113Qc0065
  4544.234      64.0     0.920     -0.55                                        
  4544.243 106.00112     1.528    -7.430               3.464            CX04Q135
  4544.250 607.01214     3.045    -1.843               7.724          1113Pa0075
  4544.250 607.01214     3.045    -1.906               7.724          1113Pb0065
  4544.261      45.0     1.832     -1.79                                        
  4544.300 106.00113     1.533    -4.525               3.464            AX33P185
  4544.307      39.0     1.917     -0.12                                        
  4544.333 106.00112     2.010    -2.025               3.464            AX55R185
  4544.350      64.1     0.522     -2.62                              DenHarto06
  4544.350 106.00112     1.528   -10.307               3.464            CX04P135
  4544.358      26.0     4.648     -2.86                                        
  4544.382 607.01314     3.187    -1.958               7.724          1214Ra0045
  4544.404 106.00113     1.752    -7.288               3.464            CX15P115
  4544.410      25.0     4.791     -1.03                                        
  4544.414 106.00112     2.010    -3.988               3.464            AX55Q185
  4544.418 106.00112     2.010    -1.972               3.464            AX55R175
  4544.433      23.1     6.708     -3.08                                        
  4544.434      26.0     4.317     -3.05                                        
  4544.447      22.0     3.348     -3.72                                        
  4544.447   23.0051     1.349    -7.855                                 KURHFS 
  4544.447 106.00112     1.538    -4.470               3.464            AX33P185
  4544.450   23.0051     1.349    -7.575                                 KURHFS 
  4544.450   23.0051     1.349    -7.855                                 KURHFS 
  4544.450   23.0051     1.349    -8.876                                 KURHFS 
  4544.455   23.0051     1.349    -7.437                                 KURHFS 
  4544.455   23.0051     1.349    -7.575                                 KURHFS 
  4544.455   23.0051     1.349    -8.177                                 KURHFS 
  4544.464   23.0051     1.349    -7.371                                 KURHFS 
  4544.464   23.0051     1.349    -7.437                                 KURHFS 
  4544.464   23.0051     1.349    -7.730                                 KURHFS 
  4544.464 106.00113     1.752    -7.371               3.464            CX15P125
  4544.475   23.0051     1.349    -7.364                                 KURHFS 
  4544.475   23.0051     1.349    -7.371                                 KURHFS 
  4544.475   23.0051     1.349    -7.399                                 KURHFS 
  4544.478      26.0     3.981     -3.19                                        
  4544.480 106.00112     0.710    -2.739               3.464            BX12P045
  4544.483   27.0059     3.626    -3.151                                 KURHFS 
  4544.483   27.0059     3.626    -3.347                                 KURHFS 
  4544.488   23.0051     1.349    -7.136                                 KURHFS 
  4544.488   23.0051     1.349    -7.364                                 KURHFS 
  4544.488   23.0051     1.349    -7.429                                 KURHFS 
  4544.490   27.0059     3.626    -3.126                                 KURHFS 
  4544.490   27.0059     3.626    -3.137                                 KURHFS 
  4544.490   27.0059     3.626    -3.347                                 KURHFS 
  4544.500 106.00112     0.710   -10.244               3.464            BX12Q045
  4544.501   27.0059     3.626    -2.999                                 KURHFS 
  4544.501   27.0059     3.626    -3.023                                 KURHFS 
  4544.501   27.0059     3.626    -3.126                                 KURHFS 
  4544.505   23.0051     1.349    -6.917                                 KURHFS 
  4544.505   23.0051     1.349    -7.429                                 KURHFS 
  4544.505   23.0051     1.349    -7.633                                 KURHFS 
  4544.510      24.0     3.011     -1.82                                        
  4544.514      90.1     0.556     -2.07                                        
  4544.515   27.0059     3.626    -2.832                                 KURHFS 
  4544.515   27.0059     3.626    -2.980                                 KURHFS 
  4544.515   27.0059     3.626    -3.023                                 KURHFS 
  4544.517 106.00113     1.614    -4.334               3.464            AX55P065
  4544.524   23.0051     1.349    -6.730                                 KURHFS 
  4544.524   23.0051     1.349    -7.633                                 KURHFS 
  4544.533   27.0059     3.626    -2.663                                 KURHFS 
  4544.533   27.0059     3.626    -2.980                                 KURHFS 
  4544.533   27.0059     3.626    -2.991                                 KURHFS 
  4544.537 607.01314     3.187    -2.047               7.724          1214Rb0035
  4544.555   27.0059     3.626    -2.504                                 KURHFS 
  4544.555   27.0059     3.626    -2.991                                 KURHFS 
  4544.555   27.0059     3.626    -3.068                                 KURHFS 
  4544.555 607.01314     3.187    -3.689               7.724          1214Qd0045
  4544.580   27.0059     3.626    -2.356                                 KURHFS 
  4544.580   27.0059     3.626    -3.068                                 KURHFS 
  4544.580   27.0059     3.626    -3.283                                 KURHFS 
  4544.610   27.0059     3.626    -2.220                                 KURHFS 
  4544.610   27.0059     3.626    -3.283                                 KURHFS 
  4544.612      24.0     2.542     -0.59                                 SOBECK 
  4544.634 607.01314     0.754    -2.390               7.724          0103Ra0095
  4544.657 106.00112     1.523    -4.621               3.464            AX11P265
  4544.658 607.01314     0.754    -2.433               7.724          0103Rb0085
  4544.671 106.00112     1.916    -8.602               3.464            AX23R255
  4544.671 607.01314     0.754    -4.704               7.724          0103Qd0095
  4544.687      22.0     0.818     -0.45                                 LAWLER 
  4544.689      24.1     3.103     -4.02                                        
  4544.724 106.00113     1.752   -10.650               3.464            CX15Q115
  4544.737      22.0     2.504     -2.70                                        
  4544.752 607.01214     0.775    -2.313               7.724          0002Ra0345
  4544.781      26.0     4.603     -2.24                                        
  4544.804 607.01214     0.993    -3.047               7.724          0204Ra0005
  4544.810 607.01214     0.993    -3.347               7.724          0204Qd0005
  4544.822 607.01214     0.775    -2.326               7.724          0002Rb0335
  4544.833      62.1     0.333     -1.91                                        
  4544.853 106.00112     1.940    -4.055               3.464            AX01R325
  4544.872 607.01214     0.775    -5.688               7.724          0002Qd0345
  4544.882 106.00113     1.614    -4.354               3.464            AX55P065
  4544.888 607.01214     3.049    -3.921               7.724          1113Qc0075
  4544.920 607.01214     3.049    -1.788               7.724          1113Pa0085
  4544.920 607.01214     3.049    -1.843               7.724          1113Pb0075
  4544.928 106.00112     1.547    -7.083               3.464            CX15Q025
  4544.940 106.00113     1.088    -5.481               3.464            BX12R165
  4544.945 106.00112     1.547    -8.970               3.464            CX15P025
  4544.953      58.1     0.417     -0.79                              Lawler09  
  4544.965 106.00113     1.482    -4.644               3.464            AX00P295
  4544.977      26.0     4.545     -3.15                                        
  4544.986 106.00112     0.710    -2.687               3.464            BX12P055
  4544.991 607.01214     0.845    -2.096               7.724          0103Ra0205
  4545.006 106.00112     1.940    -3.824               3.464            AX01R315
  4545.029 607.01314     3.186    -2.047               7.724          1214Ra0035
  4545.040 607.01214     0.845    -2.117               7.724          0103Rb0195
  4545.070 607.01214     0.845    -5.039               7.724          0103Qd0205
  4545.073 106.00112     1.940    -5.853               3.464            AX01Q325
  4545.085 106.00113     1.287   -11.055               3.464            CX04R045
  4545.113      26.0     4.555     -2.93                                        
  4545.133      22.1     1.130     -2.45                                 LAWLER 
  4545.166      75.0     1.954     -1.21                                        
  4545.168 607.01314     3.186    -2.159               7.724          1214Rb0025
  4545.183 607.01314     3.186    -3.590               7.724          1214Qd0035
  4545.186      11.0     2.104     -2.33                              NIST/B    
  4545.194   27.0059     3.927    -3.662                                 KURHFS 
  4545.200   27.0059     3.927    -3.264                                 KURHFS 
  4545.206   27.0059     3.927    -3.060                                 KURHFS 
  4545.212   27.0059     3.927    -2.963                                 KURHFS 
  4545.217   27.0059     3.927    -2.963                                 KURHFS 
  4545.218   27.0059     3.927    -2.361                                 KURHFS 
  4545.221   27.0059     3.927    -2.150                                 KURHFS 
  4545.222   27.0059     3.927    -3.118                                 KURHFS 
  4545.223   27.0059     3.927    -2.077                                 KURHFS 
  4545.225   27.0059     3.927    -2.071                                 KURHFS 
  4545.227   27.0059     3.927    -2.118                                 KURHFS 
  4545.228   27.0059     3.927    -2.223                                 KURHFS 
  4545.229   27.0059     3.927    -2.419                                 KURHFS 
  4545.233   27.0059     3.927    -2.486                                 KURHFS 
  4545.236   27.0059     3.927    -2.223                                 KURHFS 
  4545.238   27.0059     3.927    -2.019                                 KURHFS 
  4545.240   27.0059     3.927    -1.849                                 KURHFS 
  4545.242   27.0059     3.927    -1.703                                 KURHFS 
  4545.244   27.0059     3.927    -1.574                                 KURHFS 
  4545.245   27.0059     3.927    -1.458                                 KURHFS 
  4545.246   27.0059     3.927    -1.353                                 KURHFS 
  4545.271      25.0     4.675     -1.86                                        
  4545.330      60.1     0.859     -1.40                              DenHarto03
  4545.331      24.0     2.542     -1.30                                 SOBECK 
  4545.342      25.0     4.682     -2.10                                        
  4545.353      20.0     2.521     -3.50                                        
  4545.353 106.00113     1.689    -2.088               3.464            AX55P095
  4545.392 106.00113     1.536    -7.213               3.464            CX15P015
  4545.393      23.0     1.954      0.38                               LAWNOHFS 
  4545.398 106.00113     1.689    -3.590               3.464            AX55Q095
  4545.415 106.00112     1.577    -4.573               3.464            AX00P305
  4545.474      24.1     5.867     -3.80                                        
  4545.505      24.1     3.103     -4.22                                        
  4545.524      26.0     3.639     -3.40                                        
  4545.552 607.01214     3.052    -3.973               7.724          1113Qc0085
  4545.562      92.1     0.284     -1.64                                        
  4545.579 106.00113     1.689    -2.051               3.464            AX55P105
  4545.588 607.01214     3.052    -1.739               7.724          1113Pa0095
  4545.588 607.01214     3.052    -1.788               7.724          1113Pb0085
  4545.633      26.0     4.648     -3.67                                        
  4545.659 106.00113     1.801    -1.677               3.464            AX44P195
  4545.676 106.00113     1.801    -3.797               3.464            AX44Q185
  4545.677      77.0     1.621     -1.72                                        
  4545.683 607.01314     3.184    -2.159               7.724          1214Ra0025
  4545.742 106.00113     1.801    -1.684               3.464            AX44P185
  4545.754      26.0     3.234     -2.64                                        
  4545.754 607.01314     0.750    -2.433               7.724          0103Ra0085
  4545.775 607.01314     0.750    -2.481               7.724          0103Rb0075
  4545.778      27.0     4.110     -3.36                                        
  4545.787 607.01314     0.750    -4.659               7.724          0103Qd0085
  4545.788 106.00112     0.952    -2.507               3.464            BX12R125
  4545.800      62.1     0.659     -1.71                              Lawler06  
  4545.800 607.01314     3.184    -2.314               7.724          1214Rb0015
  4545.810 607.01314     3.184    -3.459               7.724          1214Qd0025
  4545.867      58.1     0.736     -1.23                              Lawler09  
  4545.938      26.0     3.651     -6.03                                        
  4545.953      24.0     0.941     -1.37                                 SOBECK 
  4545.957 607.01314     0.647    -2.409               7.724          0002Ra0265
  4545.962 106.00112     0.952    -6.754               3.464            BX12Q135
  4546.007 607.01314     0.647    -2.426               7.724          0002Rb0255
  4546.023      24.0     3.548     -3.53                                        
  4546.026 106.00112     0.952    -2.493               3.464            BX12R135
  4546.028      24.1     6.800     -3.32                                        
  4546.047 607.01314     0.647    -5.565               7.724          0002Qd0265
  4546.053 106.00113     1.690    -2.088               3.464            AX55P095
  4546.061      58.0     0.028     -0.78                                        
  4546.098 106.00113     1.690    -3.608               3.464            AX55Q095
  4546.102      23.0     2.636     -4.85                                        
  4546.102 106.00113     1.867    -3.836               3.464            AX55R145
  4546.120 106.00113     1.867    -1.603               3.464            AX55Q145
  4546.177 607.01214     1.658    -5.954               7.724          0002Qc0705
  4546.202 106.00113     1.867    -1.604               3.464            AX55Q155
  4546.212      23.1     3.121     -7.42                                        
  4546.215 607.01214     3.057    -4.019               7.724          1113Qc0095
  4546.219 106.00113     1.867    -3.804               3.464            AX55P155
  4546.222 106.00113     1.690    -2.052               3.464            AX55P105
  4546.230 106.00113     1.593    -4.558               3.464            AX11P275
  4546.254 607.01214     3.057    -1.695               7.724          1113Pa0105
  4546.254 607.01214     3.057    -1.739               7.724          1113Pb0095
  4546.273      24.0     4.774     -2.32                                        
  4546.281 607.01214     1.658    -1.907               7.724          0002Pa0715
  4546.334      26.0     3.639     -4.90                                        
  4546.342 607.01314     3.184    -2.314               7.724          1214Ra0015
  4546.343 106.00112     1.490    -4.644               3.464            AX00P295
  4546.350 607.01214     0.993    -3.347               7.724          0204Qc0005
  4546.352 607.01214     0.993    -3.045               7.724          0204Pa0015
  4546.369 106.00112     1.794   -10.669               3.464            CX15Q125
  4546.378 607.01214     1.658    -1.915               7.724          0002Pb0705
  4546.409   23.0051     1.852    -3.608                                 KURHFS 
  4546.412   23.0051     1.852    -3.490                                 KURHFS 
  4546.412   23.0051     1.852    -4.060                                 KURHFS 
  4546.418   23.0051     1.852    -3.372                                 KURHFS 
  4546.418   23.0051     1.852    -3.849                                 KURHFS 
  4546.418   23.0051     1.852    -5.060                                 KURHFS 
  4546.425   23.0051     1.852    -3.260                                 KURHFS 
  4546.425   23.0051     1.852    -3.753                                 KURHFS 
  4546.425   23.0051     1.852    -4.853                                 KURHFS 
  4546.426 106.00112     1.378    -6.227               3.464            AX12R215
  4546.431 607.01314     3.184    -2.569               7.724          1214Rb0005
  4546.434   23.0051     1.852    -3.156                                 KURHFS 
  4546.434   23.0051     1.852    -3.717                                 KURHFS 
  4546.434   23.0051     1.852    -4.825                                 KURHFS 
  4546.437 607.01314     3.184    -3.267               7.724          1214Qd0015
  4546.442 106.00112     1.794    -7.482               3.464            CX15P135
  4546.443 106.00113     1.372    -6.227               3.464            AX12R215
  4546.445   23.0051     1.852    -3.060                                 KURHFS 
  4546.445   23.0051     1.852    -3.733                                 KURHFS 
  4546.445   23.0051     1.852    -4.905                                 KURHFS 
  4546.455 106.00112     1.794    -7.368               3.464            CX15P125
  4546.457 106.00113     1.932    -4.055               3.464            AX01R325
  4546.458   23.0051     1.852    -2.970                                 KURHFS 
  4546.458   23.0051     1.852    -3.815                                 KURHFS 
  4546.458   23.0051     1.852    -5.097                                 KURHFS 
  4546.469      26.0     4.183     -2.51                                        
  4546.472   23.0051     1.852    -2.886                                 KURHFS 
  4546.472   23.0051     1.852    -4.033                                 KURHFS 
  4546.472   23.0051     1.852    -5.486                                 KURHFS 
  4546.477 106.00113     1.770    -7.172               3.464            AX23R235
  4546.481      74.0     2.265     -0.43                                        
  4546.535 106.00113     1.214    -2.311               3.464            BX01P225
  4546.542      24.0     4.102     -2.44                                        
  4546.586 106.00112     1.150    -2.798               3.464            BX11P215
  4546.606 607.01214     0.836    -2.117               7.724          0103Ra0195
  4546.628 106.00113     1.932    -3.824               3.464            AX01R315
  4546.639 106.00113     1.214    -6.778               3.464            BX01Q225
  4546.644 106.00113     1.932    -5.853               3.464            AX01Q325
  4546.653 607.01214     0.836    -2.138               7.724          0103Rb0185
  4546.657   23.0051     1.847    -4.313                                 KURHFS 
  4546.657   23.0051     1.847    -4.509                                 KURHFS 
  4546.657   23.0051     1.847    -4.576                                 KURHFS 
  4546.658   23.0051     1.847    -3.939                                 KURHFS 
  4546.658   23.0051     1.847    -4.109                                 KURHFS 
  4546.658   23.0051     1.847    -4.208                                 KURHFS 
  4546.658   23.0051     1.847    -4.313                                 KURHFS 
  4546.658   23.0051     1.847    -5.053                                 KURHFS 
  4546.658   23.0051     1.847    -5.208                                 KURHFS 
  4546.659   23.0051     1.847    -3.793                                 KURHFS 
  4546.659   23.0051     1.847    -4.161                                 KURHFS 
  4546.659   23.0051     1.847    -5.053                                 KURHFS 
  4546.660   23.0051     1.847    -3.664                                 KURHFS 
  4546.660   23.0051     1.847    -4.167                                 KURHFS 
  4546.660   23.0051     1.847    -5.150                                 KURHFS 
  4546.662   23.0051     1.847    -3.548                                 KURHFS 
  4546.662   23.0051     1.847    -4.240                                 KURHFS 
  4546.662   23.0051     1.847    -5.354                                 KURHFS 
  4546.663   23.0051     1.847    -3.443                                 KURHFS 
  4546.663   23.0051     1.847    -4.451                                 KURHFS 
  4546.663   23.0051     1.847    -5.752                                 KURHFS 
  4546.681 607.01214     0.836    -5.019               7.724          0103Qd0195
  4546.682 106.00112     1.150    -7.303               3.464            BX11Q215
  4546.687      26.0     3.957     -2.61                                        
  4546.707 106.00113     1.214    -2.283               3.464            BX01P235
  4546.757 106.00112     1.542    -7.274               3.464            CX15Q015
  4546.767 106.00112     1.542    -8.589               3.464            CX15P015
  4546.768 106.00112     1.150    -2.618               3.464            BX11P225
  4546.807      27.1     3.204     -5.09                                        
  4546.818      41.0     0.197     -0.75                                        
  4546.820 106.00112     1.539    -4.524               3.464            AX33P185
  4546.834 106.00113     1.570    -4.525               3.464            AX22P235
  4546.835 607.01314     0.746    -2.482               7.724          0103Ra0075
  4546.855 607.01314     0.746    -2.536               7.724          0103Rb0065
  4546.865 607.01314     0.746    -4.607               7.724          0103Qd0075
  4546.876 607.01214     3.061    -4.061               7.724          1113Qc0105
  4546.919 607.01214     3.061    -1.655               7.724          1113Pa0115
  4546.919 607.01214     3.061    -1.695               7.724          1113Pb0105
  4546.920      28.0     4.161     -0.27                                        
  4546.927      44.0     1.122     -1.70                                        
  4546.977 106.00113     0.692    -4.521               3.464            BX12P035
  4546.979 607.01214     0.760    -2.326               7.724          0002Ra0335
  4546.990      26.0     4.581     -2.14                                        
  4547.006 607.01314     3.183    -2.569               7.724          1214Ra0005
  4547.017      26.0     1.557     -3.63                              NIST/E    
  4547.024 106.00112     1.846    -7.609               3.464            AX23R245
  4547.047 607.01214     0.760    -2.339               7.724          0002Rb0325
  4547.052 106.00113     1.340    -8.992               3.464            CX04R065
  4547.061 607.01214     0.994    -3.745               7.724          0204Qc0015
  4547.064 607.01214     0.994    -2.789               7.724          0204Pa0025
  4547.065 607.01314     3.183    -2.870               7.724          1214Qd0005
  4547.066 607.01214     0.994    -3.045               7.724          0204Pb0015
  4547.087 106.00113     0.804    -2.311               3.464            BX12Q085
  4547.096 607.01214     0.760    -5.676               7.724          0002Qd0335
  4547.104 106.00113     1.340   -11.388               3.464            CX04Q075
  4547.130 106.00113     0.804    -5.247               3.464            BX12R085
  4547.155      73.0     1.236     -1.89                                        
  4547.193      42.0     3.357     -1.65                                        
  4547.218      28.0     3.633     -1.20                                        
  4547.220      26.0     2.586     -6.42                                        
  4547.239 106.00113     2.041    -1.522               3.464            AX33P275
  4547.287      44.0     0.927     -1.50                                        
  4547.292 106.00113     0.804    -5.245               3.464            BX12P095
  4547.296      22.0     3.102      0.45                                        
  4547.335 106.00113     0.804    -2.268               3.464            BX12Q095
  4547.342 106.00113     1.340    -8.891               3.464            CX04R075
  4547.355 106.00113     2.041    -3.943               3.464            AX33Q265
  4547.383      22.0     2.504     -4.87                                        
  4547.433   23.0051     1.929    -5.645                                 KURHFS 
  4547.433   23.0051     1.929    -5.900                                 KURHFS 
  4547.433   23.0051     1.929    -5.930                                 KURHFS 
  4547.442   23.0051     1.929    -5.457                                 KURHFS 
  4547.442   23.0051     1.929    -5.512                                 KURHFS 
  4547.442   23.0051     1.929    -5.900                                 KURHFS 
  4547.456   23.0051     1.929    -5.257                                 KURHFS 
  4547.456   23.0051     1.929    -5.366                                 KURHFS 
  4547.456   23.0051     1.929    -5.951                                 KURHFS 
  4547.475   23.0051     1.929    -5.059                                 KURHFS 
  4547.475   23.0051     1.929    -5.344                                 KURHFS 
  4547.475   23.0051     1.929    -6.076                                 KURHFS 
  4547.495      24.0     4.407     -2.85                                        
  4547.499   23.0051     1.929    -4.895                                 KURHFS 
  4547.499   23.0051     1.929    -5.398                                 KURHFS 
  4547.499   23.0051     1.929    -6.298                                 KURHFS 
  4547.504      24.0     2.985     -2.27                                        
  4547.506 106.00113     1.563    -4.412               3.464            AX44P135
  4547.509 106.00112     1.601    -4.558               3.464            AX11P275
  4547.527   23.0051     1.929    -4.754                                 KURHFS 
  4547.527   23.0051     1.929    -5.594                                 KURHFS 
  4547.527   23.0051     1.929    -6.708                                 KURHFS 
  4547.532 106.00113     1.868    -3.855               3.464            AX55R145
  4547.536 607.01214     3.066    -4.099               7.724          1113Qc0115
  4547.550 106.00113     1.868    -1.604               3.464            AX55Q155
  4547.551 106.00113     1.868    -1.603               3.464            AX55Q145
  4547.568 106.00113     1.868    -3.787               3.464            AX55P155
  4547.581 607.01214     3.066    -1.619               7.724          1113Pa0125
  4547.581 607.01214     3.066    -1.655               7.724          1113Pb0115
  4547.631      24.0     3.553     -3.05                                        
  4547.658 106.00113     2.041    -1.513               3.464            AX33P265
  4547.674      27.0     4.146     -3.09                                        
  4547.678   27.0059     1.048    -5.390                                 KURHFS 
  4547.679   27.0059     1.048    -5.566                                 KURHFS 
  4547.683   27.0059     1.048    -5.816                                 KURHFS 
  4547.690   27.0059     1.048    -6.244                                 KURHFS 
  4547.694   27.0059     1.048    -5.390                                 KURHFS 
  4547.702   27.0059     1.048    -5.226                                 KURHFS 
  4547.714   27.0059     1.048    -5.218                                 KURHFS 
  4547.717   27.0059     1.048    -5.691                                 KURHFS 
  4547.728   27.0059     1.048    -5.379                                 KURHFS 
  4547.732 607.01214     0.995    -3.937               7.724          0204Qc0025
  4547.733   27.0059     1.048    -5.252                                 KURHFS 
  4547.737 607.01214     0.995    -2.634               7.724          0204Pa0035
  4547.742 607.01214     0.995    -2.789               7.724          0204Pb0025
  4547.752   27.0059     1.048    -4.969                                 KURHFS 
  4547.773   27.0059     1.048    -4.753                                 KURHFS 
  4547.776 607.01314     0.635    -2.426               7.724          0002Ra0255
  4547.801      22.0     2.479     -0.80                                        
  4547.814 106.00112     2.100    -4.100               3.464            AX44R235
  4547.821 607.01314     0.635    -2.442               7.724          0002Rb0245
  4547.823      41.0     1.120     -1.74                                        
  4547.830      20.0     1.897     -3.50                                        
  4547.847      26.0     3.547     -0.82                              Belmonte17
  4547.848      25.0     4.657     -4.26                                        
  4547.858 607.01314     0.635    -5.550               7.724          0002Qd0255
  4547.860      44.0     1.732     -0.88                                        
  4547.878 607.01314     0.743    -2.536               7.724          0103Ra0065
  4547.886 106.00112     2.100    -1.465               3.464            AX44Q245
  4547.895 607.01314     0.743    -2.598               7.724          0103Rb0055
  4547.896 106.00113     2.105    -2.212               3.464            AX55R205
  4547.904 106.00113     2.105    -2.111               3.464            AX55R195
  4547.904 607.01314     0.743    -4.549               7.724          0103Qd0065
  4547.917 106.00113     1.854    -7.177               3.464            CX04P205
  4547.944 106.00112     2.100    -1.420               3.464            AX44Q235
  4547.958 106.00112     1.666    -2.140               3.464            AX55P085
  4547.959      24.0     3.553     -2.52                                        
  4547.960 106.00113     2.105    -4.210               3.464            AX55Q205
  4547.969 106.00113     1.854    -7.114               3.464            CX04P195
  4547.995 106.00112     1.666    -3.542               3.464            AX55Q085
  4548.007      64.0     1.356      0.45                                        
  4548.016 106.00112     2.100    -3.993               3.464            AX44P245
  4548.051      24.1     6.277     -4.14                                        
  4548.089      24.0     3.085     -3.44                                        
  4548.109      22.0     2.493     -0.63                                        
  4548.165      24.0     3.977     -3.08                                        
  4548.182 607.01214     0.827    -2.138               7.724          0103Ra0185
  4548.195 607.01214     3.071    -4.133               7.724          1113Qc0125
  4548.200 106.00113     1.541    -7.181               3.464            CX15P015
  4548.207      24.0     3.553     -2.44                                        
  4548.214 106.00112     1.666    -2.096               3.464            AX55P095
  4548.227 607.01214     0.827    -2.161               7.724          0103Rb0175
  4548.236      60.0     0.456     -0.12                                        
  4548.239 106.00113     1.541   -11.935               3.464            CX15Q015
  4548.244 607.01214     3.071    -1.585               7.724          1113Pa0135
  4548.244 607.01214     3.071    -1.619               7.724          1113Pb0125
  4548.246 106.00113     1.659    -4.582               3.464            AX00P315
  4548.254 607.01214     0.827    -4.997               7.724          0103Qd0185
  4548.271 106.00112     1.576    -4.525               3.464            AX22P235
  4548.325 607.01314     3.184    -2.870               7.724          1214Qc0005
  4548.332 607.01314     3.184    -2.568               7.724          1214Pa0015
  4548.365 607.01214     0.997    -4.067               7.724          0204Qc0035
  4548.371 607.01214     0.997    -2.521               7.724          0204Pa0045
  4548.378 607.01214     0.997    -2.634               7.724          0204Pb0035
  4548.389 106.00113     1.719    -7.229               3.464            CX15P105
  4548.399 607.01214     1.626    -5.950               7.724          0002Qc0695
  4548.428      26.0     4.309     -3.00                                        
  4548.472 106.00113     1.719    -7.289               3.464            CX15P115
  4548.481      77.0     3.782     -0.18                                        
  4548.501 607.01214     1.626    -1.915               7.724          0002Pa0705
  4548.539       4.0     0.000     -8.60                                        
  4548.544 106.00112     1.666    -2.139               3.464            AX55P085
  4548.582 106.00112     1.666    -3.558               3.464            AX55Q085
  4548.594   23.0051     1.080    -4.615                                 KURHFS 
  4548.594   23.0051     1.080    -5.518                                 KURHFS 
  4548.597      69.0     2.149      0.25                                        
  4548.598 607.01214     1.626    -1.923               7.724          0002Pb0695
  4548.601   23.0051     1.080    -4.802                                 KURHFS 
  4548.601   23.0051     1.080    -5.314                                 KURHFS 
  4548.601   23.0051     1.080    -5.518                                 KURHFS 
  4548.608   23.0051     1.080    -5.021                                 KURHFS 
  4548.608   23.0051     1.080    -5.249                                 KURHFS 
  4548.608   23.0051     1.080    -5.314                                 KURHFS 
  4548.614   23.0051     1.080    -5.249                                 KURHFS 
  4548.614   23.0051     1.080    -5.256                                 KURHFS 
  4548.614   23.0051     1.080    -5.284                                 KURHFS 
  4548.618   23.0051     1.080    -5.256                                 KURHFS 
  4548.618   23.0051     1.080    -5.322                                 KURHFS 
  4548.618   23.0051     1.080    -5.615                                 KURHFS 
  4548.621   23.0051     1.080    -5.322                                 KURHFS 
  4548.621   23.0051     1.080    -5.460                                 KURHFS 
  4548.621   23.0051     1.080    -6.062                                 KURHFS 
  4548.624   23.0051     1.080    -5.460                                 KURHFS 
  4548.624   23.0051     1.080    -5.740                                 KURHFS 
  4548.624   23.0051     1.080    -6.761                                 KURHFS 
  4548.625   23.0051     1.080    -5.740                                 KURHFS 
  4548.637 106.00113     1.854   -12.546               3.464            CX04Q195
  4548.647      24.0     4.183     -0.95                                        
  4548.659      76.0     1.840     -1.39                                        
  4548.678 106.00113     1.719   -10.631               3.464            CX15Q105
  4548.684      23.1     3.750     -3.22                                        
  4548.730      45.0     1.484     -1.99                              DL85/NI/D 
  4548.751 106.00112     1.666    -2.096               3.464            AX55P095
  4548.757 106.00113     1.013    -2.412               3.464            BX01P195
  4548.764      22.0     0.825     -0.28                                 LAWLER 
  4548.777      26.0     3.015     -5.23                                        
  4548.797 106.00112     1.539    -7.721               3.464            CX15Q005
  4548.840 106.00113     1.564    -4.452               3.464            AX44P135
  4548.841 106.00113     1.013    -6.950               3.464            BX01Q195
  4548.853 607.01214     3.077    -4.166               7.724          1113Qc0135
  4548.882 607.01314     0.741    -2.599               7.724          0103Ra0055
  4548.886      58.0     0.384     -0.29                                        
  4548.898 607.01314     0.741    -2.672               7.724          0103Rb0045
  4548.905 607.01214     3.077    -1.554               7.724          1113Pa0145
  4548.905 607.01214     3.077    -1.585               7.724          1113Pb0135
  4548.905 607.01314     0.741    -4.482               7.724          0103Qd0055
  4548.933 106.00113     1.013    -2.368               3.464            BX01P205
  4548.939 106.00112     1.806    -3.764               3.464            AX44Q185
  4548.957 607.01214     0.999    -4.167               7.724          0204Qc0045
  4548.959 607.01314     3.184    -3.268               7.724          1214Qc0015
  4548.965 607.01214     0.999    -2.431               7.724          0204Pa0055
  4548.970 607.01314     3.184    -2.313               7.724          1214Pa0025
  4548.975 607.01214     0.999    -2.521               7.724          0204Pb0045
  4549.001   23.0051     1.852    -4.352                                 KURHFS 
  4549.001   23.0051     1.852    -4.419                                 KURHFS 
  4549.001   23.0051     1.852    -5.051                                 KURHFS 
  4549.004   23.0051     1.852    -4.156                                 KURHFS 
  4549.004   23.0051     1.852    -4.156                                 KURHFS 
  4549.004   23.0051     1.852    -4.896                                 KURHFS 
  4549.008      60.1     0.559     -1.51                                        
  4549.010   23.0051     1.852    -3.952                                 KURHFS 
  4549.010   23.0051     1.852    -4.051                                 KURHFS 
  4549.010   23.0051     1.852    -4.896                                 KURHFS 
  4549.017   23.0051     1.852    -3.782                                 KURHFS 
  4549.017   23.0051     1.852    -4.004                                 KURHFS 
  4549.017   23.0051     1.852    -4.993                                 KURHFS 
  4549.018 106.00112     1.806    -1.683               3.464            AX44P185
  4549.019 607.01314     3.184    -2.568               7.724          1214Pb0015
  4549.026   23.0051     1.852    -3.636                                 KURHFS 
  4549.026   23.0051     1.852    -4.010                                 KURHFS 
  4549.026   23.0051     1.852    -5.197                                 KURHFS 
  4549.034 106.00112     1.806    -1.676               3.464            AX44P195
  4549.037   23.0051     1.852    -3.507                                 KURHFS 
  4549.037   23.0051     1.852    -4.083                                 KURHFS 
  4549.037   23.0051     1.852    -5.595                                 KURHFS 
  4549.044      23.0     2.706     -3.56                                        
  4549.047 106.00113     1.485   -10.307               3.464            CX04P125
  4549.050   23.0051     1.852    -3.391                                 KURHFS 
  4549.050   23.0051     1.852    -4.294                                 KURHFS 
  4549.064   23.0051     1.852    -3.286                                 KURHFS 
  4549.134 106.00112     2.441   -11.171               3.464            CX04P285
  4549.146 106.00113     1.542    -7.210               3.464            CX15P025
  4549.159      42.0     3.396     -1.71                                        
  4549.167 607.01214     0.745    -2.339               7.724          0002Ra0325
  4549.197      26.1     5.911     -1.77                                 NIST/D+
  4549.204      24.0     3.419     -3.40                                        
  4549.216      24.1     5.869     -3.10                                        
  4549.233 607.01214     0.745    -2.353               7.724          0002Rb0315
  4549.253 106.00113     1.485    -7.531               3.464            CX04Q115
  4549.281 607.01214     0.745    -5.664               7.724          0002Qd0325
  4549.290      24.0     3.553     -3.53                                        
  4549.398      26.0     3.015     -6.14                                        
  4549.417      42.0     3.161     -1.49                                        
  4549.419 106.00113     1.485    -7.472               3.464            CX04Q125
  4549.423      44.0     0.997     -2.14                                        
  4549.466      26.0     3.879     -1.71                                        
  4549.467      26.1     2.828     -1.73                                 NIST/C+
  4549.491      57.0     0.373     -0.92                                        
  4549.497 106.00113     1.572    -4.654               3.464            AX00P305
  4549.510 607.01214     3.083    -4.196               7.724          1113Qc0145
  4549.511 607.01214     1.002    -4.247               7.724          0204Qc0055
  4549.520 607.01214     1.002    -2.357               7.724          0204Pa0065
  4549.532 607.01214     1.002    -2.431               7.724          0204Pb0055
  4549.543 607.01314     0.625    -2.443               7.724          0002Ra0245
  4549.565 607.01214     3.083    -1.524               7.724          1113Pa0155
  4549.565 607.01214     3.083    -1.554               7.724          1113Pb0145
  4549.594   27.0059     3.064    -1.849                                 KURHFS 
  4549.594   27.0059     3.064    -2.104                                 KURHFS 
  4549.594   27.0059     3.064    -2.134                                 KURHFS 
  4549.597 607.01314     3.186    -3.460               7.724          1214Qc0025
  4549.598   27.0059     3.629    -3.780                                 KURHFS 
  4549.599 607.01314     0.624    -2.460               7.724          0002Rb0235
  4549.603   27.0059     3.629    -3.517                                 KURHFS 
  4549.603   27.0059     3.629    -3.713                                 KURHFS 
  4549.604   27.0059     3.064    -1.661                                 KURHFS 
  4549.604   27.0059     3.064    -1.716                                 KURHFS 
  4549.604   27.0059     3.064    -2.104                                 KURHFS 
  4549.612 607.01314     3.186    -2.158               7.724          1214Pa0035
  4549.613   27.0059     3.629    -3.313                                 KURHFS 
  4549.613   27.0059     3.629    -3.517                                 KURHFS 
  4549.613   27.0059     3.629    -4.412                                 KURHFS 
  4549.619   27.0059     3.064    -1.461                                 KURHFS 
  4549.619   27.0059     3.064    -1.570                                 KURHFS 
  4549.619   27.0059     3.064    -2.155                                 KURHFS 
  4549.622      22.1     1.583     -0.22                                 LAWLER 
  4549.626 106.00113     1.485   -11.681               3.464            CX04R115
  4549.629   27.0059     3.629    -3.143                                 KURHFS 
  4549.629   27.0059     3.629    -3.412                                 KURHFS 
  4549.629   27.0059     3.629    -4.257                                 KURHFS 
  4549.631 607.01314     0.625    -5.533               7.724          0002Qd0245
  4549.632      58.1     1.365     -0.52                                        
  4549.639   27.0059     3.064    -1.263                                 KURHFS 
  4549.639   27.0059     3.064    -1.548                                 KURHFS 
  4549.639   27.0059     3.064    -2.280                                 KURHFS 
  4549.650   27.0059     3.629    -2.997                                 KURHFS 
  4549.650   27.0059     3.629    -3.365                                 KURHFS 
  4549.650   27.0059     3.629    -4.257                                 KURHFS 
  4549.661 106.00112     0.694    -4.521               3.464            BX12P035
  4549.664   27.0059     3.064    -1.099                                 KURHFS 
  4549.664   27.0059     3.064    -1.602                                 KURHFS 
  4549.664   27.0059     3.064    -2.502                                 KURHFS 
  4549.676   27.0059     3.629    -2.868                                 KURHFS 
  4549.676   27.0059     3.629    -3.371                                 KURHFS 
  4549.676   27.0059     3.629    -4.354                                 KURHFS 
  4549.693 607.01314     3.186    -2.313               7.724          1214Pb0025
  4549.694   27.0059     3.064    -0.958                                 KURHFS 
  4549.694   27.0059     3.064    -1.798                                 KURHFS 
  4549.694   27.0059     3.064    -2.912                                 KURHFS 
  4549.704 106.00112     1.668    -4.582               3.464            AX00P315
  4549.707   27.0059     3.629    -2.752                                 KURHFS 
  4549.707   27.0059     3.629    -3.444                                 KURHFS 
  4549.707   27.0059     3.629    -4.558                                 KURHFS 
  4549.719 607.01214     0.819    -2.161               7.724          0103Ra0175
  4549.743   27.0059     3.629    -2.647                                 KURHFS 
  4549.743   27.0059     3.629    -3.655                                 KURHFS 
  4549.743   27.0059     3.629    -4.956                                 KURHFS 
  4549.762 607.01214     0.819    -2.185               7.724          0103Rb0165
  4549.787 607.01214     0.819    -4.974               7.724          0103Qd0175
  4549.813      22.1     1.179     -2.32                                 LAWLER 
  4549.848 607.01314     0.738    -2.672               7.724          0103Ra0045
  4549.850      20.0     2.524     -3.96                                        
  4549.858 106.00112     0.807    -2.311               3.464            BX12Q085
  4549.862 607.01314     0.738    -2.760               7.724          0103Rb0035
  4549.866      24.0     3.553     -3.74                                        
  4549.868 607.01314     0.738    -4.401               7.724          0103Qd0045
  4549.900 106.00112     0.807    -5.246               3.464            BX12R085
  4549.914      26.0     3.684     -3.28                                        
  4549.937      26.1     2.889     -6.11                                        
  4549.947      44.0     2.898     -0.28                                        
  4550.003 106.00113     2.125    -6.321               3.464            AX50P375
  4550.025 607.01214     1.005    -4.315               7.724          0204Qc0065
  4550.032      62.0     0.282     -0.87                                        
  4550.035 607.01214     1.005    -2.294               7.724          0204Pa0075
  4550.049 607.01214     1.005    -2.357               7.724          0204Pb0065
  4550.060      64.1     0.556     -2.63                              DenHarto06
  4550.065 106.00112     0.807    -5.244               3.464            BX12P095
  4550.083      59.1     0.000     -2.13                                        
  4550.097 607.01214     1.230    -1.649               7.724          0204Pb0315
  4550.107 106.00112     0.807    -2.267               3.464            BX12Q095
  4550.108      25.1     5.832     -3.66                                        
  4550.149 106.00113     2.106    -2.213               3.464            AX55R205
  4550.152 106.00112     1.943    -4.056               3.464            AX01R325
  4550.167 607.01214     3.090    -4.224               7.724          1113Qc0155
  4550.206      26.0     4.604     -1.95                                        
  4550.208 106.00113     2.106    -4.178               3.464            AX55Q205
  4550.224 607.01214     3.090    -1.497               7.724          1113Pa0165
  4550.224 607.01214     3.090    -1.524               7.724          1113Pb0155
  4550.239 106.00113     1.772    -7.106               3.464            AX23R235
  4550.240 607.01314     3.187    -3.590               7.724          1214Qc0035
  4550.248 106.00113     1.572    -4.591               3.464            AX22P235
  4550.257 106.00113     2.106    -2.112               3.464            AX55R195
  4550.258 607.01314     3.187    -2.045               7.724          1214Pa0045
  4550.293      58.1     1.122     -0.30                                BIEMONT 
  4550.312 106.00112     1.848    -7.541               3.464            AX23R245
  4550.350      20.0     5.386     -4.68                                        
  4550.367 607.01314     3.187    -2.158               7.724          1214Pb0035
  4550.374 106.00112     1.943    -5.807               3.464            AX01Q325
  4550.391      68.1     0.886     -2.51                              Lawler08  
  4550.409      76.0     1.840     -0.71                                        
  4550.459      23.0     2.503     -7.27                                        
  4550.467 607.01214     1.216    -4.957               7.724          0204Qc0305
  4550.471 106.00112     1.943    -3.825               3.464            AX01R315
  4550.499 607.01214     1.009    -4.373               7.724          0204Qc0075
  4550.510      20.0     5.014     -6.83                                        
  4550.511 607.01214     1.009    -2.238               7.724          0204Pa0085
  4550.511 607.01214     1.216    -1.650               7.724          0204Pa0315
  4550.527 607.01214     1.009    -2.294               7.724          0204Pb0075
  4550.569 607.01214     1.216    -1.664               7.724          0204Pb0305
  4550.580 607.01214     1.595    -5.945               7.724          0002Qc0685
  4550.681 607.01214     1.595    -1.924               7.724          0002Pa0695
  4550.775 607.01314     0.737    -2.760               7.724          0103Ra0035
  4550.776 106.00112     1.832    -3.771               3.464            AX55R135
  4550.777      77.0     1.605     -2.61                                        
  4550.779 607.01214     1.595    -1.932               7.724          0002Pb0685
  4550.787 607.01314     0.737    -2.873               7.724          0103Rb0025
  4550.792 607.01314     0.737    -4.302               7.724          0103Qd0035
  4550.813 106.00112     1.832    -1.604               3.464            AX55Q135
  4550.823 607.01214     3.097    -4.251               7.724          1113Qc0165
  4550.829      25.0     4.824     -2.80                                        
  4550.831      59.1     0.204     -1.83                                        
  4550.836      28.0     3.938     -3.89                                        
  4550.840 106.00113     1.596    -4.633               3.464            AX11P275
  4550.873      25.0     5.130     -2.56                                        
  4550.875 607.01314     1.126    -1.751               7.724          0103Pb0415
  4550.883 607.01214     3.097    -1.471               7.724          1113Pa0175
  4550.883 607.01214     3.097    -1.497               7.724          1113Pb0165
  4550.888 607.01314     3.189    -3.689               7.724          1214Qc0045
  4550.897      28.0     3.539     -3.23                                        
  4550.902 607.01214     1.202    -4.943               7.724          0204Qc0295
  4550.903 106.00112     1.832    -1.599               3.464            AX55Q145
  4550.911 607.01314     3.189    -1.955               7.724          1214Pa0055
  4550.926 106.00112     1.580    -4.654               3.464            AX00P305
  4550.934 607.01214     1.013    -4.425               7.724          0204Qc0085
  4550.941 106.00112     1.832    -3.752               3.464            AX55P145
  4550.945 607.01214     1.202    -1.665               7.724          0204Pa0305
  4550.947 607.01214     1.013    -2.189               7.724          0204Pa0095
  4550.950      64.1     0.731     -1.31                              DenHarto06
  4550.966 607.01214     1.013    -2.238               7.724          0204Pb0085
  4550.983      26.1     6.204     -3.63                                        
