a line list in the range:    4379.00   4391.00
  4379.043 106.00112     0.559    -2.492               3.464            BX01Q105
  4379.043 106.00113     1.013    -2.277               3.464            BX01R205
  4379.052   23.0051     2.113    -3.281                                 KURHFS 
  4379.052   23.0051     2.113    -3.497                                 KURHFS 
  4379.052   23.0051     2.113    -3.746                                 KURHFS 
  4379.052   23.0051     2.113    -3.754                                 KURHFS 
  4379.052   23.0051     2.113    -3.780                                 KURHFS 
  4379.052   23.0051     2.113    -3.907                                 KURHFS 
  4379.052   23.0051     2.113    -3.918                                 KURHFS 
  4379.052   23.0051     2.113    -3.918                                 KURHFS 
  4379.052   23.0051     2.113    -4.094                                 KURHFS 
  4379.052   23.0051     2.113    -4.219                                 KURHFS 
  4379.052   23.0051     2.113    -4.344                                 KURHFS 
  4379.052   23.0051     2.113    -4.772                                 KURHFS 
  4379.098 106.00112     0.559    -5.502               3.464            BX01R105
  4379.102      22.0     3.111     -3.71                                        
  4379.172      26.0     4.584     -2.68                              PK15THEOR 
  4379.174   27.0059     3.512    -2.444                                 KURHFS 
  4379.176 106.00112     0.559    -5.601               3.464            BX01P115
  4379.180      23.0     2.636     -4.91                                        
  4379.185   27.0059     3.512    -2.326                                 KURHFS 
  4379.185   27.0059     3.512    -2.896                                 KURHFS 
  4379.189   23.0051     0.300    -0.846                                 LAWLER 
  4379.193   23.0051     0.300    -0.728                                 LAWLER 
  4379.194   23.0051     0.300    -1.297                                 LAWLER 
  4379.199   23.0051     0.300    -0.610                                 LAWLER 
  4379.200   27.0059     3.512    -2.208                                 KURHFS 
  4379.200   27.0059     3.512    -2.685                                 KURHFS 
  4379.200   27.0059     3.512    -3.896                                 KURHFS 
  4379.201   23.0051     0.300    -1.087                                 LAWLER 
  4379.202   23.0051     0.300    -2.296                                 LAWLER 
  4379.208   23.0051     0.300    -0.498                                 LAWLER 
  4379.210   23.0051     0.300    -0.991                                 LAWLER 
  4379.211   23.0051     0.300    -2.092                                 LAWLER 
  4379.218   23.0051     0.300    -0.394                                 LAWLER 
  4379.221   23.0051     0.300    -0.955                                 LAWLER 
  4379.221   27.0059     3.512    -2.096                                 KURHFS 
  4379.221   27.0059     3.512    -2.589                                 KURHFS 
  4379.221   27.0059     3.512    -3.689                                 KURHFS 
  4379.223   23.0051     0.300    -2.064                                 LAWLER 
  4379.230 106.00112     0.559    -2.438               3.464            BX01Q115
  4379.231   23.0051     0.300    -0.298                                 LAWLER 
  4379.234   23.0051     0.300    -0.971                                 LAWLER 
  4379.236   23.0051     0.300    -2.144                                 LAWLER 
  4379.247   23.0051     0.300    -0.208                                 LAWLER 
  4379.247   27.0059     3.512    -1.992                                 KURHFS 
  4379.247   27.0059     3.512    -2.553                                 KURHFS 
  4379.247   27.0059     3.512    -3.661                                 KURHFS 
  4379.250   23.0051     0.300    -1.053                                 LAWLER 
  4379.252   23.0051     0.300    -2.334                                 LAWLER 
  4379.264   23.0051     0.300    -0.124                                 LAWLER 
  4379.267   23.0051     0.300    -1.271                                 LAWLER 
  4379.271   23.0051     0.300    -2.721                                 LAWLER 
  4379.278   27.0059     3.512    -1.896                                 KURHFS 
  4379.278   27.0059     3.512    -2.569                                 KURHFS 
  4379.278   27.0059     3.512    -3.741                                 KURHFS 
  4379.314   27.0059     3.512    -1.806                                 KURHFS 
  4379.314   27.0059     3.512    -2.651                                 KURHFS 
  4379.314   27.0059     3.512    -3.933                                 KURHFS 
  4379.327      39.0     1.373     -0.05                                        
  4379.356   27.0059     3.512    -1.722                                 KURHFS 
  4379.356   27.0059     3.512    -2.869                                 KURHFS 
  4379.356   27.0059     3.512    -4.322                                 KURHFS 
  4379.362      24.0     3.102     -6.37                                        
  4379.393      23.0     1.798     -1.47                                        
  4379.431      24.0     4.798     -3.70                                        
  4379.487 106.00113     1.531    -3.626               3.464            AX33R185
  4379.500      26.1     4.734     -3.76                                        
  4379.502 106.00113     1.261    -3.229               3.464            AX44R015
  4379.504 106.00113     1.261    -3.223               3.464            AX44R015
  4379.524      41.0     1.156     -1.21                                        
  4379.525 106.00113     1.688    -9.114               3.464            CX15R105
  4379.530   27.0059     3.629    -4.982                                 KURHFS 
  4379.535      26.0     4.470     -4.08                                        
  4379.535   27.0059     3.629    -4.719                                 KURHFS 
  4379.535   27.0059     3.629    -4.915                                 KURHFS 
  4379.545   27.0059     3.629    -4.515                                 KURHFS 
  4379.545   27.0059     3.629    -4.719                                 KURHFS 
  4379.545   27.0059     3.629    -5.614                                 KURHFS 
  4379.559   27.0059     3.629    -4.345                                 KURHFS 
  4379.559   27.0059     3.629    -4.614                                 KURHFS 
  4379.559   27.0059     3.629    -5.459                                 KURHFS 
  4379.563 106.00113     0.463    -3.529               3.464            AX00Q155
  4379.567 106.00113     1.531    -1.198               3.464            AX33Q195
  4379.578   27.0059     3.629    -4.199                                 KURHFS 
  4379.578   27.0059     3.629    -4.567                                 KURHFS 
  4379.578   27.0059     3.629    -5.459                                 KURHFS 
  4379.594 106.00113     0.463    -1.470               3.464            AX00P165
  4379.602   27.0059     3.629    -4.070                                 KURHFS 
  4379.602   27.0059     3.629    -4.573                                 KURHFS 
  4379.602   27.0059     3.629    -5.556                                 KURHFS 
  4379.623 106.00113     1.698    -1.622               3.464            AX44R165
  4379.624 106.00113     0.463    -1.494               3.464            AX00P155
  4379.631   27.0059     3.629    -3.954                                 KURHFS 
  4379.631   27.0059     3.629    -4.646                                 KURHFS 
  4379.631   27.0059     3.629    -5.760                                 KURHFS 
  4379.631 106.00113     1.531    -1.211               3.464            AX33Q185
  4379.649 106.00113     1.698    -1.619               3.464            AX44R175
  4379.665   27.0059     3.629    -3.849                                 KURHFS 
  4379.665   27.0059     3.629    -4.857                                 KURHFS 
  4379.665   27.0059     3.629    -6.158                                 KURHFS 
  4379.669      25.1     5.433     -1.85                                        
  4379.685      23.0     2.053     -4.17                                        
  4379.711 106.00113     1.531    -3.659               3.464            AX33P195
  4379.716 106.00113     1.698    -3.683               3.464            AX44Q175
  4379.727 106.00112     1.656    -1.625               3.464            AX44R155
  4379.742      40.1     1.531     -0.36                                        
  4379.754      26.0     4.442     -2.92                                        
  4379.774 106.00112     1.656    -1.618               3.464            AX44R165
  4379.777      24.0     3.011     -1.42                                        
  4379.814   27.0059     3.626    -3.764                                 KURHFS 
  4379.814   27.0059     3.626    -3.831                                 KURHFS 
  4379.814   27.0059     3.626    -4.463                                 KURHFS 
  4379.821   27.0059     3.626    -3.568                                 KURHFS 
  4379.821   27.0059     3.626    -3.568                                 KURHFS 
  4379.821   27.0059     3.626    -4.308                                 KURHFS 
  4379.831   27.0059     3.626    -3.364                                 KURHFS 
  4379.831   27.0059     3.626    -3.463                                 KURHFS 
  4379.831   27.0059     3.626    -4.308                                 KURHFS 
  4379.839 106.00112     1.656    -3.643               3.464            AX44Q165
  4379.843   23.0051     1.080    -5.030                                 KURHFS 
  4379.843   23.0051     1.080    -5.933                                 KURHFS 
  4379.844   27.0059     3.626    -3.194                                 KURHFS 
  4379.844   27.0059     3.626    -3.416                                 KURHFS 
  4379.844   27.0059     3.626    -4.405                                 KURHFS 
  4379.850   23.0051     1.080    -5.217                                 KURHFS 
  4379.850   23.0051     1.080    -5.729                                 KURHFS 
  4379.850   23.0051     1.080    -5.933                                 KURHFS 
  4379.856   23.0051     1.080    -5.436                                 KURHFS 
  4379.856   23.0051     1.080    -5.664                                 KURHFS 
  4379.856   23.0051     1.080    -5.729                                 KURHFS 
  4379.861   23.0051     1.080    -5.664                                 KURHFS 
  4379.861   23.0051     1.080    -5.671                                 KURHFS 
  4379.861   23.0051     1.080    -5.699                                 KURHFS 
  4379.861   27.0059     3.626    -3.048                                 KURHFS 
  4379.861   27.0059     3.626    -3.422                                 KURHFS 
  4379.861   27.0059     3.626    -4.609                                 KURHFS 
  4379.866   23.0051     1.080    -5.671                                 KURHFS 
  4379.866   23.0051     1.080    -5.737                                 KURHFS 
  4379.866   23.0051     1.080    -6.030                                 KURHFS 
  4379.869   23.0051     1.080    -5.737                                 KURHFS 
  4379.869   23.0051     1.080    -5.875                                 KURHFS 
  4379.869   23.0051     1.080    -6.477                                 KURHFS 
  4379.871   23.0051     1.080    -5.875                                 KURHFS 
  4379.871   23.0051     1.080    -6.155                                 KURHFS 
  4379.871   23.0051     1.080    -7.176                                 KURHFS 
  4379.872   23.0051     1.080    -6.155                                 KURHFS 
  4379.881   27.0059     3.626    -2.919                                 KURHFS 
  4379.881   27.0059     3.626    -3.495                                 KURHFS 
  4379.881   27.0059     3.626    -5.007                                 KURHFS 
  4379.904   27.0059     3.626    -2.803                                 KURHFS 
  4379.904   27.0059     3.626    -3.706                                 KURHFS 
  4379.920      45.0     1.143     -1.37                              DL85/NI/C+
  4379.932   27.0059     3.626    -2.698                                 KURHFS 
  4379.951   27.0059     2.875    -3.552                                 KURHFS 
  4379.956 106.00112     0.389    -3.095               3.464            BX01P045
  4379.969   27.0059     3.512    -2.201                                 KURHFS 
  4379.969   27.0059     3.512    -2.397                                 KURHFS 
  4379.979   27.0059     3.512    -2.176                                 KURHFS 
  4379.979   27.0059     3.512    -2.187                                 KURHFS 
  4379.979   27.0059     3.512    -2.397                                 KURHFS 
  4379.980 106.00112     0.389    -7.525               3.464            BX01Q045
  4379.995   27.0059     3.512    -2.049                                 KURHFS 
  4379.995   27.0059     3.512    -2.073                                 KURHFS 
  4379.995   27.0059     3.512    -2.176                                 KURHFS 
  4380.002      23.0     2.579     -4.95                                        
  4380.005   27.0059     2.875    -3.657                                 KURHFS 
  4380.005   27.0059     2.875    -4.560                                 KURHFS 
  4380.007      21.1     6.903     -4.72                                        
  4380.009 106.00112     0.466    -3.529               3.464            AX00Q155
  4380.015   27.0059     3.512    -1.882                                 KURHFS 
  4380.015   27.0059     3.512    -2.030                                 KURHFS 
  4380.015   27.0059     3.512    -2.073                                 KURHFS 
  4380.021 106.00112     2.034    -1.069               3.464            AX22Q305
  4380.025      26.0     4.431     -3.74                                        
  4380.030      22.0     2.101     -3.81                                        
  4380.036 106.00112     0.466    -1.470               3.464            AX00P165
  4380.041   27.0059     3.512    -1.713                                 KURHFS 
  4380.041   27.0059     3.512    -2.030                                 KURHFS 
  4380.041   27.0059     3.512    -2.041                                 KURHFS 
  4380.052   27.0059     2.875    -3.773                                 KURHFS 
  4380.052   27.0059     2.875    -4.349                                 KURHFS 
  4380.052   27.0059     2.875    -5.861                                 KURHFS 
  4380.053      58.1     0.621     -1.01                              Lawler09  
  4380.072   27.0059     3.512    -1.554                                 KURHFS 
  4380.072   27.0059     3.512    -2.041                                 KURHFS 
  4380.072   27.0059     3.512    -2.118                                 KURHFS 
  4380.073 106.00112     0.466    -1.494               3.464            AX00P155
  4380.092   27.0059     2.875    -3.902                                 KURHFS 
  4380.092   27.0059     2.875    -4.276                                 KURHFS 
  4380.092   27.0059     2.875    -5.463                                 KURHFS 
  4380.103 106.00112     2.034    -3.902               3.464            AX22R295
  4380.108      26.0     3.637     -2.77                                        
  4380.109   27.0059     3.512    -1.406                                 KURHFS 
  4380.109   27.0059     3.512    -2.118                                 KURHFS 
  4380.109   27.0059     3.512    -2.333                                 KURHFS 
  4380.114 106.00112     2.034    -3.837               3.464            AX22P305
  4380.126   27.0059     2.875    -4.048                                 KURHFS 
  4380.126   27.0059     2.875    -4.270                                 KURHFS 
  4380.126   27.0059     2.875    -5.259                                 KURHFS 
  4380.150   27.0059     3.512    -1.270                                 KURHFS 
  4380.150   27.0059     3.512    -2.333                                 KURHFS 
  4380.153   27.0059     2.875    -4.218                                 KURHFS 
  4380.153   27.0059     2.875    -4.317                                 KURHFS 
  4380.153   27.0059     2.875    -5.162                                 KURHFS 
  4380.157   27.0059     3.710    -6.774                                 KURHFS 
  4380.157   27.0059     3.710    -7.029                                 KURHFS 
  4380.166   27.0059     3.710    -6.575                                 KURHFS 
  4380.166   27.0059     3.710    -6.774                                 KURHFS 
  4380.166   27.0059     3.710    -8.682                                 KURHFS 
  4380.171      24.0     3.963     -2.10                                        
  4380.173   27.0059     2.875    -4.422                                 KURHFS 
  4380.173   27.0059     2.875    -4.422                                 KURHFS 
  4380.173   27.0059     2.875    -5.162                                 KURHFS 
  4380.175 106.00113     0.518    -3.525               3.464            AX00Q165
  4380.181   27.0059     3.710    -6.511                                 KURHFS 
  4380.181   27.0059     3.710    -6.575                                 KURHFS 
  4380.181   27.0059     3.710    -7.439                                 KURHFS 
  4380.181 106.00113     0.782    -3.523               3.464            AX11Q155
  4380.186   27.0059     2.875    -4.618                                 KURHFS 
  4380.186   27.0059     2.875    -4.685                                 KURHFS 
  4380.186   27.0059     2.875    -5.317                                 KURHFS 
  4380.191      26.0     4.431     -2.94                                        
  4380.196 106.00112     2.034    -1.060               3.464            AX22Q295
  4380.200   27.0059     3.710    -6.511                                 KURHFS 
  4380.200   27.0059     3.710    -6.542                                 KURHFS 
  4380.200   27.0059     3.710    -6.722                                 KURHFS 
  4380.220      66.1     0.920     -1.71                              Wickliff00
  4380.224   27.0059     3.710    -6.316                                 KURHFS 
  4380.224   27.0059     3.710    -6.542                                 KURHFS 
  4380.224   27.0059     3.710    -6.723                                 KURHFS 
  4380.238 106.00113     0.097    -4.190               3.464            AX00P065
  4380.238 106.00113     0.782    -1.539               3.464            AX11P155
  4380.240 106.00113     0.908    -3.439               3.464            AX22Q115
  4380.246 106.00113     0.518    -1.467               3.464            AX00P165
  4380.247 106.00113     0.908    -1.726               3.464            AX22P115
  4380.253   27.0059     3.710    -6.024                                 KURHFS 
  4380.253   27.0059     3.710    -6.723                                 KURHFS 
  4380.290      42.0     1.530     -1.68                                        
  4380.295 106.00113     0.518    -1.444               3.464            AX00P175
  4380.306 106.00113     0.782    -1.515               3.464            AX11P165
  4380.312       6.0     7.940     -3.04                                        
  4380.376      12.0     4.343     -3.00                                        
  4380.415   23.0051     2.357    -4.519                                 KURHFS 
  4380.416      62.0     0.185     -0.38                                        
  4380.416 106.00113     0.908    -1.691               3.464            AX22P125
  4380.421   23.0051     2.357    -4.519                                 KURHFS 
  4380.421   23.0051     2.357    -4.695                                 KURHFS 
  4380.426 106.00112     1.306    -1.959               3.464            AX44R045
  4380.430   23.0051     2.357    -4.355                                 KURHFS 
  4380.430   23.0051     2.357    -4.820                                 KURHFS 
  4380.430   23.0051     2.357    -4.945                                 KURHFS 
  4380.442   23.0051     2.357    -4.347                                 KURHFS 
  4380.442   23.0051     2.357    -4.381                                 KURHFS 
  4380.442   23.0051     2.357    -5.373                                 KURHFS 
  4380.453      22.0     3.176     -1.82                                        
  4380.453 106.00112     0.389    -3.041               3.464            BX01P055
  4380.457   23.0051     2.357    -4.098                                 KURHFS 
  4380.457   23.0051     2.357    -4.508                                 KURHFS 
  4380.475   23.0051     2.357    -3.882                                 KURHFS 
  4380.523       6.0     7.940     -3.82                                        
  4380.544      23.0     2.136     -0.23                               LAWNOHFS 
  4380.556      24.0     3.011     -2.12                                        
  4380.589      42.0     2.062     -1.83                                        
  4380.609 106.00112     0.521    -3.525               3.464            AX00Q165
  4380.622 106.00112     1.306    -1.959               3.464            AX44R045
  4380.640      64.1     1.156     -0.73                              DenHarto06
  4380.651      68.0     0.624     -0.77                                        
  4380.656      24.0     3.085     -7.40                                        
  4380.658 106.00113     0.097    -4.211               3.464            AX00P065
  4380.681 106.00112     0.785    -3.522               3.464            AX11Q155
  4380.683 106.00112     0.521    -1.466               3.464            AX00P165
  4380.706 106.00112     0.098    -4.190               3.464            AX00P065
  4380.731      23.0     2.580     -4.83                                        
  4380.731 106.00112     0.521    -1.444               3.464            AX00P175
  4380.733      26.0     4.175     -2.68                                        
  4380.740      26.1     4.734     -3.92                                        
  4380.740 106.00112     1.538    -3.626               3.464            AX33R185
  4380.743 106.00112     0.785    -1.539               3.464            AX11P155
  4380.769   23.0051     2.377    -3.769                                 KURHFS 
  4380.769   23.0051     2.377    -4.395                                 KURHFS 
  4380.769   23.0051     2.377    -5.260                                 KURHFS 
  4380.776   23.0051     2.377    -3.985                                 KURHFS 
  4380.776   23.0051     2.377    -4.234                                 KURHFS 
  4380.776   23.0051     2.377    -4.832                                 KURHFS 
  4380.782   23.0051     2.377    -4.242                                 KURHFS 
  4380.782   23.0051     2.377    -4.268                                 KURHFS 
  4380.782   23.0051     2.377    -4.582                                 KURHFS 
  4380.786   23.0051     2.377    -4.406                                 KURHFS 
  4380.786   23.0051     2.377    -4.406                                 KURHFS 
  4380.786   23.0051     2.377    -4.707                                 KURHFS 
  4380.795      24.0     4.452     -1.47                                        
  4380.811 106.00112     0.786    -1.515               3.464            AX11P165
  4380.815      25.1     6.124     -3.01                                        
  4380.823 106.00112     0.911    -3.438               3.464            AX22Q115
  4380.826 106.00112     1.538    -1.211               3.464            AX33Q185
  4380.829 106.00112     1.306    -3.090               3.464            AX44Q055
  4380.830      20.0     4.528     -2.86                                        
  4380.834 106.00112     0.911    -1.725               3.464            AX22P115
  4380.836 106.00112     1.538    -1.198               3.464            AX33Q195
  4380.904 106.00112     1.306    -1.884               3.464            AX44R055
  4380.914   23.0051     0.286    -4.349                                 KURHFS 
  4380.915 106.00113     1.031    -2.199               3.464            AX33P055
  4380.917   23.0051     0.286    -4.064                                 KURHFS 
  4380.918   23.0051     0.286    -4.319                                 KURHFS 
  4380.921   23.0051     0.286    -4.319                                 KURHFS 
  4380.922 106.00112     1.538    -3.659               3.464            AX33P195
  4380.923   23.0051     0.286    -3.876                                 KURHFS 
  4380.924   23.0051     0.286    -4.370                                 KURHFS 
  4380.930   23.0051     0.286    -3.931                                 KURHFS 
  4380.932   23.0051     0.286    -3.785                                 KURHFS 
  4380.934   23.0051     0.286    -4.495                                 KURHFS 
  4380.941   23.0051     0.286    -3.676                                 KURHFS 
  4380.944   23.0051     0.286    -3.763                                 KURHFS 
  4380.946 106.00113     1.288    -2.035               3.464            AX44R035
  4380.947   23.0051     0.286    -4.717                                 KURHFS 
  4380.956   23.0051     0.286    -3.478                                 KURHFS 
  4380.959   23.0051     0.286    -3.817                                 KURHFS 
  4380.962   23.0051     0.286    -5.127                                 KURHFS 
  4380.969   23.0051     1.194    -2.601                                 KURHFS 
  4380.969   23.0051     1.194    -2.777                                 KURHFS 
  4380.972   23.0051     1.194    -2.476                                 KURHFS 
  4380.972   23.0051     1.194    -2.601                                 KURHFS 
  4380.974   23.0051     0.286    -3.314                                 KURHFS 
  4380.977   23.0051     0.286    -4.013                                 KURHFS 
  4380.977   23.0051     1.194    -2.476                                 KURHFS 
  4380.977   23.0051     1.194    -2.590                                 KURHFS 
  4380.977   23.0051     1.194    -2.795                                 KURHFS 
  4380.980 106.00112     0.911    -1.691               3.464            AX22P125
  4380.983   23.0051     1.194    -2.179                                 KURHFS 
  4380.983   23.0051     1.194    -2.590                                 KURHFS 
  4380.994   23.0051     0.286    -3.173                                 KURHFS 
  4380.996 106.00112     1.306    -3.082               3.464            AX44Q055
  4381.008   23.0051     2.129    -2.937                                 KURHFS 
  4381.008   23.0051     2.129    -3.004                                 KURHFS 
  4381.008   23.0051     2.129    -3.636                                 KURHFS 
  4381.010      59.1     0.055     -1.84                                LINOHFS 
  4381.013   23.0051     2.129    -2.741                                 KURHFS 
  4381.013   23.0051     2.129    -2.741                                 KURHFS 
  4381.013   23.0051     2.129    -3.481                                 KURHFS 
  4381.016   23.0051     1.063    -3.756                                 KURHFS 
  4381.016   23.0051     1.063    -4.455                                 KURHFS 
  4381.021   23.0051     2.129    -2.537                                 KURHFS 
  4381.021   23.0051     2.129    -2.636                                 KURHFS 
  4381.021   23.0051     2.129    -3.481                                 KURHFS 
  4381.022   23.0051     1.063    -4.048                                 KURHFS 
  4381.022   23.0051     1.063    -4.274                                 KURHFS 
  4381.022   23.0051     1.063    -4.455                                 KURHFS 
  4381.026   23.0051     1.063    -4.243                                 KURHFS 
  4381.026   23.0051     1.063    -4.274                                 KURHFS 
  4381.026   23.0051     1.063    -4.454                                 KURHFS 
  4381.026 106.00113     1.031    -3.240               3.464            AX33Q055
  4381.030   23.0051     1.063    -4.243                                 KURHFS 
  4381.030   23.0051     1.063    -4.307                                 KURHFS 
  4381.030   23.0051     1.063    -5.171                                 KURHFS 
  4381.031   23.0051     2.129    -2.367                                 KURHFS 
  4381.031   23.0051     2.129    -2.589                                 KURHFS 
  4381.031   23.0051     2.129    -3.578                                 KURHFS 
  4381.032      26.0     4.584     -2.56                              PK15THEOR 
  4381.033   23.0051     1.063    -4.307                                 KURHFS 
  4381.033   23.0051     1.063    -4.506                                 KURHFS 
  4381.033   23.0051     1.063    -6.414                                 KURHFS 
  4381.035   23.0051     1.063    -4.506                                 KURHFS 
  4381.035   23.0051     1.063    -4.761                                 KURHFS 
  4381.044   23.0051     2.129    -2.221                                 KURHFS 
  4381.044   23.0051     2.129    -2.595                                 KURHFS 
  4381.044   23.0051     2.129    -3.782                                 KURHFS 
  4381.059   23.0051     2.129    -2.092                                 KURHFS 
  4381.059   23.0051     2.129    -2.668                                 KURHFS 
  4381.059   23.0051     2.129    -4.180                                 KURHFS 
  4381.071 106.00112     1.306    -1.884               3.464            AX44R055
  4381.076 106.00113     1.288    -2.035               3.464            AX44R035
  4381.077   23.0051     2.129    -1.976                                 KURHFS 
  4381.077   23.0051     2.129    -2.879                                 KURHFS 
  4381.080      26.0     2.557     -4.10                                        
  4381.080      58.1     0.969     -1.34                              Lawler09  
  4381.097   23.0051     2.129    -1.871                                 KURHFS 
  4381.109      24.0     2.707     -1.05                                        
  4381.122      25.0     4.723     -2.71                                        
  4381.129 106.00112     0.098    -4.211               3.464            AX00P065
  4381.130      41.0     1.674     -0.94                                        
  4381.192 106.00112     1.018    -2.308               3.464            BX01R195
  4381.193      24.1     6.277     -4.63                                        
  4381.199 106.00112     1.755    -8.343               3.464            CX04R185
  4381.199 106.00113     1.031    -2.198               3.464            AX33P055
  4381.239      23.0     2.573     -3.07                                        
  4381.263      62.0     0.101     -2.00                                        
  4381.269 106.00113     0.908    -3.459               3.464            AX22Q115
  4381.272      44.0     2.006     -1.24                                        
  4381.272 106.00112     1.657    -1.618               3.464            AX44R165
  4381.280 106.00113     0.908    -1.725               3.464            AX22P115
  4381.284 106.00112     1.018    -7.090               3.464            BX01Q205
  4381.303 106.00113     1.031    -3.251               3.464            AX33Q055
  4381.310 106.00112     1.657    -1.625               3.464            AX44R155
  4381.313 106.00113     1.699    -1.619               3.464            AX44R175
  4381.329 106.00112     1.755    -9.059               3.464            CX04R175
  4381.330 106.00112     1.755   -11.770               3.464            CX04Q185
  4381.337 106.00112     1.657    -3.616               3.464            AX44Q165
  4381.366 106.00112     1.018    -2.276               3.464            BX01R205
  4381.367 106.00113     1.699    -1.622               3.464            AX44R165
  4381.373 106.00113     0.908    -1.691               3.464            AX22P125
  4381.374 106.00113     1.699    -3.654               3.464            AX44Q175
  4381.384 106.00113     1.031    -2.119               3.464            AX33P065
  4381.385   27.0059     4.061    -4.601                                 KURHFS 
  4381.385   27.0059     4.061    -4.856                                 KURHFS 
  4381.399   27.0059     4.061    -4.402                                 KURHFS 
  4381.399   27.0059     4.061    -4.601                                 KURHFS 
  4381.399   27.0059     4.061    -6.509                                 KURHFS 
  4381.402      90.1     0.514     -2.06                                        
  4381.419   27.0059     4.061    -4.338                                 KURHFS 
  4381.419   27.0059     4.061    -4.402                                 KURHFS 
  4381.419   27.0059     4.061    -5.266                                 KURHFS 
  4381.431      25.0     3.380     -3.78                                        
  4381.442 106.00113     1.288    -2.999               3.464            AX44Q045
  4381.445   27.0059     4.061    -4.338                                 KURHFS 
  4381.445   27.0059     4.061    -4.369                                 KURHFS 
  4381.445   27.0059     4.061    -4.549                                 KURHFS 
  4381.467      26.0     4.317     -2.77                                        
  4381.479   27.0059     4.061    -4.143                                 KURHFS 
  4381.479   27.0059     4.061    -4.369                                 KURHFS 
  4381.479   27.0059     4.061    -4.550                                 KURHFS 
  4381.495      23.0     2.682     -1.61                                        
  4381.519   27.0059     4.061    -3.851                                 KURHFS 
  4381.519   27.0059     4.061    -4.550                                 KURHFS 
  4381.548 106.00113     1.288    -2.992               3.464            AX44Q045
  4381.551 106.00113     1.288    -1.940               3.464            AX44R045
  4381.574 106.00112     1.034    -2.199               3.464            AX33P055
  4381.624 106.00113     1.032    -2.119               3.464            AX33P065
  4381.630      42.0     2.080      0.04                              NIST/A    
  4381.658 106.00113     1.288    -1.940               3.464            AX44R045
  4381.677      27.1     5.051     -4.09                                        
  4381.681      20.0     4.531     -2.46                                        
  4381.685 106.00112     1.034    -3.240               3.464            AX33Q055
  4381.695      24.0     4.201     -2.21                                        
  4381.708      25.0     4.791     -0.40                                        
  4381.729      22.1     5.643     -4.12                                        
  4381.742      23.0     1.852     -1.65                               LAWNOHFS 
  4381.758      42.0     2.079     -1.79                                        
  4381.773      58.1     0.721     -0.80                              Lawler09  
  4381.775      26.1     1.963     -6.74                                        
  4381.794   27.0059     3.927    -4.127                                 KURHFS 
  4381.794   27.0059     3.927    -4.194                                 KURHFS 
  4381.794   27.0059     3.927    -4.826                                 KURHFS 
  4381.800   27.0059     3.927    -3.931                                 KURHFS 
  4381.800   27.0059     3.927    -3.931                                 KURHFS 
  4381.800   27.0059     3.927    -4.671                                 KURHFS 
  4381.809   27.0059     3.927    -3.727                                 KURHFS 
  4381.809   27.0059     3.927    -3.826                                 KURHFS 
  4381.809   27.0059     3.927    -4.671                                 KURHFS 
  4381.811   27.0059     3.710    -3.315                                 KURHFS 
  4381.811   27.0059     3.710    -3.570                                 KURHFS 
  4381.811   27.0059     3.710    -3.600                                 KURHFS 
  4381.821   27.0059     3.710    -3.127                                 KURHFS 
  4381.821   27.0059     3.710    -3.182                                 KURHFS 
  4381.821   27.0059     3.710    -3.570                                 KURHFS 
  4381.822   27.0059     3.927    -3.557                                 KURHFS 
  4381.822   27.0059     3.927    -3.779                                 KURHFS 
  4381.822   27.0059     3.927    -4.768                                 KURHFS 
  4381.835   27.0059     3.710    -2.927                                 KURHFS 
  4381.835   27.0059     3.710    -3.036                                 KURHFS 
  4381.835   27.0059     3.710    -3.621                                 KURHFS 
  4381.837   27.0059     3.927    -3.411                                 KURHFS 
  4381.837   27.0059     3.927    -3.785                                 KURHFS 
  4381.837   27.0059     3.927    -4.972                                 KURHFS 
  4381.855   27.0059     3.710    -2.729                                 KURHFS 
  4381.855   27.0059     3.710    -3.014                                 KURHFS 
  4381.855   27.0059     3.710    -3.746                                 KURHFS 
  4381.856   27.0059     3.927    -3.282                                 KURHFS 
  4381.856   27.0059     3.927    -3.858                                 KURHFS 
  4381.856   27.0059     3.927    -5.370                                 KURHFS 
  4381.860      90.1     0.830     -0.48                                        
  4381.862 106.00112     1.265    -3.229               3.464            AX44R015
  4381.863 106.00112     0.912    -3.459               3.464            AX22Q115
  4381.863 106.00112     1.265    -3.222               3.464            AX44R015
  4381.865 106.00112     1.034    -2.198               3.464            AX33P055
  4381.874 106.00112     0.912    -1.725               3.464            AX22P115
  4381.878   27.0059     3.927    -3.166                                 KURHFS 
  4381.878   27.0059     3.927    -4.069                                 KURHFS 
  4381.879   27.0059     3.710    -2.565                                 KURHFS 
  4381.879   27.0059     3.710    -3.068                                 KURHFS 
  4381.879   27.0059     3.710    -3.968                                 KURHFS 
  4381.885      73.0     2.622     -0.69                                        
  4381.889      27.1     5.042     -3.91                                        
  4381.904   27.0059     3.927    -3.061                                 KURHFS 
  4381.908   27.0059     3.710    -2.424                                 KURHFS 
  4381.908   27.0059     3.710    -3.264                                 KURHFS 
  4381.908   27.0059     3.710    -4.378                                 KURHFS 
  4381.931      23.0     2.606     -2.76                                        
  4381.946 106.00113     0.783    -3.549               3.464            AX11Q155
  4381.969 106.00112     0.912    -1.691               3.464            AX22P125
  4381.971 106.00112     1.034    -3.251               3.464            AX33Q055
  4381.983 106.00113     0.783    -1.515               3.464            AX11P165
  4381.998 106.00113     1.533    -1.198               3.464            AX33Q195
  4382.005 106.00113     0.783    -1.539               3.464            AX11P155
  4382.012 106.00113     1.533    -3.649               3.464            AX33R185
  4382.013      26.0     3.692     -3.37                                        
  4382.013      26.0     4.280     -3.41                                        
  4382.038 106.00113     1.533    -3.638               3.464            AX33P195
  4382.040 106.00112     1.034    -2.118               3.464            AX33P065
  4382.051 106.00113     1.522   -11.469               3.464            CX04R135
  4382.052 106.00113     1.533    -1.211               3.464            AX33Q185
  4382.060      64.1     0.556     -1.32                              DenHarto06
  4382.129      25.0     4.723     -1.67                                        
  4382.165      58.1     0.683      0.13                              Lawler09  
  4382.169      68.0     0.889     -0.08                                        
  4382.186      20.0     4.529     -3.00                                        
  4382.194      42.0     2.621     -2.31                                        
  4382.213 106.00113     0.519    -3.554               3.464            AX00Q165
  4382.229 106.00113     0.519    -1.444               3.464            AX00P175
  4382.285 106.00113     0.519    -1.467               3.464            AX00P165
  4382.292 106.00112     1.035    -2.119               3.464            AX33P065
  4382.323      23.1     2.034     -4.39                                        
  4382.400   27.0059     3.949    -4.277                                 KURHFS 
  4382.408      42.0     4.203      0.16                              NIST/B    
  4382.429      24.0     3.963     -3.88                                        
  4382.437   27.0059     3.949    -4.382                                 KURHFS 
  4382.437   27.0059     3.949    -5.285                                 KURHFS 
  4382.448 106.00113     0.577    -3.547               3.464            AX00Q175
  4382.469   27.0059     3.949    -4.498                                 KURHFS 
  4382.469   27.0059     3.949    -5.074                                 KURHFS 
  4382.469   27.0059     3.949    -6.586                                 KURHFS 
  4382.470 106.00112     0.787    -3.549               3.464            AX11Q155
  4382.497   27.0059     3.949    -4.627                                 KURHFS 
  4382.497   27.0059     3.949    -5.001                                 KURHFS 
  4382.497   27.0059     3.949    -6.188                                 KURHFS 
  4382.499      24.0     3.110     -1.99                                        
  4382.505 106.00112     0.787    -1.515               3.464            AX11P165
  4382.513      41.0     1.522     -1.29                                        
  4382.520   27.0059     3.949    -4.773                                 KURHFS 
  4382.520   27.0059     3.949    -4.995                                 KURHFS 
  4382.520   27.0059     3.949    -5.984                                 KURHFS 
  4382.529 106.00112     0.787    -1.539               3.464            AX11P155
  4382.529 106.00113     0.577    -1.441               3.464            AX00P175
  4382.538   27.0059     3.949    -4.943                                 KURHFS 
  4382.538   27.0059     3.949    -5.042                                 KURHFS 
  4382.538   27.0059     3.949    -5.887                                 KURHFS 
  4382.552   27.0059     3.949    -5.147                                 KURHFS 
  4382.552   27.0059     3.949    -5.147                                 KURHFS 
  4382.552   27.0059     3.949    -5.887                                 KURHFS 
  4382.553      24.0     3.008     -2.51                                        
  4382.557 106.00113     0.577    -1.420               3.464            AX00P185
  4382.561   27.0059     3.949    -5.343                                 KURHFS 
  4382.561   27.0059     3.949    -5.410                                 KURHFS 
  4382.561   27.0059     3.949    -6.042                                 KURHFS 
  4382.598      20.0     4.760     -3.09                                        
  4382.619      25.0     4.791     -0.06                                        
  4382.626      25.0     3.370     -3.27                                        
  4382.627      26.0     4.603     -2.91                                        
  4382.634      24.0     3.085     -8.53                                        
  4382.671 106.00112     0.522    -3.554               3.464            AX00Q165
  4382.688 106.00112     0.522    -1.444               3.464            AX00P175
  4382.697      28.0     3.462     -2.35                                        
  4382.730      60.1     0.380     -1.04                              DenHarto03
  4382.743 106.00112     0.522    -1.466               3.464            AX00P165
  4382.759      23.0     1.710     -1.83                                        
  4382.768      26.0     3.573     -1.31                              NIST/C+   
  4382.817   23.0051     2.377    -2.053                                 KURHFS 
  4382.817   23.0051     2.377    -2.464                                 KURHFS 
  4382.819      22.0     3.184     -1.82                                        
  4382.824   23.0051     2.377    -2.350                                 KURHFS 
  4382.824   23.0051     2.377    -2.464                                 KURHFS 
  4382.824   23.0051     2.377    -2.669                                 KURHFS 
  4382.830      41.0     0.197     -2.15                                        
  4382.830   23.0051     2.377    -2.350                                 KURHFS 
  4382.830   23.0051     2.377    -2.475                                 KURHFS 
  4382.834   23.0051     2.377    -2.475                                 KURHFS 
  4382.834   23.0051     2.377    -2.651                                 KURHFS 
  4382.856      24.0     2.708     -1.59                                        
  4382.871      28.0     3.895     -1.52                                        
  4382.886      25.0     4.657     -0.81                                        
  4382.891 106.00112     0.580    -3.547               3.464            AX00Q175
  4382.927      26.0     3.298     -3.06                                        
  4382.938 106.00112     1.539    -1.198               3.464            AX33Q195
  4382.945 106.00112     1.539    -3.649               3.464            AX33R185
  4382.970      60.1     0.320     -2.06                              DenHarto03
  4382.975 106.00112     0.580    -1.441               3.464            AX00P175
  4383.006 106.00112     0.580    -1.420               3.464            AX00P185
  4383.009 106.00113     0.596    -2.439               3.464            BX01Q115
  4383.024 106.00112     1.539    -3.638               3.464            AX33P195
  4383.031 106.00112     1.539    -1.211               3.464            AX33Q185
  4383.067 106.00113     0.596    -5.520               3.464            BX01R115
  4383.100 106.00112     2.029    -7.821               3.464            AX01R335
  4383.110      24.0     3.119     -4.16                                        
  4383.110      64.1     1.171     -0.62                              DenHarto06
  4383.119 106.00113     0.596    -5.635               3.464            BX01P125
  4383.161 106.00113     0.596    -2.387               3.464            BX01Q125
  4383.172      63.1     3.325      0.17                                        
  4383.206      20.0     5.802     -4.51                                        
  4383.262      92.0     0.471     -0.95                                        
  4383.308 106.00112     2.165   -10.063               3.464            CX15R205
  4383.313      23.0     2.581     -5.00                                        
  4383.359 106.00112     1.291    -2.034               3.464            AX44R035
  4383.364      44.0     1.316     -1.55                                        
  4383.372 106.00112     2.165    -7.017               3.464            CX15Q215
  4383.398      22.0     2.235     -1.87                                        
  4383.445 106.00112     2.165    -6.823               3.464            CX15Q205
  4383.451      57.1     1.753     -0.17                                        
  4383.491 106.00112     1.291    -2.034               3.464            AX44R035
  4383.502 106.00113     0.836    -3.546               3.464            AX11Q165
  4383.510 106.00112     2.165   -10.741               3.464            CX15P215
  4383.545      26.0     1.485      0.20                              NIST/A    
  4383.570 106.00113     0.836    -1.512               3.464            AX11P165
  4383.579      24.0     3.077     -4.01                                        
  4383.617 106.00113     0.836    -1.490               3.464            AX11P175
  4383.619   23.0051     1.948    -4.305                                 KURHFS 
  4383.622   23.0051     1.948    -4.042                                 KURHFS 
  4383.622   23.0051     1.948    -4.238                                 KURHFS 
  4383.628   23.0051     1.948    -3.838                                 KURHFS 
  4383.628   23.0051     1.948    -4.042                                 KURHFS 
  4383.628   23.0051     1.948    -4.937                                 KURHFS 
  4383.633      24.0     4.528     -2.68                                        
  4383.636   23.0051     1.948    -3.668                                 KURHFS 
  4383.636   23.0051     1.948    -3.937                                 KURHFS 
  4383.636   23.0051     1.948    -4.782                                 KURHFS 
  4383.648   23.0051     1.948    -3.522                                 KURHFS 
  4383.648   23.0051     1.948    -3.890                                 KURHFS 
  4383.648   23.0051     1.948    -4.782                                 KURHFS 
  4383.662   23.0051     1.948    -3.393                                 KURHFS 
  4383.662   23.0051     1.948    -3.896                                 KURHFS 
  4383.662   23.0051     1.948    -4.879                                 KURHFS 
  4383.679   23.0051     1.948    -3.277                                 KURHFS 
  4383.679   23.0051     1.948    -3.969                                 KURHFS 
  4383.679   23.0051     1.948    -5.083                                 KURHFS 
  4383.699   23.0051     1.948    -3.172                                 KURHFS 
  4383.699   23.0051     1.948    -4.180                                 KURHFS 
  4383.699   23.0051     1.948    -5.481                                 KURHFS 
  4383.780      26.0     4.217     -2.97                                        
  4383.840      26.0     3.926     -3.26                                        
  4383.861 106.00112     1.291    -2.999               3.464            AX44Q045
  4383.879      24.0     4.385     -3.61                                        
  4383.896   23.0051     1.182    -2.115                                 KURHFS 
  4383.896   23.0051     1.182    -2.261                                 KURHFS 
  4383.906   23.0051     1.182    -2.115                                 KURHFS 
  4383.906   23.0051     1.182    -2.592                                 KURHFS 
  4383.963 106.00112     1.291    -1.939               3.464            AX44R045
  4383.966      20.0     6.000     -3.11                                        
  4383.968 106.00112     1.291    -2.991               3.464            AX44Q045
  4384.025 106.00112     0.840    -3.546               3.464            AX11Q165
  4384.052      20.0     6.000     -2.92                                        
  4384.060      65.1     1.114     -0.87                              Lawler01  
  4384.070 106.00112     1.291    -1.940               3.464            AX44R045
  4384.093 106.00112     0.840    -1.512               3.464            AX11P165
  4384.094      26.1     6.221     -2.28                                        
  4384.102 106.00113     0.953    -5.433               3.464            BX11P185
  4384.144 106.00112     0.840    -1.489               3.464            AX11P175
  4384.163 106.00113     1.276    -2.136               3.464            AX44R025
  4384.176 106.00112     1.704    -1.621               3.464            AX44R165
  4384.181      23.0     0.262     -2.40                               LAWNOHFS 
  4384.191      42.0     2.258     -2.05                                        
  4384.204 106.00113     1.588    -3.658               3.464            AX33R195
  4384.205 106.00112     1.704    -1.618               3.464            AX44R175
  4384.241 106.00113     1.276    -2.136               3.464            AX44R025
  4384.262      27.1     3.483     -3.21                                        
  4384.270      26.0     4.555     -1.00                                        
  4384.276 106.00113     1.588    -1.188               3.464            AX33Q205
  4384.279 106.00112     1.704    -3.682               3.464            AX44Q175
  4384.286      24.0     3.077     -3.44                                        
  4384.300      62.1     0.543     -1.02                              Lawler06  
  4384.300      66.1     0.930     -1.74                              Wickliff00
  4384.319      26.1     2.655     -3.50                                        
  4384.365 106.00113     1.588    -1.199               3.464            AX33Q195
  4384.377      24.0     3.009     -2.12                                        
  4384.427      26.0     2.557     -4.57                                        
  4384.437 106.00113     1.588    -3.687               3.464            AX33P205
  4384.439      58.1     0.621     -1.94                              Lawler09  
  4384.484 106.00113     1.748    -1.622               3.464            AX44R175
  4384.493 106.00113     1.748    -1.625               3.464            AX44R185
  4384.531      28.0     3.462     -1.45                                        
  4384.553 106.00113     0.638    -3.568               3.464            AX00Q185
  4384.565   27.0059     3.629    -3.990                                 KURHFS 
  4384.569 106.00113     1.748    -3.723               3.464            AX44Q185
  4384.570   27.0059     3.629    -3.710                                 KURHFS 
  4384.570   27.0059     3.629    -3.990                                 KURHFS 
  4384.570   27.0059     3.629    -5.011                                 KURHFS 
  4384.571      28.1     6.641     -5.60                                        
  4384.579   27.0059     3.629    -3.572                                 KURHFS 
  4384.579   27.0059     3.629    -3.710                                 KURHFS 
  4384.579   27.0059     3.629    -4.312                                 KURHFS 
  4384.594   27.0059     3.629    -3.506                                 KURHFS 
  4384.594   27.0059     3.629    -3.572                                 KURHFS 
  4384.594   27.0059     3.629    -3.865                                 KURHFS 
  4384.613   27.0059     3.629    -3.499                                 KURHFS 
  4384.613   27.0059     3.629    -3.506                                 KURHFS 
  4384.613   27.0059     3.629    -3.534                                 KURHFS 
  4384.637   27.0059     3.629    -3.271                                 KURHFS 
  4384.637   27.0059     3.629    -3.499                                 KURHFS 
  4384.637   27.0059     3.629    -3.564                                 KURHFS 
  4384.640 106.00113     0.638    -1.417               3.464            AX00P185
  4384.656 106.00113     0.638    -1.398               3.464            AX00P195
  4384.666   27.0059     3.629    -3.052                                 KURHFS 
  4384.666   27.0059     3.629    -3.564                                 KURHFS 
  4384.666   27.0059     3.629    -3.768                                 KURHFS 
  4384.672      26.0     3.017     -2.11                              NIST/E    
  4384.682   23.0051     0.286    -1.396                                 LAWLER 
  4384.684   23.0051     0.286    -1.133                                 LAWLER 
  4384.685   23.0051     0.286    -1.329                                 LAWLER 
  4384.688   23.0051     0.286    -0.929                                 LAWLER 
  4384.689   23.0051     0.286    -1.133                                 LAWLER 
  4384.690   23.0051     0.286    -2.028                                 LAWLER 
  4384.692      68.1     0.055     -1.52                              Lawler08  
  4384.693   23.0051     0.286    -0.759                                 LAWLER 
  4384.695   23.0051     0.286    -1.028                                 LAWLER 
  4384.695 106.00113     0.578    -1.420               3.464            AX00P185
  4384.695 106.00113     0.578    -3.577               3.464            AX00Q175
  4384.696   23.0051     0.286    -1.873                                 LAWLER 
  4384.700   27.0059     3.629    -2.865                                 KURHFS 
  4384.700   27.0059     3.629    -3.768                                 KURHFS 
  4384.701   23.0051     0.286    -0.613                                 LAWLER 
  4384.703   23.0051     0.286    -0.981                                 LAWLER 
  4384.705   23.0051     0.286    -1.873                                 LAWLER 
  4384.706      23.0     0.069     -1.91                                        
  4384.710      28.1     4.026     -3.64                                        
  4384.711   23.0051     0.286    -0.484                                 LAWLER 
  4384.713   23.0051     0.286    -0.987                                 LAWLER 
  4384.714      25.0     4.791     -1.51                                        
  4384.715   23.0051     0.286    -1.970                                 LAWLER 
  4384.723   23.0051     0.286    -0.368                                 LAWLER 
  4384.726   23.0051     0.286    -1.060                                 LAWLER 
  4384.728   23.0051     0.286    -2.175                                 LAWLER 
  4384.737   23.0051     0.286    -0.263                                 LAWLER 
  4384.740   23.0051     0.286    -1.271                                 LAWLER 
  4384.743   23.0051     0.286    -2.573                                 LAWLER 
  4384.776 106.00113     0.578    -1.441               3.464            AX00P175
  4384.809   21.1045     0.595    -3.002                              LAWKURHFS 
  4384.810   21.1045     0.595    -2.731                              LAWKURHFS 
  4384.810   21.1045     0.595    -3.420                              LAWKURHFS 
  4384.811   21.1045     0.595    -2.524                              LAWKURHFS 
  4384.813   21.1045     0.595    -2.353                              LAWKURHFS 
  4384.813   21.1045     0.595    -3.119                              LAWKURHFS 
  4384.814   21.1045     0.595    -2.936                              LAWKURHFS 
  4384.815   21.1045     0.595    -3.198                              LAWKURHFS 
  4384.816   21.1045     0.595    -2.877                              LAWKURHFS 
  4384.818   21.1045     0.595    -2.910                              LAWKURHFS 
  4384.818   21.1045     0.595    -3.295                              LAWKURHFS 
  4384.818 106.00113     0.948    -3.468               3.464            AX22Q125
  4384.818 106.00113     1.276    -2.887               3.464            AX44Q035
  4384.821   21.1045     0.595    -3.093                              LAWKURHFS 
  4384.821   21.1045     0.595    -3.441                              LAWKURHFS 
  4384.824   21.1045     0.595    -3.675                              LAWKURHFS 
  4384.829   21.1045     0.595    -4.093                              LAWKURHFS 
  4384.845 106.00113     0.948    -1.685               3.464            AX22P125
  4384.850      74.0     1.915     -0.65                                        
  4384.857      24.0     4.529     -3.35                                        
  4384.878 106.00113     1.276    -2.881               3.464            AX44Q035
  4384.879      41.0     1.531     -0.84                                        
  4384.901 106.00113     0.997    -4.335               3.464            AX33P035
  4384.902 106.00112     0.599    -2.439               3.464            BX01Q115
  4384.965 106.00112     0.599    -5.519               3.464            BX01R115
  4384.965 106.00113     1.276    -2.007               3.464            AX44R035
  4384.975      24.0     1.029     -1.41                                 SOBECK 
  4384.977 106.00113     0.948    -1.654               3.464            AX22P135
  4385.004 106.00112     0.642    -3.568               3.464            AX00Q185
  4385.013 106.00112     0.599    -5.635               3.464            BX01P125
  4385.025 106.00113     1.276    -2.008               3.464            AX44R035
  4385.035 106.00113     0.997    -4.347               3.464            AX33P035
  4385.076 106.00112     0.599    -2.386               3.464            BX01Q125
  4385.099 106.00112     0.642    -1.417               3.464            AX00P185
  4385.107 106.00112     0.642    -1.398               3.464            AX00P195
  4385.164 106.00112     0.581    -3.577               3.464            AX00Q175
  4385.168 106.00112     0.581    -1.420               3.464            AX00P185
  4385.178      24.0     3.077     -2.53                                        
  4385.191      57.1     1.781     -0.69                                        
  4385.213 106.00112     1.694    -9.113               3.464            CX15R105
  4385.248 106.00112     0.581    -1.441               3.464            AX00P175
  4385.248 106.00113     0.408    -3.041               3.464            BX01P055
  4385.249      26.0     3.015     -3.31                                        
  4385.272      24.0     3.119     -1.88                                        
  4385.278 106.00113     0.408    -8.105               3.464            BX01Q055
  4385.329      23.0     2.136     -0.99                               LAWNOHFS 
  4385.368      23.0     2.576     -2.68                                        
  4385.379      26.1     2.778     -2.60                                 NIST/D 
  4385.385      44.0     0.927     -0.61                                        
  4385.407      26.0     4.253     -3.03                                        
  4385.420      60.1     0.559     -1.97                              DenHarto03
  4385.433      23.1     1.803     -4.11                                        
  4385.436 106.00112     0.952    -3.468               3.464            AX22Q125
  4385.459 106.00112     0.952    -1.685               3.464            AX22P125
  4385.462 106.00113     0.837    -3.574               3.464            AX11Q165
  4385.473      39.0     1.407     -1.10                                        
  4385.484 106.00113     0.837    -1.490               3.464            AX11P175
  4385.523      24.0     3.373     -3.36                                        
  4385.537 106.00113     0.837    -1.512               3.464            AX11P165
  4385.560      24.0     3.842     -1.53                                        
  4385.572 106.00112     1.000    -4.335               3.464            AX33P035
  4385.587 106.00113     2.020    -7.821               3.464            AX01R335
  4385.598 106.00112     0.952    -1.654               3.464            AX22P135
  4385.626      22.1     4.891     -3.58                                        
  4385.645      44.0     1.122     -0.49                                        
  4385.660      60.1     0.204     -0.30                              DenHarto03
  4385.672 106.00113     0.408    -2.990               3.464            BX01P065
  4385.704 106.00112     1.595    -3.658               3.464            AX33R195
  4385.711 106.00112     1.000    -4.347               3.464            AX33P035
  4385.762      25.1     5.433     -3.03                                        
  4385.794 106.00112     1.595    -1.188               3.464            AX33Q205
  4385.799 106.00112     1.595    -1.198               3.464            AX33Q195
  4385.852      20.0     4.776     -2.01                                        
  4385.864      22.0     2.425     -0.69                                        
  4385.874 106.00112     1.705    -1.618               3.464            AX44R175
  4385.889      42.0     1.419     -2.69                                        
  4385.889 106.00112     1.595    -3.686               3.464            AX33P205
  4385.934 106.00112     1.705    -1.621               3.464            AX44R165
  4385.934 106.00113     0.371    -4.919               3.464            BX01P035
  4385.935      23.0     1.802     -2.24                                        
  4385.948 106.00112     1.705    -3.653               3.464            AX44Q175
  4386.006 106.00113     0.949    -3.491               3.464            AX22Q125
  4386.011 106.00112     0.841    -3.574               3.464            AX11Q165
  4386.029 106.00113     0.949    -1.685               3.464            AX22P125
  4386.031 106.00112     0.841    -1.490               3.464            AX11P175
  4386.043      22.0     2.406     -3.77                                        
  4386.060      73.0     0.752     -1.50                                        
  4386.079 106.00112     0.841    -1.512               3.464            AX11P165
  4386.087 106.00113     0.949    -1.654               3.464            AX22P135
  4386.103      20.0     4.531     -2.70                                        
  4386.159      26.1     4.728     -4.36                                        
  4386.199   23.0051     2.113    -5.736                                 KURHFS 
  4386.199   23.0051     2.113    -5.952                                 KURHFS 
  4386.199   23.0051     2.113    -6.201                                 KURHFS 
  4386.199   23.0051     2.113    -6.209                                 KURHFS 
  4386.199   23.0051     2.113    -6.235                                 KURHFS 
  4386.199   23.0051     2.113    -6.362                                 KURHFS 
  4386.199   23.0051     2.113    -6.373                                 KURHFS 
  4386.199   23.0051     2.113    -6.373                                 KURHFS 
  4386.199   23.0051     2.113    -6.549                                 KURHFS 
  4386.199   23.0051     2.113    -6.674                                 KURHFS 
  4386.199   23.0051     2.113    -6.799                                 KURHFS 
  4386.199   23.0051     2.113    -7.227                                 KURHFS 
  4386.199 106.00113     1.053    -2.090               3.464            AX33P065
  4386.207      25.0     4.824     -2.95                                        
  4386.217      64.0     1.873      0.29                                        
  4386.218      62.0     0.282     -0.56                                        
  4386.268      44.0     1.837     -0.93                                        
  4386.280 106.00113     1.053    -3.284               3.464            AX33Q065
  4386.335 106.00113     1.749    -1.625               3.464            AX44R185
  4386.366      58.1     0.892     -1.08                              Lawler09  
  4386.370      23.0     2.038     -4.63                                        
  4386.394      68.0     0.889      0.19                                        
  4386.404 106.00113     1.749    -3.693               3.464            AX44Q185
  4386.408 106.00113     1.749    -1.622               3.464            AX44R175
  4386.411      24.0     4.398     -1.72                                        
  4386.431      69.0     0.000     -1.02                                        
  4386.453      28.0     3.830     -1.85                                        
  4386.460      24.0     3.085     -2.11                                        
  4386.490      22.0     3.125     -4.14                                        
  4386.498 106.00113     0.703    -3.588               3.464            AX00Q195
  4386.529      22.0     3.196     -2.28                                        
  4386.533 106.00113     0.458    -4.213               3.464            AX11P075
  4386.547      26.0     3.632     -4.30                                        
  4386.549      25.1     5.468     -5.24                                        
  4386.569 106.00112     1.279    -2.135               3.464            AX44R025
  4386.575 106.00113     1.053    -2.089               3.464            AX33P065
  4386.583 106.00113     1.053    -2.024               3.464            AX33P075
  4386.585      26.1     2.581     -4.95                                        
  4386.588 106.00113     0.703    -1.378               3.464            AX00P205
  4386.596 106.00113     0.703    -1.396               3.464            AX00P195
  4386.637 106.00112     0.952    -3.490               3.464            AX22Q125
  4386.648 106.00112     1.279    -2.135               3.464            AX44R025
  4386.650 106.00113     1.053    -3.297               3.464            AX33Q065
  4386.660 106.00112     0.952    -1.685               3.464            AX22P125
  4386.696      58.1     0.553     -0.60                              Lawler09  
  4386.722 106.00112     0.952    -1.654               3.464            AX22P135
  4386.731      22.0     3.137     -3.67                                        
  4386.753      24.0     3.977     -3.21                                        
  4386.755      74.0     2.531     -0.96                                        
  4386.755 106.00113     0.892    -3.568               3.464            AX11Q175
  4386.762      26.0     4.545     -1.68                                        
  4386.827      58.1     0.232     -0.38                              Lawler09  
  4386.830 106.00113     0.892    -1.487               3.464            AX11P175
  4386.844      22.1     2.596     -1.26                                        
  4386.858 106.00113     0.892    -1.466               3.464            AX11P185
  4386.904 106.00112     1.056    -2.090               3.464            AX33P065
  4386.910 106.00113     1.053    -2.024               3.464            AX33P075
  4386.936      24.0     3.011     -2.06                                        
  4386.956 106.00112     0.707    -3.588               3.464            AX00Q195
  4386.962 106.00113     0.750    -4.198               3.464            AX22P065
  4386.975 106.00113     1.589    -1.189               3.464            AX33Q205
  4386.977 106.00112     1.056    -3.284               3.464            AX33Q065
  4386.999      26.0     4.206     -3.28                                        
  4387.001 106.00113     0.640    -1.398               3.464            AX00P195
  4387.002      26.0     3.239     -4.03                                        
  4387.002 106.00113     1.589    -3.682               3.464            AX33R195
  4387.013 106.00113     0.640    -3.599               3.464            AX00Q185
  4387.015 106.00113     1.589    -3.665               3.464            AX33P205
  4387.042 106.00113     1.589    -1.199               3.464            AX33Q195
  4387.050 106.00113     0.458    -4.237               3.464            AX11P075
  4387.057 106.00112     0.707    -1.378               3.464            AX00P205
  4387.059      58.1     0.736     -0.99                              Lawler09  
  4387.067 106.00112     0.459    -4.213               3.464            AX11P075
  4387.067 106.00112     0.707    -1.396               3.464            AX00P195
  4387.100      23.0     2.573     -2.50                                        
  4387.101 106.00113     0.640    -1.418               3.464            AX00P185
  4387.122      24.0     3.077     -2.05                                        
  4387.141 106.00112     0.409    -3.041               3.464            BX01P055
  4387.144 106.00112     1.528   -11.468               3.464            CX04R135
  4387.152 106.00113     1.825   -10.317               3.464            CX15Q145
  4387.171 106.00112     0.409    -8.104               3.464            BX01Q055
  4387.185      64.0     1.766      0.01                                        
  4387.206      23.0     1.042     -1.67                                        
  4387.231 106.00112     1.279    -2.886               3.464            AX44Q035
  4387.233      23.1     6.161     -4.12                                        
  4387.243      24.0     4.204     -2.19                                        
  4387.279 106.00112     1.056    -2.089               3.464            AX33P065
  4387.286 106.00112     1.056    -2.024               3.464            AX33P075
  4387.291 106.00112     1.279    -2.881               3.464            AX44Q035
  4387.298 106.00112     0.896    -3.568               3.464            AX11Q175
  4387.308      24.0     2.965     -4.56                                        
  4387.315      20.0     4.765     -6.31                                        
  4387.352 106.00113     0.750    -4.219               3.464            AX22P065
  4387.356 106.00112     1.056    -3.297               3.464            AX33Q065
  4387.371 106.00112     1.279    -2.006               3.464            AX44R035
  4387.375      24.0     2.913     -1.33                                        
  4387.376 106.00112     0.896    -1.487               3.464            AX11P175
  4387.400      22.0     2.470     -2.76                                        
  4387.409 106.00112     0.896    -1.466               3.464            AX11P185
  4387.413      22.0     2.316     -2.93                                        
  4387.431 106.00112     1.279    -2.007               3.464            AX44R035
  4387.482 106.00112     0.644    -1.398               3.464            AX00P195
  4387.492 106.00113     1.826    -6.483               3.464            CX15R135
  4387.493 106.00112     0.644    -3.599               3.464            AX00Q185
  4387.495      24.0     2.998     -0.68                                        
  4387.535      24.0     2.985     -4.42                                        
  4387.547 106.00113     1.267    -2.296               3.464            AX44R015
  4387.550 106.00112     0.752    -4.198               3.464            AX22P065
  4387.565 106.00112     0.409    -2.989               3.464            BX01P065
  4387.568      20.0     6.003     -4.02                                        
  4387.582 106.00113     1.825    -6.445               3.464            CX15R145
  4387.584 106.00113     1.267    -2.295               3.464            AX44R015
  4387.589 106.00112     0.460    -4.237               3.464            AX11P075
  4387.589 106.00112     0.644    -1.418               3.464            AX00P185
  4387.617 106.00112     1.056    -2.024               3.464            AX33P075
  4387.630      23.0     2.614     -7.40                                        
  4387.655      14.0     4.926     -1.98                                        
  4387.685 106.00112     0.992    -0.519               3.464            BX10R235
  4387.690      64.1     0.425     -0.95                              DenHarto06
  4387.735      41.0     0.619     -1.34                                        
  4387.756 106.00112     0.992    -5.807               3.464            BX10Q245
  4387.835 106.00112     0.372    -4.919               3.464            BX01P035
  4387.844   27.0059     3.565    -2.868                                 KURHFS 
  4387.848   27.0059     3.565    -2.583                                 KURHFS 
  4387.848   27.0059     3.565    -2.838                                 KURHFS 
  4387.856   27.0059     3.565    -2.395                                 KURHFS 
  4387.856   27.0059     3.565    -2.838                                 KURHFS 
  4387.856   27.0059     3.565    -2.889                                 KURHFS 
  4387.862 106.00112     0.992    -0.084               3.464            BX10R245
  4387.869   27.0059     3.565    -2.304                                 KURHFS 
  4387.869   27.0059     3.565    -2.450                                 KURHFS 
  4387.869   27.0059     3.565    -3.014                                 KURHFS 
  4387.872      63.0     1.638     -0.08                                        
  4387.886   27.0059     3.565    -2.195                                 KURHFS 
  4387.886   27.0059     3.565    -2.282                                 KURHFS 
  4387.886   27.0059     3.565    -3.236                                 KURHFS 
  4387.891      26.0     3.071     -1.52                              NIST/C+   
  4387.907   27.0059     3.565    -1.997                                 KURHFS 
  4387.907   27.0059     3.565    -2.336                                 KURHFS 
  4387.907   27.0059     3.565    -3.646                                 KURHFS 
  4387.933   27.0059     3.565    -1.833                                 KURHFS 
  4387.933   27.0059     3.565    -2.532                                 KURHFS 
  4387.944 106.00112     0.752    -4.219               3.464            AX22P065
  4387.962   27.0059     3.565    -1.692                                 KURHFS 
  4388.005      58.1     0.863     -0.39                              Lawler09  
  4388.070      22.0     2.238     -0.86                                        
  4388.078      25.0     4.723     -1.25                                        
  4388.086      25.1     6.128     -4.90                                        
  4388.088 106.00112     1.597    -1.188               3.464            AX33Q205
  4388.094      23.0     2.364     -1.19                               LAWNOHFS 
  4388.105 106.00112     1.597    -3.682               3.464            AX33R195
  4388.171      12.0     4.343     -5.00                                        
  4388.183 106.00112     1.597    -3.664               3.464            AX33P205
  4388.200 106.00112     1.597    -1.199               3.464            AX33Q195
  4388.239 106.00112     2.032    -7.738               3.464            AX01R335
  4388.273      42.0     3.904     -0.72                                        
  4388.293 106.00113     0.770    -3.607               3.464            AX00Q205
  4388.357      41.0     0.656     -1.03                                        
  4388.376 106.00113     0.770    -1.359               3.464            AX00P215
  4388.380      68.1     2.287     -0.55                              Lawler08  
  4388.398 106.00113     0.770    -1.376               3.464            AX00P205
  4388.407      26.0     3.603     -0.68                              NIST/B    
  4388.502      40.1     2.488     -1.50                                        
  4388.517 106.00113     1.267    -2.742               3.464            AX44Q025
  4388.542      22.0     2.493     -0.84                                        
  4388.542 106.00113     1.267    -2.739               3.464            AX44Q025
  4388.591      26.0     4.206     -2.97                                        
  4388.721 106.00113     1.267    -2.093               3.464            AX44R025
  4388.733      23.0     2.503     -8.81                                        
  4388.746 106.00113     1.267    -2.094               3.464            AX44R025
  4388.757 106.00112     0.774    -3.607               3.464            AX00Q205
  4388.793      23.0     1.710     -2.08                                        
  4388.848 106.00112     0.774    -1.359               3.464            AX00P215
  4388.872 106.00112     0.774    -1.376               3.464            AX00P205
  4388.915 106.00113     0.894    -3.598               3.464            AX11Q175
  4388.928 106.00113     0.894    -1.467               3.464            AX11P185
  4388.968      25.0     4.329     -3.18                                        
  4388.985      44.0     2.778     -0.55                                        
  4388.991 106.00113     0.894    -1.487               3.464            AX11P175
  4388.992      22.0     2.343     -6.59                                        
  4388.993      62.1     0.932     -1.95                                        
  4389.078      24.0     3.885     -3.89                                        
  4389.086      23.1     6.576     -3.19                                        
  4389.096      26.0     4.545     -3.22                                        
  4389.134      23.1     1.574     -4.41                                        
  4389.149 106.00113     0.704    -1.378               3.464            AX00P205
  4389.176 106.00113     0.704    -3.620               3.464            AX00Q195
  4389.195 106.00113     1.259    -2.494               3.464            AX44R005
  4389.213 106.00113     1.259    -2.494               3.464            AX44R005
  4389.245      26.0     0.052     -4.58                              NIST/A    
  4389.270      24.0     3.844     -0.74                                        
  4389.273 106.00113     0.704    -1.396               3.464            AX00P195
  4389.278      23.1     6.182     -2.53                                        
  4389.293      24.0     4.821     -3.53                                        
  4389.332      28.1     4.029     -5.72                                        
  4389.346      25.0     4.824     -3.62                                        
  4389.378   27.0059     3.629    -4.569                                 KURHFS 
  4389.382   27.0059     3.629    -4.284                                 KURHFS 
  4389.382   27.0059     3.629    -4.539                                 KURHFS 
  4389.392   27.0059     3.629    -4.096                                 KURHFS 
  4389.392   27.0059     3.629    -4.539                                 KURHFS 
  4389.392   27.0059     3.629    -4.590                                 KURHFS 
  4389.407   27.0059     3.629    -4.005                                 KURHFS 
  4389.407   27.0059     3.629    -4.151                                 KURHFS 
  4389.407   27.0059     3.629    -4.715                                 KURHFS 
  4389.407 106.00113     0.992    -3.496               3.464            AX22Q135
  4389.426   27.0059     3.629    -3.896                                 KURHFS 
  4389.426   27.0059     3.629    -3.983                                 KURHFS 
  4389.426   27.0059     3.629    -4.937                                 KURHFS 
  4389.447 106.00113     0.992    -1.649               3.464            AX22P135
  4389.450   27.0059     3.629    -3.698                                 KURHFS 
  4389.450   27.0059     3.629    -4.037                                 KURHFS 
  4389.450   27.0059     3.629    -5.347                                 KURHFS 
  4389.479   27.0059     3.629    -3.534                                 KURHFS 
  4389.479   27.0059     3.629    -4.233                                 KURHFS 
  4389.488 106.00112     0.898    -3.597               3.464            AX11Q175
  4389.494 106.00112     0.898    -1.466               3.464            AX11P185
  4389.513   27.0059     3.629    -3.393                                 KURHFS 
  4389.537      22.0     2.304     -3.57                                        
  4389.544 106.00113     0.638    -2.387               3.464            BX01Q125
  4389.552 106.00113     0.992    -1.620               3.464            AX22P145
  4389.566 106.00112     0.898    -1.487               3.464            AX11P175
  4389.575 106.00113     1.646    -3.691               3.464            AX33R205
  4389.618 106.00113     0.638    -5.534               3.464            BX01R125
  4389.639 106.00113     1.646    -1.181               3.464            AX33Q215
  4389.642 106.00112     0.708    -1.378               3.464            AX00P205
  4389.644 106.00113     0.639    -5.664               3.464            BX01P135
  4389.665 106.00112     0.708    -3.620               3.464            AX00Q195
  4389.716 106.00113     0.639    -2.336               3.464            BX01Q135
  4389.755 106.00113     1.646    -1.189               3.464            AX33Q205
  4389.756      25.1     5.516     -4.69                                        
  4389.768 106.00112     0.708    -1.396               3.464            AX00P195
  4389.785      24.0     3.842     -4.26                                        
  4389.791      23.0     2.614     -0.21                                        
  4389.804      28.0     4.150     -2.58                                        
  4389.819 106.00113     1.646    -3.714               3.464            AX33P215
  4389.833      74.0     2.456     -0.64                                        
  4389.840      26.0     4.206     -3.43                                        
  4389.846 106.00112     1.754    -1.621               3.464            AX44R175
  4389.853 106.00113     0.125    -4.209               3.464            AX00P075
  4389.858      28.0     3.462     -1.24                                        
  4389.860 106.00112     1.754    -1.624               3.464            AX44R185
  4389.862      57.0     1.204     -0.17                                        
  4389.894      64.0     0.880     -0.09                                        
  4389.906      26.0     4.280     -3.91                                        
  4389.907      23.0     2.372     -1.78                                        
  4389.910      60.1     0.182     -2.31                              DenHarto03
  4389.933      24.0     3.008     -3.20                                        
  4389.942 106.00112     1.754    -3.722               3.464            AX44Q185
  4389.949 106.00113     0.839    -3.625               3.464            AX00Q215
  4389.952 106.00113     0.952    -3.589               3.464            AX11Q185
  4389.955 106.00112     1.270    -2.295               3.464            AX44R015
  4389.979      23.0     0.275      0.22                               LAWNOHFS 
  4389.990      23.0     2.579     -3.05                                        
  4389.993 106.00112     1.270    -2.295               3.464            AX44R015
  4390.004      64.0     1.448      0.47                                        
  4390.017      24.0     3.008     -3.24                                        
  4390.026 106.00113     0.839    -1.342               3.464            AX00P225
  4390.029      11.0     2.102     -1.94                              NIST/B+   
  4390.036 106.00113     0.952    -1.464               3.464            AX11P185
  4390.047 106.00113     0.952    -1.445               3.464            AX11P195
  4390.060 106.00112     0.995    -3.496               3.464            AX22Q135
  4390.063 106.00113     0.839    -1.357               3.464            AX00P215
  4390.094 106.00112     0.995    -1.649               3.464            AX22P135
  4390.099      23.0     2.614     -1.50                                        
  4390.132      24.0     4.613     -1.57                                        
  4390.197      26.0     4.555     -1.72                                        
  4390.208 106.00112     0.995    -1.620               3.464            AX22P145
  4390.228      22.0     1.066     -4.41                                        
  4390.234      24.0     4.851     -1.55                                        
  4390.274      58.1     1.455      0.01                                        
  4390.307      24.0     2.965     -3.36                                        
  4390.312      28.0     3.655     -1.77                                        
  4390.377 106.00112     0.125    -4.209               3.464            AX00P075
  4390.390 106.00113     0.125    -4.234               3.464            AX00P075
  4390.411 106.00113     1.800    -1.637               3.464            AX44R195
  4390.416 106.00113     1.800    -1.628               3.464            AX44R185
  4390.420 106.00112     0.844    -3.625               3.464            AX00Q215
  4390.439      44.0     1.062     -0.35                                        
  4390.448      26.0     2.990     -2.45                              NIST/D    
  4390.495 106.00113     1.800    -3.766               3.464            AX44Q195
  4390.507 106.00112     0.844    -1.342               3.464            AX00P225
  4390.513      22.0     3.152     -3.25                                        
  4390.517 106.00112     0.956    -3.589               3.464            AX11Q185
  4390.542      24.0     4.385     -2.34                                        
  4390.542 106.00112     0.844    -1.357               3.464            AX00P215
  4390.551      25.0     3.761     -2.63                                        
  4390.578      25.0     5.345     -3.35                                        
  4390.604 106.00112     0.956    -1.464               3.464            AX11P185
  4390.605      23.0     1.711     -2.70                                        
  4390.621 106.00112     0.956    -1.445               3.464            AX11P195
  4390.658      60.1     1.337      0.10                                        
  4390.661      24.0     3.977     -3.24                                        
  4390.716      24.1     6.277     -4.42                                        
  4390.751      26.0     4.217     -2.71                                        
  4390.760      58.1     1.205     -1.84                              Lawler09  
  4390.761      26.0     4.635     -1.40                                        
  4390.763 106.00113     0.992    -3.520               3.464            AX22Q135
  4390.798 106.00113     0.992    -1.649               3.464            AX22P135
  4390.824 106.00113     0.992    -1.621               3.464            AX22P145
  4390.833      24.0     3.886     -3.65                                        
  4390.838      23.1     6.465     -2.53                                        
  4390.853   27.0059     3.710    -3.684                                 KURHFS 
  4390.853   27.0059     3.710    -3.939                                 KURHFS 
  4390.853   27.0059     3.710    -3.969                                 KURHFS 
  4390.860      62.1     0.184     -0.45                              Lawler06  
  4390.863   27.0059     3.710    -3.496                                 KURHFS 
  4390.863   27.0059     3.710    -3.551                                 KURHFS 
  4390.863   27.0059     3.710    -3.939                                 KURHFS 
  4390.877   27.0059     3.710    -3.296                                 KURHFS 
  4390.877   27.0059     3.710    -3.405                                 KURHFS 
  4390.877   27.0059     3.710    -3.990                                 KURHFS 
  4390.896   27.0059     3.710    -3.098                                 KURHFS 
  4390.896   27.0059     3.710    -3.383                                 KURHFS 
  4390.896   27.0059     3.710    -4.115                                 KURHFS 
  4390.899 106.00113     2.024    -7.737               3.464            AX01R335
  4390.921   27.0059     3.710    -2.934                                 KURHFS 
  4390.921   27.0059     3.710    -3.437                                 KURHFS 
  4390.921   27.0059     3.710    -4.337                                 KURHFS 
  4390.921 106.00112     0.126    -4.234               3.464            AX00P075
  4390.935 106.00112     1.271    -2.742               3.464            AX44Q025
  4390.950   27.0059     3.710    -2.793                                 KURHFS 
  4390.950   27.0059     3.710    -3.633                                 KURHFS 
  4390.950   27.0059     3.710    -4.747                                 KURHFS 
  4390.951      26.0     3.018     -1.52                              NIST/C+   
  4390.959 106.00112     1.271    -2.738               3.464            AX44Q025
  4390.960      64.1     0.427     -1.04                              DenHarto06
