a line list in the range:    4239.00   4251.00
  4239.000 106.00112     1.509    -3.651               3.464            AX22Q235
  4239.007      26.0     2.756     -4.04                                        
  4239.013      24.0     2.980     -4.66                                        
  4239.016 607.01214     3.040    -2.217               7.724          1213Rb0045
  4239.034 607.01214     3.040    -4.026               7.724          1213Qd0055
  4239.042 106.00112     1.509    -1.337               3.464            AX22R225
  4239.052 607.01214     3.040    -2.146               7.724          1213Ra0055
  4239.065 106.00113     1.572    -1.332               3.464            AX22R235
  4239.076      42.0     2.079     -1.84                                        
  4239.098      22.0     2.394     -4.50                                        
  4239.184 106.00112     1.569    -5.296               3.464            AX54P135
  4239.187      25.1     5.366     -2.25                                        
  4239.194      42.0     2.079     -2.02                                        
  4239.262 106.00113     1.372    -1.344               3.464            AX22R215
  4239.298      40.0     0.686      0.05                                        
  4239.361      26.0     3.642     -1.49                              NIST/E    
  4239.369 106.00113     1.372    -3.607               3.464            AX22Q215
  4239.376 106.00112     1.483    -8.511               3.464            CX03P175
  4239.392      25.0     3.380     -3.77                                        
  4239.405      26.0     4.206     -3.67                                        
  4239.416 106.00113     1.372    -1.355               3.464            AX22R205
  4239.431 106.00112     1.378    -1.344               3.464            AX22R215
  4239.451      27.1     3.007     -6.20                                        
  4239.516 106.00112     1.378    -3.607               3.464            AX22Q215
  4239.542 106.00112     1.378    -1.355               3.464            AX22R205
  4239.543      25.0     4.662     -2.40                                        
  4239.551 607.01214     3.038    -2.304               7.724          1213Rb0035
  4239.553      56.0     1.674     -0.72                                        
  4239.564 607.01214     3.038    -3.945               7.724          1213Qd0045
  4239.576 607.01214     3.038    -2.217               7.724          1213Ra0045
  4239.583   23.0051     1.852    -5.259                                 KURHFS 
  4239.583   23.0051     1.852    -5.455                                 KURHFS 
  4239.586   23.0051     1.852    -5.234                                 KURHFS 
  4239.586   23.0051     1.852    -5.245                                 KURHFS 
  4239.586   23.0051     1.852    -5.455                                 KURHFS 
  4239.590   23.0051     1.852    -5.107                                 KURHFS 
  4239.590   23.0051     1.852    -5.131                                 KURHFS 
  4239.590   23.0051     1.852    -5.234                                 KURHFS 
  4239.597   23.0051     1.852    -4.940                                 KURHFS 
  4239.597   23.0051     1.852    -5.088                                 KURHFS 
  4239.597   23.0051     1.852    -5.131                                 KURHFS 
  4239.605   23.0051     1.852    -4.771                                 KURHFS 
  4239.605   23.0051     1.852    -5.088                                 KURHFS 
  4239.605   23.0051     1.852    -5.099                                 KURHFS 
  4239.613   27.0059     2.278    -5.615                                 KURHFS 
  4239.614   23.0051     1.852    -4.612                                 KURHFS 
  4239.614   23.0051     1.852    -5.099                                 KURHFS 
  4239.614   23.0051     1.852    -5.176                                 KURHFS 
  4239.621   27.0059     2.278    -5.138                                 KURHFS 
  4239.625   23.0051     1.852    -4.464                                 KURHFS 
  4239.625   23.0051     1.852    -5.176                                 KURHFS 
  4239.625   23.0051     1.852    -5.391                                 KURHFS 
  4239.627   27.0059     2.278    -5.159                                 KURHFS 
  4239.631   27.0059     2.278    -4.817                                 KURHFS 
  4239.632   27.0059     2.278    -5.138                                 KURHFS 
  4239.633      28.0     4.232     -2.37                                        
  4239.637      26.0     3.249     -6.50                                        
  4239.638   23.0051     1.852    -4.328                                 KURHFS 
  4239.638   23.0051     1.852    -5.391                                 KURHFS 
  4239.640   27.0059     2.278    -5.284                                 KURHFS 
  4239.652      23.0     2.372     -6.50                                        
  4239.656      20.0     6.035     -3.98                                        
  4239.667      22.1     5.563     -0.82                                        
  4239.703 106.00112     1.579    -1.326               3.464            AX22R245
  4239.707      22.0     2.576     -4.28                                        
  4239.727   25.0055     2.939    -1.470                                 KURHFS 
  4239.727   25.0055     2.939    -1.567                                 KURHFS 
  4239.728   25.0055     2.939    -1.583                                 KURHFS 
  4239.731   25.0055     2.939    -1.106                                 KURHFS 
  4239.732      26.0     2.949     -1.53                              NIST/B    
  4239.732   25.0055     2.939    -1.470                                 KURHFS 
  4239.732   25.0055     2.939    -2.014                                 KURHFS 
  4239.794 106.00112     1.579    -3.673               3.464            AX22Q245
  4239.797   27.0059     2.278    -4.025                                 KURHFS 
  4239.797   27.0059     2.278    -4.025                                 KURHFS 
  4239.797   27.0059     2.278    -4.326                                 KURHFS 
  4239.803   27.0059     2.278    -3.861                                 KURHFS 
  4239.803   27.0059     2.278    -3.887                                 KURHFS 
  4239.803   27.0059     2.278    -4.201                                 KURHFS 
  4239.811   27.0059     2.278    -3.604                                 KURHFS 
  4239.811   27.0059     2.278    -3.853                                 KURHFS 
  4239.811   27.0059     2.278    -4.451                                 KURHFS 
  4239.821   27.0059     2.278    -3.388                                 KURHFS 
  4239.821   27.0059     2.278    -4.014                                 KURHFS 
  4239.821   27.0059     2.278    -4.879                                 KURHFS 
  4239.835      26.0     0.957     -4.71                                        
  4239.843 106.00112     1.579    -1.331               3.464            AX22R235
  4239.848      26.0     2.692     -1.64                              NIST/B+   
  4239.854      66.0     1.141      0.71                                        
  4239.856      28.0     3.191     -2.67                                        
  4239.909      58.1     0.477      0.00                              Lawler09  
  4239.942      26.0     3.069     -1.66                                        
  4239.944      23.1     6.161     -2.85                                        
  4240.017      23.1     5.471     -3.01                                        
  4240.025      59.1     1.016     -0.04                                        
  4240.026 106.00113     1.643    -1.325               3.464            AX22R255
  4240.075      42.0     2.258     -1.30                                        
  4240.081      23.0     1.944     -0.76                               LAWNOHFS 
  4240.092      24.0     3.011     -3.02                                        
  4240.093 607.01214     3.036    -2.415               7.724          1213Rb0025
  4240.106 607.01214     3.036    -3.844               7.724          1213Qd0035
  4240.115 607.01214     3.036    -2.304               7.724          1213Ra0035
  4240.143      42.0     2.834     -2.10                                        
  4240.154   23.0051     2.314    -3.860                                 KURHFS 
  4240.154   23.0051     2.314    -4.430                                 KURHFS 
  4240.155 106.00112     1.255    -1.380               3.464            AX22R185
  4240.156   23.0051     2.314    -3.834                                 KURHFS 
  4240.156   23.0051     2.314    -4.209                                 KURHFS 
  4240.156   23.0051     2.314    -4.430                                 KURHFS 
  4240.157   23.0051     2.314    -3.753                                 KURHFS 
  4240.157   23.0051     2.314    -4.112                                 KURHFS 
  4240.157   23.0051     2.314    -4.209                                 KURHFS 
  4240.158 106.00113     1.643    -3.696               3.464            AX22Q255
  4240.159   23.0051     2.314    -3.648                                 KURHFS 
  4240.159   23.0051     2.314    -4.077                                 KURHFS 
  4240.159   23.0051     2.314    -4.112                                 KURHFS 
  4240.161   23.0051     2.314    -3.535                                 KURHFS 
  4240.161   23.0051     2.314    -4.077                                 KURHFS 
  4240.161   23.0051     2.314    -4.095                                 KURHFS 
  4240.164   23.0051     2.314    -3.421                                 KURHFS 
  4240.164   23.0051     2.314    -4.095                                 KURHFS 
  4240.164   23.0051     2.314    -4.179                                 KURHFS 
  4240.167   23.0051     2.314    -3.310                                 KURHFS 
  4240.167   23.0051     2.314    -4.179                                 KURHFS 
  4240.167   23.0051     2.314    -4.400                                 KURHFS 
  4240.170   23.0051     2.314    -3.203                                 KURHFS 
  4240.170   23.0051     2.314    -4.400                                 KURHFS 
  4240.170 106.00112     1.255    -1.365               3.464            AX22R195
  4240.192 106.00113     1.250    -1.365               3.464            AX22R195
  4240.200      26.0     4.151     -3.48                                        
  4240.201      20.0     5.983     -7.10                                        
  4240.205 106.00112     1.247    -8.525               3.464            CX03P125
  4240.217 106.00113     1.250    -1.380               3.464            AX22R185
  4240.230      60.1     0.559     -1.68                              DenHarto03
  4240.248 106.00112     1.255    -3.591               3.464            AX22Q195
  4240.251 106.00113     1.643    -1.328               3.464            AX22R245
  4240.276      42.0     3.075     -0.59                                        
  4240.279      23.0     2.503     -8.05                                        
  4240.301 106.00113     1.250    -3.591               3.464            AX22Q195
  4240.306   23.0051     1.948    -2.436                                 KURHFS 
  4240.309   23.0051     1.948    -2.151                                 KURHFS 
  4240.309   23.0051     1.948    -2.406                                 KURHFS 
  4240.314   23.0051     1.948    -1.963                                 KURHFS 
  4240.314   23.0051     1.948    -2.406                                 KURHFS 
  4240.314   23.0051     1.948    -2.457                                 KURHFS 
  4240.322   23.0051     1.948    -1.872                                 KURHFS 
  4240.322   23.0051     1.948    -2.018                                 KURHFS 
  4240.322   23.0051     1.948    -2.582                                 KURHFS 
  4240.324      42.0     2.834     -1.83                                        
  4240.332      24.0     2.913     -4.40                                        
  4240.333   23.0051     1.948    -1.763                                 KURHFS 
  4240.333   23.0051     1.948    -1.850                                 KURHFS 
  4240.333   23.0051     1.948    -2.804                                 KURHFS 
  4240.338      40.0     0.603     -0.45                                        
  4240.346   23.0051     1.948    -1.565                                 KURHFS 
  4240.346   23.0051     1.948    -1.904                                 KURHFS 
  4240.346   23.0051     1.948    -3.214                                 KURHFS 
  4240.362   23.0051     1.948    -1.401                                 KURHFS 
  4240.362   23.0051     1.948    -2.100                                 KURHFS 
  4240.371      26.0     3.547     -1.27                              NIST/C+   
  4240.381   23.0051     1.948    -1.260                                 KURHFS 
  4240.390      25.1     6.172     -2.07                                        
  4240.440      62.0     0.185     -1.17                                        
  4240.457      20.0     2.707     -0.82                                        
  4240.500      24.0     4.614     -1.92                                        
  4240.501 106.00113     1.310    -1.353               3.464            AX22R205
  4240.537      25.1     6.172     -3.59                                        
  4240.552 106.00112     1.721    -1.325               3.464            AX22R265
  4240.578 106.00112     1.316    -1.353               3.464            AX22R205
  4240.580 106.00112     1.721    -1.326               3.464            AX22R255
  4240.587      92.1     0.652     -1.61                                        
  4240.595      90.1     0.770     -1.90                                        
  4240.600 106.00113     1.310    -3.584               3.464            AX22Q205
  4240.635 106.00113     1.311    -1.367               3.464            AX22R195
  4240.644 106.00112     1.721    -3.758               3.464            AX22Q265
  4240.646      26.0     2.996     -6.16                                        
  4240.651 607.01214     3.035    -2.569               7.724          1213Rb0015
  4240.652      21.0     4.524     -2.25                                        
  4240.659 607.01214     3.035    -3.713               7.724          1213Qd0025
  4240.660 106.00112     1.316    -3.584               3.464            AX22Q205
  4240.664 607.01214     3.035    -2.415               7.724          1213Ra0025
  4240.676 106.00112     1.316    -1.367               3.464            AX22R195
  4240.681      24.0     3.090     -5.35                                        
  4240.692      26.0     2.988     -2.64                                        
  4240.702   27.0059     3.051    -4.409                                 KURHFS 
  4240.702   27.0059     3.051    -4.476                                 KURHFS 
  4240.702   27.0059     3.051    -5.108                                 KURHFS 
  4240.708      24.0     2.980     -1.28                                        
  4240.713   27.0059     3.051    -4.213                                 KURHFS 
  4240.713   27.0059     3.051    -4.213                                 KURHFS 
  4240.713   27.0059     3.051    -4.953                                 KURHFS 
  4240.728   27.0059     3.051    -4.009                                 KURHFS 
  4240.728   27.0059     3.051    -4.108                                 KURHFS 
  4240.728   27.0059     3.051    -4.953                                 KURHFS 
  4240.729      22.0     2.425     -3.11                                        
  4240.749   27.0059     3.051    -3.839                                 KURHFS 
  4240.749   27.0059     3.051    -4.061                                 KURHFS 
  4240.749   27.0059     3.051    -5.050                                 KURHFS 
  4240.757      23.1     6.491     -1.43                                        
  4240.769      20.0     6.000     -4.38                                        
  4240.775   27.0059     3.051    -3.693                                 KURHFS 
  4240.775   27.0059     3.051    -4.067                                 KURHFS 
  4240.775   27.0059     3.051    -5.254                                 KURHFS 
  4240.785      26.0     4.368     -2.37                                        
  4240.804      22.0     2.576     -6.29                                        
  4240.805   27.0059     3.051    -3.564                                 KURHFS 
  4240.805   27.0059     3.051    -4.140                                 KURHFS 
  4240.805   27.0059     3.051    -5.652                                 KURHFS 
  4240.815      26.0     3.940     -3.76                                        
  4240.830      42.0     2.597     -0.65                              NIST/B    
  4240.835 106.00112     1.654    -5.612               3.464            AX43P205
  4240.842   27.0059     3.051    -3.448                                 KURHFS 
  4240.842   27.0059     3.051    -4.351                                 KURHFS 
  4240.850      20.0     6.000     -4.86                                        
  4240.862   59.1141     0.550    -3.858                                 LI/LAW 
  4240.875 106.00112     1.431    -8.520               3.464            CX03P165
  4240.877      23.1     5.830     -2.95                                        
  4240.883   27.0059     3.051    -3.343                                 KURHFS 
  4240.883   59.1141     0.550    -2.151                                 LI/LAW 
  4240.887   59.1141     0.550    -3.666                                 LI/LAW 
  4240.902   59.1141     0.550    -0.912                                 LI/LAW 
  4240.912   59.1141     0.550    -1.952                                 LI/LAW 
  4240.917   59.1141     0.550    -3.720                                 LI/LAW 
  4240.922      27.1     2.679     -5.28                                        
  4240.934   59.1141     0.550    -0.854                                 LI/LAW 
  4240.946   59.1141     0.550    -1.901                                 LI/LAW 
  4240.952   59.1141     0.550    -4.024                                 LI/LAW 
  4240.955      22.0     2.493     -4.60                                        
  4240.971   59.1141     0.550    -0.796                                 LI/LAW 
  4240.983      23.0     2.676     -2.54                                        
  4240.984   59.1141     0.550    -1.949                                 LI/LAW 
  4241.012   59.1141     0.550    -0.737                                 LI/LAW 
  4241.026   59.1141     0.550    -2.148                                 LI/LAW 
  4241.057      23.0     1.941     -2.36                                        
  4241.058   59.1141     0.550    -0.680                                 LI/LAW 
  4241.061      44.0     1.087     -0.63                                        
  4241.076      20.0     4.438     -4.76                                        
  4241.080      24.0     3.108     -5.05                                        
  4241.108   59.1141     0.550    -0.624                                 LI/LAW 
  4241.114      26.0     2.832     -2.45                              NIST/D    
  4241.116      24.0     4.609     -3.19                                        
  4241.151      75.0     2.136     -0.97                                        
  4241.191      60.1     1.751      0.31                                        
  4241.196      40.0     0.622     -0.43                                        
  4241.223 607.01214     3.034    -2.569               7.724          1213Ra0015
  4241.223 607.01214     3.034    -2.823               7.724          1213Rb0005
  4241.223 607.01214     3.034    -3.521               7.724          1213Qd0015
  4241.273      64.1     1.620     -0.39                                        
  4241.308      20.0     4.621     -2.23                                        
  4241.308      23.0     1.954     -0.80                               LAWNOHFS 
  4241.311      20.0     6.036     -2.49                                        
  4241.329 106.00112     1.650    -1.325               3.464            AX22R255
  4241.372      25.0     3.376     -4.55                                        
  4241.383 106.00112     1.289    -8.528               3.464            CX03P135
  4241.388      75.0     2.136     -0.75                                        
  4241.420 106.00113     1.789    -1.330               3.464            AX22R275
  4241.421 106.00112     1.650    -3.696               3.464            AX22Q255
  4241.444      74.0     1.915     -0.40                                        
  4241.451      25.0     4.824     -3.07                                        
  4241.451      41.0     1.156     -1.05                                        
  4241.456   27.0059     3.629    -2.603                                 KURHFS 
  4241.458   27.0059     3.629    -2.340                                 KURHFS 
  4241.460   27.0059     3.629    -2.536                                 KURHFS 
  4241.464   27.0059     3.629    -2.136                                 KURHFS 
  4241.467   27.0059     3.629    -2.340                                 KURHFS 
  4241.469   27.0059     3.629    -3.235                                 KURHFS 
  4241.473   27.0059     3.629    -1.966                                 KURHFS 
  4241.477 106.00112     1.650    -1.328               3.464            AX22R245
  4241.478   27.0059     3.629    -2.235                                 KURHFS 
  4241.481   27.0059     3.629    -3.080                                 KURHFS 
  4241.486   27.0059     3.629    -1.820                                 KURHFS 
  4241.491   27.0059     3.629    -2.188                                 KURHFS 
  4241.496   27.0059     3.629    -3.080                                 KURHFS 
  4241.503      42.0     3.393     -1.70                                        
  4241.503   27.0059     3.629    -1.691                                 KURHFS 
  4241.509   27.0059     3.629    -2.194                                 KURHFS 
  4241.514   27.0059     3.629    -3.177                                 KURHFS 
  4241.523   27.0059     3.629    -1.575                                 KURHFS 
  4241.530   27.0059     3.629    -2.267                                 KURHFS 
  4241.536   27.0059     3.629    -3.381                                 KURHFS 
  4241.546   27.0059     3.629    -1.470                                 KURHFS 
  4241.554   27.0059     3.629    -2.478                                 KURHFS 
  4241.561   27.0059     3.629    -3.779                                 KURHFS 
  4241.573 106.00113     1.789    -1.327               3.464            AX22R265
  4241.607 106.00113     1.789    -3.783               3.464            AX22Q275
  4241.664      92.1     0.568     -0.10                              Nils02/8% 
  4241.676      40.0     0.650      0.14                                        
  4241.714 106.00112     1.381    -8.525               3.464            CX03P155
  4241.792   27.0059     2.079    -4.172                                 KURHFS 
  4241.792   27.0059     2.079    -4.427                                 KURHFS 
  4241.796      79.0     5.101     -1.24                                        
  4241.799 607.01214     3.034    -3.123               7.724          1213Qd0005
  4241.800 607.01214     3.034    -2.823               7.724          1213Ra0005
  4241.808   27.0059     2.079    -3.973                                 KURHFS 
  4241.808   27.0059     2.079    -4.172                                 KURHFS 
  4241.808   27.0059     2.079    -6.080                                 KURHFS 
  4241.816   27.0059     2.079    -3.626                                 LAWHFS 
  4241.820   27.0059     2.079    -3.881                                 LAWHFS 
  4241.826   27.0059     2.079    -3.427                                 LAWHFS 
  4241.833   27.0059     2.079    -3.909                                 KURHFS 
  4241.833   27.0059     2.079    -3.973                                 KURHFS 
  4241.833   27.0059     2.079    -4.837                                 KURHFS 
  4241.833   27.0059     2.079    -5.531                                 LAWHFS 
  4241.837   27.0059     2.079    -3.626                                 LAWHFS 
  4241.843   27.0059     2.079    -3.363                                 LAWHFS 
  4241.851   27.0059     2.079    -4.291                                 LAWHFS 
  4241.857   27.0059     2.079    -3.427                                 LAWHFS 
  4241.865   27.0059     2.079    -3.394                                 LAWHFS 
  4241.866   27.0059     2.079    -3.909                                 KURHFS 
  4241.866   27.0059     2.079    -3.940                                 KURHFS 
  4241.866   27.0059     2.079    -4.120                                 KURHFS 
  4241.876   27.0059     2.079    -3.574                                 LAWHFS 
  4241.884   27.0059     2.079    -3.363                                 LAWHFS 
  4241.885 106.00112     1.334    -8.528               3.464            CX03P145
  4241.894   27.0059     2.079    -3.575                                 LAWHFS 
  4241.899      22.1     5.564     -2.42                                        
  4241.903      23.1     6.473     -1.31                                        
  4241.907   27.0059     2.079    -3.168                                 LAWHFS 
  4241.908   27.0059     2.079    -3.714                                 KURHFS 
  4241.908   27.0059     2.079    -3.940                                 KURHFS 
  4241.908   27.0059     2.079    -4.121                                 KURHFS 
  4241.917   27.0059     2.079    -3.394                                 LAWHFS 
  4241.944   27.0059     2.079    -2.876                                 LAWHFS 
  4241.957   27.0059     2.079    -3.575                                 LAWHFS 
  4241.958   27.0059     2.079    -3.422                                 KURHFS 
  4241.958   27.0059     2.079    -4.121                                 KURHFS 
  4241.961 106.00113     1.716    -1.326               3.464            AX22R265
  4242.007      58.1     0.932     -0.57                                BIEMONT 
  4242.008   27.0059     1.048    -4.204                                 KURHFS 
  4242.008   27.0059     1.048    -4.459                                 KURHFS 
  4242.008   27.0059     1.048    -4.489                                 KURHFS 
  4242.021   27.0059     1.048    -4.016                                 KURHFS 
  4242.021   27.0059     1.048    -4.071                                 KURHFS 
  4242.021   27.0059     1.048    -4.459                                 KURHFS 
  4242.041   27.0059     1.048    -3.816                                 KURHFS 
  4242.041   27.0059     1.048    -3.925                                 KURHFS 
  4242.041   27.0059     1.048    -4.510                                 KURHFS 
  4242.049      23.0     1.802     -2.10                                        
  4242.068   27.0059     1.048    -3.618                                 KURHFS 
  4242.068   27.0059     1.048    -3.903                                 KURHFS 
  4242.068   27.0059     1.048    -4.635                                 KURHFS 
  4242.081      11.0     2.103     -2.25                                        
  4242.081      11.0     2.103     -3.21                                        
  4242.094      24.0     4.189     -4.18                                        
  4242.099 106.00113     1.716    -3.718               3.464            AX22Q265
  4242.101   27.0059     1.048    -3.454                                 KURHFS 
  4242.101   27.0059     1.048    -3.957                                 KURHFS 
  4242.101   27.0059     1.048    -4.857                                 KURHFS 
  4242.141   27.0059     1.048    -3.313                                 KURHFS 
  4242.141   27.0059     1.048    -4.153                                 KURHFS 
  4242.141   27.0059     1.048    -5.267                                 KURHFS 
  4242.150      69.1     0.029     -0.95                              Wickliff97
  4242.156 106.00112     0.598    -1.484               3.464            AX11R115
  4242.158      22.1     4.906     -1.42                                        
  4242.202 106.00113     1.716    -1.326               3.464            AX22R255
  4242.203 106.00113     1.251    -1.365               3.464            AX22R195
  4242.223 106.00112     1.256    -1.365               3.464            AX22R195
  4242.266      29.0     5.501     -1.45                                        
  4242.296 106.00113     1.251    -3.560               3.464            AX22Q195
  4242.300 106.00112     0.598    -1.452               3.464            AX11R125
  4242.301 106.00112     1.256    -3.560               3.464            AX22Q195
  4242.307 106.00112     1.256    -1.380               3.464            AX22R185
  4242.316 106.00113     1.251    -1.380               3.464            AX22R185
  4242.333      25.1     6.172     -1.26                                        
  4242.336 106.00112     0.598    -3.359               3.464            AX11Q125
  4242.359      58.1     0.708     -2.01                              Lawler09  
  4242.366      24.0     4.183     -4.47                                        
  4242.366      24.1     3.871     -1.19                              Lawler17  
  4242.407 106.00112     1.197    -1.396               3.464            AX22R175
  4242.430 106.00112     0.229    -1.474               3.464            AX00R105
  4242.434 106.00112     1.197    -1.378               3.464            AX22R185
  4242.440 106.00113     0.596    -1.484               3.464            AX11R115
  4242.481 106.00113     1.193    -1.378               3.464            AX22R185
  4242.488 106.00113     1.193    -1.396               3.464            AX22R175
  4242.508 106.00112     1.197    -3.566               3.464            AX22Q185
  4242.576 106.00113     0.596    -1.452               3.464            AX11R125
  4242.581 106.00113     1.193    -3.566               3.464            AX22Q185
  4242.587      23.0     2.357     -7.49                                        
  4242.596      26.0     2.728     -2.65                              NIST/C+   
  4242.602      56.0     1.566     -1.12                                        
  4242.603 106.00112     0.229    -1.439               3.464            AX00R115
  4242.613 106.00113     0.596    -3.359               3.464            AX11Q125
  4242.616      26.0     4.206     -4.15                                        
  4242.631 106.00112     0.229    -3.298               3.464            AX00Q115
  4242.634      41.0     2.271      0.18                                        
  4242.652      20.0     5.877     -1.39                                        
  4242.703      26.0     4.151     -3.05                                        
  4242.720      24.1     5.489     -3.60                                        
  4242.720      58.1     0.295     -0.59                              Lawler09  
  4242.721 106.00112     0.752    -3.945               3.464            AX22R075
  4242.729      26.0     3.301     -1.75                              NIST/C+   
  4242.735 106.00113     0.894    -2.155               3.464            BX11Q175
  4242.739      42.0     3.390     -1.46                                        
  4242.742 106.00112     2.009    -9.255               3.464            CX15R185
  4242.745 106.00113     0.894    -5.637               3.464            BX11P185
  4242.757      20.0     4.760     -3.73                                        
  4242.776 106.00113     0.227    -1.474               3.464            AX00R105
  4242.800      42.0     2.985     -1.36                                        
  4242.810 106.00113     0.894    -5.966               3.464            BX11R175
  4242.817      22.0     1.872     -2.64                                        
  4242.819 106.00113     0.894    -2.341               3.464            BX11Q185
  4242.826      24.0     3.011     -1.36                                        
  4242.827   27.0059     3.629    -4.756                                 KURHFS 
  4242.832   27.0059     3.629    -4.476                                 KURHFS 
  4242.832   27.0059     3.629    -4.756                                 KURHFS 
  4242.832   27.0059     3.629    -5.777                                 KURHFS 
  4242.841   27.0059     3.629    -4.338                                 KURHFS 
  4242.841   27.0059     3.629    -4.476                                 KURHFS 
  4242.841   27.0059     3.629    -5.078                                 KURHFS 
  4242.854   27.0059     3.629    -4.272                                 KURHFS 
  4242.854   27.0059     3.629    -4.338                                 KURHFS 
  4242.854   27.0059     3.629    -4.631                                 KURHFS 
  4242.857      58.1     1.122     -0.25                                BIEMONT 
  4242.872   27.0059     3.629    -4.265                                 KURHFS 
  4242.872   27.0059     3.629    -4.272                                 KURHFS 
  4242.872   27.0059     3.629    -4.300                                 KURHFS 
  4242.886      23.1     3.755     -1.29                                        
  4242.895   27.0059     3.629    -4.037                                 KURHFS 
  4242.895   27.0059     3.629    -4.265                                 KURHFS 
  4242.895   27.0059     3.629    -4.330                                 KURHFS 
  4242.922   27.0059     3.629    -3.818                                 KURHFS 
  4242.922   27.0059     3.629    -4.330                                 KURHFS 
  4242.922   27.0059     3.629    -4.534                                 KURHFS 
  4242.924      25.1     5.369     -2.99                                        
  4242.932 106.00113     0.750    -3.945               3.464            AX22R075
  4242.948      26.1     4.728     -4.59                                        
  4242.948 106.00113     0.227    -1.439               3.464            AX00R115
  4242.954   27.0059     3.629    -3.631                                 KURHFS 
  4242.954   27.0059     3.629    -4.534                                 KURHFS 
  4242.972 106.00113     0.227    -3.298               3.464            AX00Q115
  4242.981 607.01214     3.034    -3.123               7.724          1213Qc0005
  4242.985 607.01214     3.034    -2.821               7.724          1213Pa0015
  4243.049 106.00112     0.752    -3.920               3.464            AX22R075
  4243.057      44.0     0.927     -0.83                                        
  4243.061   23.0051     2.357    -8.246                                 KURHFS 
  4243.061   23.0051     2.357    -8.501                                 KURHFS 
  4243.061   23.0051     2.357    -8.531                                 KURHFS 
  4243.067   23.0051     2.357    -8.058                                 KURHFS 
  4243.067   23.0051     2.357    -8.113                                 KURHFS 
  4243.067   23.0051     2.357    -8.501                                 KURHFS 
  4243.075   23.0051     2.357    -7.858                                 KURHFS 
  4243.075   23.0051     2.357    -7.967                                 KURHFS 
  4243.075   23.0051     2.357    -8.552                                 KURHFS 
  4243.075 106.00113     1.606    -5.246               3.464            AX54P145
  4243.087   23.0051     2.357    -7.660                                 KURHFS 
  4243.087   23.0051     2.357    -7.945                                 KURHFS 
  4243.087   23.0051     2.357    -8.677                                 KURHFS 
  4243.101   23.0051     2.357    -7.496                                 KURHFS 
  4243.101   23.0051     2.357    -7.999                                 KURHFS 
  4243.101   23.0051     2.357    -8.899                                 KURHFS 
  4243.110 106.00112     1.704    -4.296               3.464            AX54Q165
  4243.118   23.0051     2.357    -7.355                                 KURHFS 
  4243.118   23.0051     2.357    -8.195                                 KURHFS 
  4243.118   23.0051     2.357    -9.309                                 KURHFS 
  4243.144      22.0     3.106     -2.38                                        
  4243.159 106.00112     1.704    -2.449               3.464            AX54P165
  4243.170 106.00112     0.599    -1.484               3.464            AX11R115
  4243.207 106.00112     1.704    -2.391               3.464            AX54P175
  4243.238      28.0     3.191     -5.13                                        
  4243.246 106.00112     0.599    -1.452               3.464            AX11R125
  4243.257 106.00113     0.750    -3.920               3.464            AX22R075
  4243.258   23.0051     1.944    -2.926                                 KURHFS 
  4243.261   23.0051     1.944    -2.926                                 KURHFS 
  4243.261   23.0051     1.944    -3.102                                 KURHFS 
  4243.261 106.00112     1.656    -5.670               3.464            AX43P205
  4243.264      22.0     2.266     -4.54                                        
  4243.267   23.0051     1.944    -2.762                                 KURHFS 
  4243.267   23.0051     1.944    -3.227                                 KURHFS 
  4243.267   23.0051     1.944    -3.352                                 KURHFS 
  4243.272 106.00112     0.053    -3.792               3.464            AX00R055
  4243.274   23.0051     1.944    -2.754                                 KURHFS 
  4243.274   23.0051     1.944    -2.788                                 KURHFS 
  4243.274   23.0051     1.944    -3.780                                 KURHFS 
  4243.280 106.00112     0.599    -3.339               3.464            AX11Q125
  4243.284   23.0051     1.944    -2.505                                 KURHFS 
  4243.284   23.0051     1.944    -2.915                                 KURHFS 
  4243.287      24.0     3.695     -3.26                                        
  4243.295   23.0051     1.944    -2.289                                 KURHFS 
  4243.331 106.00112     0.229    -1.474               3.464            AX00R105
  4243.352 106.00112     1.208    -4.204               3.464            AX33R125
  4243.369      26.0     3.637     -1.71                                        
  4243.432      66.0     0.937     -0.45                                        
  4243.432 106.00113     1.204    -4.204               3.464            AX33R125
  4243.433 106.00113     1.063    -1.112               3.464            BX10P245
  4243.437 106.00112     0.229    -1.440               3.464            AX00R115
  4243.443 106.00113     0.596    -1.484               3.464            AX11R115
  4243.457 106.00112     0.053    -3.773               3.464            AX00R055
  4243.465 106.00112     0.229    -3.280               3.464            AX00Q115
  4243.475      25.0     4.341     -2.61                                        
  4243.487 106.00112     1.943    -6.302               3.464            AX21P315
  4243.491      42.0     3.440     -1.55                                        
  4243.511 106.00113     0.596    -1.452               3.464            AX11R125
  4243.513      59.1     0.422     -0.53                                        
  4243.531 106.00113     1.063    -5.461               3.464            BX10Q245
  4243.544      26.0     3.692     -1.84                                        
  4243.546 106.00113     0.596    -3.339               3.464            AX11Q125
  4243.566      20.0     4.677     -1.90                                        
  4243.586 106.00113     1.063    -0.718               3.464            BX10P255
  4243.588 607.01214     3.035    -2.821               7.724          1213Pb0015
  4243.589 607.01214     3.035    -3.521               7.724          1213Qc0015
  4243.594 607.01214     3.035    -2.565               7.724          1213Pa0025
  4243.614 106.00113     0.052    -3.792               3.464            AX00R055
  4243.624      26.0     3.299     -8.04                                        
  4243.666 106.00113     0.228    -1.474               3.464            AX00R105
  4243.725      27.1     2.777     -4.76                                        
  4243.739      58.1     1.708      0.01                                        
  4243.763      25.0     4.341     -1.26                                        
  4243.772 106.00113     0.228    -1.439               3.464            AX00R115
  4243.797 106.00113     0.052    -3.773               3.464            AX00R055
  4243.797 106.00113     0.228    -3.280               3.464            AX00Q115
  4243.813   27.0059     2.784    -5.909                                 KURHFS 
  4243.816      26.0     3.884     -1.48                              NIST/D    
  4243.821      23.0     2.330     -1.83                                        
  4243.829   27.0059     2.784    -5.694                                 KURHFS 
  4243.830      26.0     4.473     -2.01                              PK15THEOR 
  4243.840      64.1     1.405     -0.43                              DenHarto06
  4243.844   27.0059     2.784    -5.617                                 KURHFS 
  4243.852   27.0059     2.784    -4.846                                 KURHFS 
  4243.858   27.0059     2.784    -5.606                                 KURHFS 
  4243.864   27.0059     2.784    -4.982                                 KURHFS 
  4243.870   27.0059     2.784    -5.649                                 KURHFS 
  4243.874   27.0059     2.784    -5.130                                 KURHFS 
  4243.881   27.0059     2.784    -5.752                                 KURHFS 
  4243.882   27.0059     2.784    -5.289                                 KURHFS 
  4243.889   27.0059     2.784    -5.458                                 KURHFS 
  4243.890   27.0059     2.784    -5.973                                 KURHFS 
  4243.895   27.0059     2.784    -5.625                                 KURHFS 
  4243.900   27.0059     2.784    -5.763                                 KURHFS 
  4243.902   27.0059     2.784    -5.777                                 KURHFS 
  4243.902   27.0059     2.784    -5.909                                 KURHFS 
  4243.908   27.0059     2.784    -5.694                                 KURHFS 
  4243.911   27.0059     2.784    -5.617                                 KURHFS 
  4243.911 106.00112     1.723    -1.326               3.464            AX22R265
  4243.912   27.0059     2.784    -5.973                                 KURHFS 
  4243.914   27.0059     2.784    -5.606                                 KURHFS 
  4243.914   27.0059     2.784    -5.752                                 KURHFS 
  4243.915   27.0059     2.784    -5.649                                 KURHFS 
  4243.924      90.1     1.166     -1.20                              Nils02/12%
  4243.994      73.0     1.393     -1.78                                        
  4244.003 106.00112     1.723    -3.718               3.464            AX22Q265
  4244.039 106.00112     1.796    -1.330               3.464            AX22R275
  4244.065 106.00112     1.723    -1.326               3.464            AX22R255
  4244.069 106.00112     1.796    -1.327               3.464            AX22R265
  4244.082      20.0     4.440     -2.25                                        
  4244.130 106.00112     1.796    -3.783               3.464            AX22Q275
  4244.134      25.1     5.344     -3.27                                        
  4244.140      20.0     6.003     -2.83                                        
  4244.202 607.01214     3.036    -2.565               7.724          1213Pb0025
  4244.208 607.01214     3.036    -3.714               7.724          1213Qc0025
  4244.218 607.01214     3.036    -2.410               7.724          1213Pa0035
  4244.224 106.00112     1.209    -4.166               3.464            AX33R125
  4244.227      20.0     4.677     -2.22                                        
  4244.242      23.0     2.676     -2.32                                        
  4244.244      26.0     4.368     -2.19                                        
  4244.248      25.1     5.369     -2.40                                        
  4244.248      62.0     0.036     -1.75                                        
  4244.249      27.1     5.085     -1.89                                        
  4244.309 106.00112     1.199    -1.379               3.464            AX22R185
  4244.315 106.00113     1.205    -4.166               3.464            AX33R125
  4244.323 106.00113     1.194    -1.379               3.464            AX22R185
  4244.352      24.0     3.854     -1.80                                        
  4244.367      74.0     0.771     -1.39                                        
  4244.373      92.1     0.000     -1.28                                        
  4244.376      25.0     5.083     -2.97                                        
  4244.378 106.00112     1.199    -1.396               3.464            AX22R175
  4244.383 106.00112     1.199    -3.537               3.464            AX22Q185
  4244.384 106.00113     1.607    -5.289               3.464            AX54P145
  4244.387      24.0     4.443     -2.23                                        
  4244.408 106.00113     1.194    -3.537               3.464            AX22Q185
  4244.415 106.00113     1.194    -1.396               3.464            AX22R175
  4244.440      45.0     1.279     -2.15                              DL85/NI/C 
  4244.541      26.1     2.340     -6.21                                        
  4244.635      24.1     5.489     -4.65                                        
  4244.700      62.1     0.277     -0.81                              Lawler06  
  4244.720      25.0     4.824     -3.14                                        
  4244.741      63.0     1.617     -0.36                                        
  4244.741 106.00113     1.791    -1.331               3.464            AX22R275
  4244.744      20.0     5.878     -2.86                                        
  4244.747      42.1     4.496     -1.00                                        
  4244.757 106.00112     1.705    -4.325               3.464            AX54Q165
  4244.769 106.00112     1.705    -2.391               3.464            AX54P175
  4244.770      24.0     3.887     -2.27                                        
  4244.779      28.1     4.029     -3.11                                        
  4244.793      24.0     4.093     -2.77                                        
  4244.803      42.0     3.196     -1.49                                        
  4244.806 106.00112     1.705    -2.449               3.464            AX54P165
  4244.830 607.01214     3.038    -2.410               7.724          1213Pb0035
  4244.833      44.0     2.006     -1.00                                        
  4244.837 607.01214     3.038    -3.845               7.724          1213Qc0035
  4244.852 607.01214     3.038    -2.298               7.724          1213Pa0045
  4244.858      22.0     1.979     -3.87                                        
  4244.884 106.00113     1.791    -3.742               3.464            AX22Q275
  4244.956      24.0     3.695     -3.06                                        
  4244.963      60.1     0.204     -1.03                                        
  4244.991 106.00113     1.865    -1.339               3.464            AX22R285
  4244.999 106.00113     1.791    -1.328               3.464            AX22R265
  4245.044 106.00112     1.143    -1.413               3.464            AX22R165
  4245.048      23.1     1.671     -6.42                                        
  4245.061      24.0     4.436     -0.47                                        
  4245.084 106.00112     1.143    -1.394               3.464            AX22R175
  4245.132 106.00113     1.138    -1.413               3.464            AX22R165
  4245.144 106.00113     1.138    -1.394               3.464            AX22R175
  4245.153      26.0     4.073     -2.18                                        
  4245.153 106.00112     1.143    -3.540               3.464            AX22Q175
  4245.156      28.0     4.415     -2.79                                        
  4245.159 106.00113     1.865    -1.332               3.464            AX22R275
  4245.165      72.0     1.113     -1.46                                        
  4245.170      62.1     0.248     -1.47                              Lawler06  
  4245.184      26.0     4.730     -3.33                                        
  4245.189 106.00113     1.865    -3.809               3.464            AX22Q285
  4245.234 106.00113     1.138    -3.540               3.464            AX22Q175
  4245.237      23.0     1.042     -5.03                                        
  4245.257      26.0     2.858     -1.14                              NIST/D+   
  4245.260      22.0     1.748     -4.17                                        
  4245.342      64.0     0.880     -0.12                                        
  4245.344      26.0     3.332     -1.43                              DenHarto14
  4245.344      73.0     1.393     -1.11                                        
  4245.361      26.0     4.151     -2.92                                        
  4245.373 106.00112     1.796    -5.896               3.464            AX32P265
  4245.401      26.0     3.045     -4.70                                        
  4245.458 106.00113     1.748    -4.289               3.464            AX54Q175
  4245.459      26.1     6.133     -3.92                                        
  4245.471 607.01214     3.040    -2.298               7.724          1213Pb0045
  4245.478 607.01214     3.040    -3.945               7.724          1213Qc0045
  4245.489 106.00113     1.748    -2.394               3.464            AX54P175
  4245.492      24.0     3.099     -5.56                                        
  4245.498 607.01214     3.040    -2.209               7.724          1213Pa0055
  4245.505      22.0     2.235     -0.94                                 LAWLER 
  4245.538 106.00113     1.748    -2.337               3.464            AX54P185
  4245.655      20.0     5.987     -4.54                                        
  4245.656 106.00113     1.911    -4.173               3.464            AX54R205
  4245.663      25.0     4.329     -2.98                                        
  4245.708 106.00113     1.911    -1.776               3.464            AX54Q205
  4245.718 106.00113     1.911    -1.736               3.464            AX54Q215
  4245.743      24.0     4.444     -2.33                                        
  4245.770 106.00113     1.911    -4.340               3.464            AX54P215
  4245.797      58.1     0.459     -0.99                                BIEMONT 
  4245.827      25.1     6.489     -4.16                                        
  4245.845      72.1     2.495     -0.57                                        
  4245.852 106.00112     0.389    -3.793               3.464            AX11R055
  4245.878      58.1     0.721     -0.52                                BIEMONT 
  4245.897      20.0     4.776     -3.93                                        
  4245.910      66.0     1.354      0.73                                        
  4245.922      25.1     5.344     -2.98                                        
  4245.973      58.1     0.529     -0.48                              Lawler09  
  4246.013      26.0     3.271     -2.17                                        
  4246.018      42.0     3.163     -0.15                              NIST/B    
  4246.031 106.00112     0.389    -3.774               3.464            AX11R055
  4246.072      20.0     5.879     -4.39                                        
  4246.085      26.0     3.642     -1.10                              NIST/C+   
  4246.111      22.0     2.406     -1.76                                        
  4246.120 607.01214     3.043    -2.209               7.724          1213Pb0055
  4246.131 607.01214     3.043    -4.027               7.724          1213Qc0055
  4246.133 106.00113     0.388    -3.793               3.464            AX11R055
  4246.150 607.01214     3.043    -2.136               7.724          1213Pa0065
  4246.160      24.0     4.437     -0.03                                        
  4246.174      22.0     2.248     -5.11                                        
  4246.207      23.0     2.503     -6.23                                        
  4246.260      92.0     0.000     -0.69                                        
  4246.285      41.0     1.079     -0.97                                        
  4246.308 106.00113     0.388    -3.774               3.464            AX11R055
  4246.341      44.0     1.821     -0.62                                        
  4246.351      24.0     2.985     -4.06                                        
  4246.355 106.00112     0.958    -6.086               3.464            BX11R195
  4246.390      62.1     0.248     -2.64                              Lawler06  
  4246.390      69.1     1.110     -2.02                              Wickliff97
  4246.395      58.1     0.892     -0.80                                        
  4246.409      24.1     3.851     -3.22                                        
  4246.525      23.0     2.676     -4.89                                        
  4246.570      64.1     1.133     -0.64                              DenHarto06
  4246.595      26.0     3.428     -4.31                                        
  4246.613      23.1     1.686     -5.12                                        
  4246.616      22.0     3.137     -3.92                                        
  4246.624      25.1     6.860     -5.39                                        
  4246.709      23.0     1.710     -0.89                                        
  4246.713      58.1     0.265     -0.56                              Lawler09  
  4246.736      44.0     2.485      0.34                                        
  4246.781 607.01214     3.045    -2.136               7.724          1213Pb0065
  4246.786      26.0     2.586     -5.00                                        
  4246.786 106.00112     1.144    -1.394               3.464            AX22R175
  4246.795 607.01214     3.045    -4.096               7.724          1213Qc0065
  4246.798 106.00112     2.167    -6.362               3.464            CX04R255
  4246.813   21.1045     0.315    -0.385                              LAWKURHFS 
  4246.813   21.1045     0.315    -0.955                              LAWKURHFS 
  4246.818 106.00113     1.140    -1.394               3.464            AX22R175
  4246.820   21.1045     0.315    -0.783                              LAWKURHFS 
  4246.820   21.1045     0.315    -0.797                              LAWKURHFS 
  4246.820   21.1045     0.315    -0.955                              LAWKURHFS 
  4246.820 607.01214     3.045    -2.074               7.724          1213Pa0075
  4246.822      75.0     4.277      0.37                                        
  4246.826   21.1045     0.315    -0.797                              LAWKURHFS 
  4246.826   21.1045     0.315    -0.808                              LAWKURHFS 
  4246.826   21.1045     0.315    -1.479                              LAWKURHFS 
  4246.831   21.1045     0.315    -0.808                              LAWKURHFS 
  4246.831   21.1045     0.315    -0.981                              LAWKURHFS 
  4246.831   21.1045     0.315    -2.905                              LAWKURHFS 
  4246.834   21.1045     0.315    -0.981                              LAWKURHFS 
  4246.834   21.1045     0.315    -1.157                              LAWKURHFS 
  4246.837 106.00112     1.144    -1.413               3.464            AX22R165
  4246.854 106.00112     1.144    -3.512               3.464            AX22Q175
  4246.889 106.00113     1.140    -1.413               3.464            AX22R165
  4246.890      60.1     0.064     -1.79                              DenHarto03
  4246.896 106.00113     1.140    -3.512               3.464            AX22Q175
  4246.939 106.00112     2.167   -10.737               3.464            CX04Q255
  4246.945      25.1     6.489     -4.89                                        
  4246.997 106.00112     2.167    -6.534               3.464            CX04R245
  4247.044      25.1     5.544     -6.52                                        
  4247.149      26.0     4.140     -3.13                                        
  4247.188      24.0     2.985     -4.38                                        
  4247.258 106.00113     1.749    -2.337               3.464            AX54P185
  4247.262 106.00113     1.749    -4.320               3.464            AX54Q175
  4247.290 106.00113     1.749    -2.394               3.464            AX54P175
  4247.294      26.0     3.632     -2.99                                        
  4247.306      26.0     2.453     -2.71                              NIST/C+   
  4247.344      66.1     1.570     -0.40                                        
  4247.370      60.1     0.000     -0.21                              DenHarto03
  4247.390      62.1     0.188     -1.96                              Lawler06  
  4247.422      26.1     4.476     -8.14                                        
  4247.426      26.0     3.368     -0.24                              NIST/B    
  4247.447      58.1     0.417     -1.35                              Lawler09  
  4247.454 607.01214     3.049    -2.074               7.724          1213Pb0075
  4247.471 607.01214     3.049    -4.156               7.724          1213Qc0075
  4247.472      25.0     3.380     -3.77                                        
  4247.491      22.0     3.109     -1.22                                        
  4247.498 607.01214     3.049    -2.020               7.724          1213Pa0085
  4247.514      24.0     2.985     -5.44                                        
  4247.549      24.0     3.889     -3.45                                        
  4247.555      24.0     3.094     -6.28                                        
  4247.556 106.00112     0.559    -1.514               3.464            AX11R105
  4247.588 106.00112     1.798    -1.330               3.464            AX22R275
  4247.599      90.1     0.556     -2.37                                        
  4247.630      59.1     0.055     -0.56                                LINOHFS 
  4247.642      23.1     5.476     -2.30                                        
  4247.654      22.0     2.394     -4.18                                        
  4247.666   23.0051     1.217    -6.307                                 KURHFS 
  4247.666   23.0051     1.217    -6.562                                 KURHFS 
  4247.666   23.0051     1.217    -6.592                                 KURHFS 
  4247.668   23.0051     1.217    -6.119                                 KURHFS 
  4247.668   23.0051     1.217    -6.174                                 KURHFS 
  4247.668   23.0051     1.217    -6.562                                 KURHFS 
  4247.670   23.0051     1.217    -5.919                                 KURHFS 
  4247.670   23.0051     1.217    -6.028                                 KURHFS 
  4247.670   23.0051     1.217    -6.613                                 KURHFS 
  4247.673   23.0051     1.217    -5.721                                 KURHFS 
  4247.673   23.0051     1.217    -6.006                                 KURHFS 
  4247.673   23.0051     1.217    -6.738                                 KURHFS 
  4247.676   23.0051     1.217    -5.557                                 KURHFS 
  4247.676   23.0051     1.217    -6.060                                 KURHFS 
  4247.676   23.0051     1.217    -6.960                                 KURHFS 
  4247.679      25.0     4.636     -1.67                                        
  4247.680   23.0051     1.217    -5.416                                 KURHFS 
  4247.680   23.0051     1.217    -6.256                                 KURHFS 
  4247.680   23.0051     1.217    -7.370                                 KURHFS 
  4247.680 106.00112     1.798    -3.741               3.464            AX22Q275
  4247.703      22.0     2.406     -2.69                                        
  4247.703      24.0     2.913     -3.90                                        
  4247.724 106.00112     0.559    -1.479               3.464            AX11R115
  4247.746 106.00112     1.798    -1.327               3.464            AX22R265
  4247.750 106.00112     0.559    -3.320               3.464            AX11Q115
  4247.752      25.0     4.191     -1.97                                        
  4247.782      24.0     3.407     -4.69                                        
  4247.797      20.0     5.881     -5.68                                        
  4247.805      22.0     1.995     -3.63                                        
  4247.812 106.00113     0.556    -1.514               3.464            AX11R105
  4247.884      22.0     1.501     -3.34                                        
  4247.901 106.00113     1.913    -1.736               3.464            AX54Q215
  4247.914      26.0     4.431     -3.68                                        
  4247.925      26.0     4.442     -2.84                                        
  4247.935 106.00113     1.913    -4.199               3.464            AX54R205
  4247.950      25.1     5.376     -3.38                                        
  4247.957 106.00113     1.913    -4.317               3.464            AX54P215
  4247.979 106.00113     0.556    -1.479               3.464            AX11R115
  4247.989      90.1     1.140     -1.09                                        
  4247.990 106.00113     1.913    -1.776               3.464            AX54Q205
  4248.003 106.00113     0.556    -3.320               3.464            AX11Q115
  4248.021 106.00112     1.091    -1.433               3.464            AX22R155
  4248.076 106.00112     1.091    -1.411               3.464            AX22R165
  4248.091      20.0     4.776     -4.26                                        
  4248.094      58.1     1.273     -0.50                                        
  4248.108 106.00113     1.087    -1.433               3.464            AX22R155
  4248.138 607.01214     3.052    -2.020               7.724          1213Pb0085
  4248.139 106.00112     1.091    -3.512               3.464            AX22Q165
  4248.140 106.00113     1.087    -1.411               3.464            AX22R165
  4248.143      44.0     1.865     -1.26                                        
  4248.150      62.1     0.659     -2.21                              Lawler06  
  4248.160 607.01214     3.052    -4.210               7.724          1213Qc0085
  4248.191 607.01214     3.052    -1.973               7.724          1213Pa0095
  4248.220 106.00113     1.087    -3.512               3.464            AX22Q165
  4248.224      26.0     3.071     -1.29                              NIST/C+   
  4248.231      20.0     4.440     -4.97                                        
  4248.252      23.1     6.453     -2.78                                        
  4248.266   23.0051     2.113    -2.842                                 KURHFS 
  4248.266   23.0051     2.113    -2.983                                 KURHFS 
  4248.266   23.0051     2.113    -3.147                                 KURHFS 
  4248.266   23.0051     2.113    -3.345                                 KURHFS 
  4248.266   23.0051     2.113    -3.432                                 KURHFS 
  4248.266   23.0051     2.113    -3.454                                 KURHFS 
  4248.266   23.0051     2.113    -3.486                                 KURHFS 
  4248.266   23.0051     2.113    -3.545                                 KURHFS 
  4248.266   23.0051     2.113    -3.600                                 KURHFS 
  4248.266   23.0051     2.113    -3.682                                 KURHFS 
  4248.266   23.0051     2.113    -3.733                                 KURHFS 
  4248.266   23.0051     2.113    -3.988                                 KURHFS 
  4248.266   23.0051     2.113    -3.988                                 KURHFS 
  4248.266   23.0051     2.113    -4.018                                 KURHFS 
  4248.266   23.0051     2.113    -4.039                                 KURHFS 
  4248.266   23.0051     2.113    -4.164                                 KURHFS 
  4248.266   23.0051     2.113    -4.386                                 KURHFS 
  4248.266   23.0051     2.113    -4.796                                 KURHFS 
  4248.280      66.1     1.850     -1.52                              Wickliff00
  4248.330      24.0     3.008     -1.28                                        
  4248.402      26.0     1.010     -5.08                                        
  4248.424 106.00112     0.559    -1.514               3.464            AX11R105
  4248.452 106.00113     1.868    -1.340               3.464            AX22R285
  4248.456      66.1     1.777     -0.46                                        
  4248.502      24.0     4.096     -1.82                                        
  4248.513      25.1     5.490     -4.32                                        
  4248.526 106.00112     0.559    -1.479               3.464            AX11R115
  4248.552      15.0     6.949     -4.00                                        
  4248.555 106.00112     0.559    -3.302               3.464            AX11Q115
  4248.583      22.0     3.158     -2.95                                        
  4248.601 106.00113     1.868    -3.767               3.464            AX22Q285
  4248.652      23.1     3.793     -3.09                                        
  4248.652      41.0     0.019     -1.85                                        
  4248.671      58.1     0.683      0.18                              Lawler09  
  4248.671 106.00113     0.557    -1.514               3.464            AX11R105
  4248.699      24.0     2.980     -2.76                                        
  4248.716      26.0     3.692     -4.38                                        
  4248.726 106.00113     1.868    -1.332               3.464            AX22R275
  4248.729 106.00112     0.191    -1.508               3.464            AX00R095
  4248.742      26.0     3.036     -6.54                                        
  4248.743      24.0     3.110     -2.13                                        
  4248.777 106.00113     0.557    -1.479               3.464            AX11R115
  4248.784 106.00112     1.872    -1.339               3.464            AX22R285
  4248.797      23.0     2.682     -1.60                                        
  4248.798 106.00113     0.557    -3.302               3.464            AX11Q115
  4248.811      23.1     1.674     -2.87                                        
  4248.813 106.00112     1.872    -1.331               3.464            AX22R275
  4248.834 607.01214     3.057    -1.973               7.724          1213Pb0095
  4248.854   23.0051     1.858    -5.116                                 KURHFS 
  4248.854   23.0051     1.858    -5.568                                 KURHFS 
  4248.854   23.0051     1.858    -6.568                                 KURHFS 
  4248.861   23.0051     1.858    -4.998                                 KURHFS 
  4248.861   23.0051     1.858    -5.357                                 KURHFS 
  4248.861   23.0051     1.858    -6.361                                 KURHFS 
  4248.862 607.01214     3.057    -4.258               7.724          1213Qc0095
  4248.870   23.0051     1.858    -4.880                                 KURHFS 
  4248.870   23.0051     1.858    -5.261                                 KURHFS 
  4248.870   23.0051     1.858    -6.333                                 KURHFS 
  4248.874 106.00112     1.872    -3.809               3.464            AX22Q285
  4248.881   23.0051     1.858    -4.768                                 KURHFS 
  4248.881   23.0051     1.858    -5.225                                 KURHFS 
  4248.881   23.0051     1.858    -6.413                                 KURHFS 
  4248.895   23.0051     1.858    -4.664                                 KURHFS 
  4248.895   23.0051     1.858    -5.241                                 KURHFS 
  4248.895   23.0051     1.858    -6.605                                 KURHFS 
  4248.895 607.01214     3.057    -1.930               7.724          1213Pa0105
  4248.899      26.0     3.298     -6.57                                        
  4248.903      20.0     6.041     -1.55                                        
  4248.910   23.0051     1.858    -4.568                                 KURHFS 
  4248.910   23.0051     1.858    -5.323                                 KURHFS 
  4248.910   23.0051     1.858    -6.994                                 KURHFS 
  4248.928   23.0051     1.858    -4.478                                 KURHFS 
  4248.928   23.0051     1.858    -5.541                                 KURHFS 
  4248.937 106.00112     0.191    -1.469               3.464            AX00R105
  4248.949   23.0051     1.858    -4.394                                 KURHFS 
  4248.952 106.00112     0.191    -3.256               3.464            AX00Q105
  4248.956      29.0     5.073     -0.97                                        
  4249.012      24.0     2.985     -5.71                                        
  4249.037      20.0     6.041     -2.70                                        
  4249.039 106.00113     0.190    -1.508               3.464            AX00R095
  4249.042 106.00112     4.200    -2.589               3.464            CX05Q495
  4249.052 106.00112     1.798    -5.968               3.464            AX32P265
  4249.077      59.1     0.000     -1.52                                        
  4249.091      23.1     5.835     -3.89                                        
  4249.095      20.0     6.041     -2.31                                        
  4249.112      22.0     2.295     -0.30                                        
  4249.194      20.0     5.989     -5.47                                        
  4249.199      26.0     4.383     -2.70                                        
  4249.248 106.00113     0.190    -1.469               3.464            AX00R105
  4249.260 106.00113     0.190    -3.256               3.464            AX00Q105
  4249.308      22.0     1.738     -3.04                                        
  4249.322      26.0     2.422     -3.14                                        
  4249.370      22.0     2.776     -1.55                                        
  4249.412      11.0     2.101     -3.33                                        
  4249.450 106.00112     1.172    -4.165               3.464            AX33R115
  4249.456      41.0     0.000     -1.47                                        
  4249.456      74.0     1.654     -1.38                                        
  4249.480      59.1     0.371     -1.13                                LINOHFS 
  4249.480 106.00113     1.168    -4.165               3.464            AX33R115
  4249.491 106.00112     0.191    -1.508               3.464            AX00R095
  4249.536      62.1     0.333     -1.49                                        
  4249.544 607.01214     3.061    -1.930               7.724          1213Pb0105
  4249.577 607.01214     3.061    -4.302               7.724          1213Qc0105
  4249.584      26.0     2.557     -3.30                                        
  4249.597 106.00113     1.944    -1.355               3.464            AX22R295
  4249.609 106.00112     1.092    -1.411               3.464            AX22R165
  4249.613 607.01214     3.061    -1.892               7.724          1213Pa0115
  4249.618 106.00113     1.933    -5.318               3.464            AX50R355
  4249.639 106.00112     0.192    -1.469               3.464            AX00R105
  4249.640 106.00112     1.092    -1.433               3.464            AX22R155
  4249.650 106.00113     1.088    -1.411               3.464            AX22R165
  4249.652 106.00112     0.192    -3.240               3.464            AX00Q105
  4249.655 106.00113     1.789    -5.895               3.464            AX32P265
  4249.671 106.00112     1.092    -3.486               3.464            AX22Q165
  4249.679      90.1     0.971     -1.58                              Nils02/10%
  4249.697 106.00113     1.088    -1.433               3.464            AX22R155
  4249.708      24.0     3.823     -1.12                                        
  4249.720 106.00113     1.088    -3.486               3.464            AX22Q165
  4249.780 106.00113     1.944    -1.341               3.464            AX22R285
  4249.791 106.00113     0.190    -1.508               3.464            AX00R095
  4249.806 106.00113     1.944    -3.838               3.464            AX22Q295
  4249.824   27.0059     3.927    -5.994                                 KURHFS 
  4249.824   27.0059     3.927    -6.061                                 KURHFS 
  4249.824   27.0059     3.927    -6.693                                 KURHFS 
  4249.830   27.0059     3.927    -5.798                                 KURHFS 
  4249.830   27.0059     3.927    -5.798                                 KURHFS 
  4249.830   27.0059     3.927    -6.538                                 KURHFS 
  4249.838   27.0059     3.927    -5.594                                 KURHFS 
  4249.838   27.0059     3.927    -5.693                                 KURHFS 
  4249.838   27.0059     3.927    -6.538                                 KURHFS 
  4249.843      24.0     3.102     -0.76                                        
  4249.850   27.0059     3.927    -5.424                                 KURHFS 
  4249.850   27.0059     3.927    -5.646                                 KURHFS 
  4249.850   27.0059     3.927    -6.635                                 KURHFS 
  4249.865   27.0059     3.927    -5.278                                 KURHFS 
  4249.865   27.0059     3.927    -5.652                                 KURHFS 
  4249.865   27.0059     3.927    -6.839                                 KURHFS 
  4249.883   27.0059     3.927    -5.149                                 KURHFS 
  4249.883   27.0059     3.927    -5.725                                 KURHFS 
  4249.883   27.0059     3.927    -7.237                                 KURHFS 
  4249.904   27.0059     3.927    -5.033                                 KURHFS 
  4249.904   27.0059     3.927    -5.936                                 KURHFS 
  4249.928   27.0059     3.927    -4.928                                 KURHFS 
  4249.939 106.00113     0.190    -1.469               3.464            AX00R105
  4249.952 106.00113     0.190    -3.240               3.464            AX00Q105
  4249.978      57.1     1.945     -0.34                                        
  4249.986 106.00113     1.707    -5.567               3.464            AX43P215
  4250.016      20.0     6.007     -4.83                                        
  4250.054      26.0     4.151     -3.92                                        
  4250.120      26.0     2.469     -0.41                              NIST/B    
  4250.139      27.1     5.065     -3.18                                        
  4250.145      26.0     4.412     -3.16                                        
  4250.188      26.0     2.402     -5.46                                        
  4250.194 106.00112     1.173    -4.129               3.464            AX33R115
  4250.227 106.00113     1.169    -4.129               3.464            AX33R115
  4250.263 607.01214     3.066    -1.892               7.724          1213Pb0115
  4250.270      64.0     0.841     -0.53                                        
  4250.305 607.01214     3.066    -4.342               7.724          1213Qc0115
  4250.343      90.1     0.556     -4.00                                        
  4250.345      59.1     1.338      0.12                                        
  4250.346 607.01214     3.066    -1.858               7.724          1213Pa0125
  4250.450      25.0     5.334     -3.34                                        
  4250.535      25.0     4.602     -3.51                                        
  4250.538      25.0     4.341     -1.29                                        
  4250.538      25.0     4.341     -3.93                                        
  4250.570      22.0     2.316     -0.09                                        
  4250.645      22.1     4.947     -1.27                                        
  4250.649      58.1     0.495     -1.57                                        
  4250.687      42.1     3.140     -1.00                                        
  4250.692      58.1     0.792     -1.48                              Lawler09  
  4250.717 106.00112     1.860    -4.161               3.464            AX54R195
  4250.726      26.0     4.188     -4.11                                        
  4250.734      25.0     4.636     -2.43                                        
  4250.786      22.0     2.015     -3.67                                        
  4250.787      26.0     1.557     -0.71                              NIST/B+   
  4250.795 106.00112     1.861    -1.767               3.464            AX54Q205
  4250.796 106.00112     1.860    -1.814               3.464            AX54Q195
  4250.866      28.0     3.191     -5.53                                        
  4250.869      24.0     3.090     -3.16                                        
  4250.874 106.00112     1.861    -4.347               3.464            AX54P205
  4250.892      26.0     3.069     -2.20                                        
  4250.904      25.1     5.563     -3.28                                        
  4250.906      24.0     2.706     -5.52                                        
  4250.924      26.0     4.590     -3.30                                        
  4250.932      21.0     4.531     -1.53                                        
  4250.932      21.0     4.531     -2.71                                        
