a line list in the range:    4359.00   4371.00
  4359.026 106.00113     1.169    -3.402               3.464            AX33P115
  4359.027 106.00113     1.169    -1.378               3.464            AX33Q115
  4359.064      58.1     1.091     -0.72                              Lawler09  
  4359.087      26.1     6.214     -4.41                                        
  4359.117      22.1     4.891     -4.29                                        
  4359.136 106.00113     0.521    -1.735               3.464            AX11P105
  4359.139 106.00112     0.410    -5.329               3.464            BX01P065
  4359.150 106.00113     0.190    -1.735               3.464            AX00P095
  4359.152      64.1     0.556     -1.72                                        
  4359.167 106.00113     0.190    -3.332               3.464            AX00Q095
  4359.174 106.00112     0.410    -2.738               3.464            BX01Q065
  4359.180      22.1     5.643     -1.30                                        
  4359.192      26.0     4.188     -2.30                                        
  4359.240      60.1     0.559     -1.20                              DenHarto03
  4359.271      23.0     2.579     -3.00                                        
  4359.342 106.00112     0.523    -1.777               3.464            AX11P095
  4359.354 106.00112     0.523    -3.368               3.464            AX11Q095
  4359.372      90.0     1.304     -0.32                                        
  4359.401 106.00113     0.190    -1.692               3.464            AX00P105
  4359.483 106.00112     0.191    -1.734               3.464            AX00P095
  4359.497 106.00112     1.173    -3.375               3.464            AX33R105
  4359.500 106.00112     0.191    -3.332               3.464            AX00Q095
  4359.503 106.00113     1.868    -1.055               3.464            AX22Q285
  4359.504 106.00112     1.173    -1.414               3.464            AX33Q105
  4359.518      23.1     1.702     -4.40                                        
  4359.518 106.00112     0.523    -1.735               3.464            AX11P105
  4359.520   23.0051     2.364    -4.777                                 KURHFS 
  4359.521   23.0051     2.364    -4.492                                 KURHFS 
  4359.521   23.0051     2.364    -4.747                                 KURHFS 
  4359.522   23.0051     2.364    -4.304                                 KURHFS 
  4359.522   23.0051     2.364    -4.747                                 KURHFS 
  4359.522   23.0051     2.364    -4.798                                 KURHFS 
  4359.524   23.0051     2.364    -4.213                                 KURHFS 
  4359.524   23.0051     2.364    -4.359                                 KURHFS 
  4359.524   23.0051     2.364    -4.923                                 KURHFS 
  4359.526   23.0051     2.364    -4.104                                 KURHFS 
  4359.526   23.0051     2.364    -4.191                                 KURHFS 
  4359.526   23.0051     2.364    -5.145                                 KURHFS 
  4359.529   23.0051     2.364    -3.906                                 KURHFS 
  4359.529   23.0051     2.364    -4.245                                 KURHFS 
  4359.529   23.0051     2.364    -5.555                                 KURHFS 
  4359.533   23.0051     2.364    -3.742                                 KURHFS 
  4359.533   23.0051     2.364    -4.441                                 KURHFS 
  4359.537   23.0051     2.364    -3.601                                 KURHFS 
  4359.575 106.00113     1.204    -3.400               3.464            AX33R115
  4359.577      28.0     3.396     -0.94                              Wood14    
  4359.609      42.0     3.273     -0.98                                        
  4359.610   23.0051     2.377    -2.942                                 KURHFS 
  4359.610   23.0051     2.377    -3.353                                 KURHFS 
  4359.610 106.00113     1.204    -1.378               3.464            AX33Q115
  4359.618   23.0051     2.377    -3.239                                 KURHFS 
  4359.618   23.0051     2.377    -3.353                                 KURHFS 
  4359.618   23.0051     2.377    -3.558                                 KURHFS 
  4359.619 106.00112     1.173    -1.378               3.464            AX33Q115
  4359.623   23.0051     2.377    -3.239                                 KURHFS 
  4359.623   23.0051     2.377    -3.364                                 KURHFS 
  4359.625      24.0     0.982     -1.27                                 SOBECK 
  4359.626 106.00112     1.173    -3.401               3.464            AX33P115
  4359.628   23.0051     2.377    -3.364                                 KURHFS 
  4359.628   23.0051     2.377    -3.540                                 KURHFS 
  4359.632      25.0     4.675     -1.55                                        
  4359.635 106.00113     1.868    -3.830               3.464            AX22R275
  4359.640      64.1     1.156     -1.36                              DenHarto06
  4359.660      26.0     3.299     -7.33                                        
  4359.702 106.00113     1.868    -3.788               3.464            AX22P285
  4359.730      40.1     1.236     -0.51                                Ljung06 
  4359.734 106.00112     0.191    -1.692               3.464            AX00P105
  4359.737 106.00113     1.204    -1.345               3.464            AX33Q125
  4359.773 106.00113     1.204    -3.450               3.464            AX33P125
  4359.786      26.1     6.221     -2.59                                        
  4359.790      59.1     0.629     -0.35                                LINOHFS 
  4359.807 106.00113     2.031    -4.258               3.464            AX54Q225
  4359.822      25.0     4.709     -1.69                                        
  4359.833 106.00113     1.868    -1.054               3.464            AX22Q275
  4359.855      41.0     1.120     -1.23                                        
  4359.863 106.00113     2.031    -2.094               3.464            AX54P235
  4359.873 106.00113     2.031    -2.133               3.464            AX54P225
  4359.880      26.0     3.879     -3.38                                        
  4359.910      24.0     2.980     -4.16                                        
  4359.923 106.00113     0.348    -3.208               3.464            BX01P025
  4359.927      69.0     0.000     -0.67                                        
  4359.943 106.00113     0.190    -1.734               3.464            AX00P095
  4359.960 106.00113     0.190    -3.349               3.464            AX00Q095
  4359.991      24.0     3.367     -0.96                                        
  4360.022      26.1     4.728     -3.88                                        
  4360.052 106.00113     0.431    -2.739               3.464            BX01Q065
  4360.091 106.00113     0.431    -5.396               3.464            BX01R065
  4360.130 106.00113     0.190    -1.692               3.464            AX00P105
  4360.141      24.0     2.985     -2.72                                        
  4360.169      58.1     0.808     -0.97                              Lawler09  
  4360.176      21.0     4.950     -3.81                                        
  4360.216      20.0     4.760     -1.93                                        
  4360.227 106.00112     1.208    -3.399               3.464            AX33R115
  4360.246 106.00112     1.208    -1.378               3.464            AX33Q115
  4360.266      26.0     4.603     -2.30                                        
  4360.288 106.00112     0.191    -1.734               3.464            AX00P095
  4360.302 106.00112     0.191    -3.349               3.464            AX00Q095
  4360.339 106.00113     0.432    -5.402               3.464            BX01P075
  4360.378 106.00113     0.432    -2.670               3.464            BX01Q075
  4360.395 106.00112     1.208    -1.345               3.464            AX33Q125
  4360.414 106.00112     1.208    -3.450               3.464            AX33P125
  4360.418      58.1     0.969     -1.24                                        
  4360.431      23.0     2.636     -6.45                                        
  4360.440 106.00113     0.052    -4.199               3.464            AX00P045
  4360.448      58.1     1.026     -1.03                                        
  4360.473 106.00112     0.192    -1.692               3.464            AX00P105
  4360.482      22.0     2.173     -0.34                                        
  4360.500      22.0     3.196     -2.39                                        
  4360.511 106.00112     0.348    -3.223               3.464            BX01P015
  4360.520 106.00112     0.348    -5.788               3.464            BX01Q015
  4360.575      23.0     1.802     -0.93                                        
  4360.602 106.00113     1.205    -3.415               3.464            AX33R115
  4360.610 106.00113     1.205    -1.378               3.464            AX33Q115
  4360.633   59.1141     0.633    -5.296                                 LI/LAW 
  4360.637   59.1141     0.633    -5.113                                 LI/LAW 
  4360.642   59.1141     0.633    -5.175                                 LI/LAW 
  4360.649   59.1141     0.633    -3.722                                 LI/LAW 
  4360.649   59.1141     0.633    -5.484                                 LI/LAW 
  4360.656   59.1141     0.633    -3.524                                 LI/LAW 
  4360.662   59.1141     0.633    -2.631                                 LI/LAW 
  4360.664   59.1141     0.633    -3.473                                 LI/LAW 
  4360.667 106.00113     0.052    -4.215               3.464            AX00P045
  4360.672   59.1141     0.633    -2.563                                 LI/LAW 
  4360.674   59.1141     0.633    -3.520                                 LI/LAW 
  4360.683   59.1141     0.633    -2.494                                 LI/LAW 
  4360.685   59.1141     0.633    -3.718                                 LI/LAW 
  4360.696   59.1141     0.633    -2.426                                 LI/LAW 
  4360.704 106.00113     1.205    -1.346               3.464            AX33Q125
  4360.710      62.1     0.248     -0.87                              Lawler06  
  4360.710   59.1141     0.633    -2.360                                 LI/LAW 
  4360.713 106.00113     1.205    -3.437               3.464            AX33P125
  4360.725   59.1141     0.633    -2.295                                 LI/LAW 
  4360.764      26.0     4.188     -1.74                                        
  4360.773   27.0059     2.540    -4.581                                 KURHFS 
  4360.773   27.0059     2.540    -4.581                                 KURHFS 
  4360.773   27.0059     2.540    -4.882                                 KURHFS 
  4360.790 106.00112     0.052    -4.199               3.464            AX00P045
  4360.792      73.0     1.324     -1.67                                        
  4360.796   27.0059     2.540    -4.417                                 KURHFS 
  4360.796   27.0059     2.540    -4.443                                 KURHFS 
  4360.796   27.0059     2.540    -4.757                                 KURHFS 
  4360.803      26.0     3.642     -1.84                              NIST/D    
  4360.815      40.0     0.519     -0.97                                        
  4360.816      60.1     1.140     -0.64                                        
  4360.819      25.0     4.709     -3.14                                        
  4360.826   27.0059     2.540    -4.160                                 KURHFS 
  4360.826   27.0059     2.540    -4.409                                 KURHFS 
  4360.826   27.0059     2.540    -5.007                                 KURHFS 
  4360.844      23.0     2.614     -4.36                                        
  4360.863 106.00112     2.165   -10.444               3.464            CX04R245
  4360.865   27.0059     2.540    -3.944                                 KURHFS 
  4360.865   27.0059     2.540    -4.570                                 KURHFS 
  4360.865   27.0059     2.540    -5.435                                 KURHFS 
  4360.920      64.1     0.425     -1.10                              DenHarto06
  4360.921 106.00112     2.165    -6.675               3.464            CX04Q255
  4360.962      24.0     3.432     -2.99                                        
  4360.966   23.0051     2.357    -2.487                                 KURHFS 
  4360.966   23.0051     2.357    -2.742                                 KURHFS 
  4360.972   23.0051     2.357    -2.288                                 KURHFS 
  4360.972   23.0051     2.357    -2.487                                 KURHFS 
  4360.972   23.0051     2.357    -4.395                                 KURHFS 
  4360.981   23.0051     2.357    -2.224                                 KURHFS 
  4360.981   23.0051     2.357    -2.288                                 KURHFS 
  4360.981   23.0051     2.357    -3.152                                 KURHFS 
  4360.993   23.0051     2.357    -2.224                                 KURHFS 
  4360.993   23.0051     2.357    -2.255                                 KURHFS 
  4360.993   23.0051     2.357    -2.435                                 KURHFS 
  4361.008   23.0051     2.357    -2.029                                 KURHFS 
  4361.008   23.0051     2.357    -2.255                                 KURHFS 
  4361.008   23.0051     2.357    -2.436                                 KURHFS 
  4361.009   27.0059     0.224    -6.724                                 KURHFS 
  4361.010   27.0059     0.224    -6.285                                 KURHFS 
  4361.011 106.00112     2.165    -6.939               3.464            CX04Q245
  4361.013   27.0059     0.224    -6.002                                 KURHFS 
  4361.019   27.0059     0.224    -5.786                                 KURHFS 
  4361.020 106.00112     0.052    -4.215               3.464            AX00P045
  4361.022   27.0059     0.224    -6.423                                 KURHFS 
  4361.026   23.0051     2.357    -1.737                                 KURHFS 
  4361.026   23.0051     2.357    -2.436                                 KURHFS 
  4361.028   27.0059     0.224    -6.259                                 KURHFS 
  4361.032   27.0059     0.224    -6.423                                 KURHFS 
  4361.036   27.0059     0.224    -6.251                                 KURHFS 
  4361.042   27.0059     0.224    -6.599                                 KURHFS 
  4361.046   27.0059     0.224    -6.412                                 KURHFS 
  4361.055   27.0059     0.224    -6.849                                 KURHFS 
  4361.068 106.00112     2.165   -12.432               3.464            CX04P255
  4361.070      62.1     0.543     -1.08                              Lawler06  
  4361.070   27.0059     0.224    -7.277                                 KURHFS 
  4361.128      22.0     1.459     -2.12                                 LAWLER 
  4361.203      44.0     0.811     -0.85                                        
  4361.217 106.00112     1.209    -3.415               3.464            AX33R115
  4361.235 106.00112     1.209    -1.377               3.464            AX33Q115
  4361.247      26.1     6.133     -2.11                                        
  4361.283   27.0059     3.512    -3.649                                 KURHFS 
  4361.283   27.0059     3.512    -3.845                                 KURHFS 
  4361.293   27.0059     3.512    -3.624                                 KURHFS 
  4361.293   27.0059     3.512    -3.635                                 KURHFS 
  4361.293   27.0059     3.512    -3.845                                 KURHFS 
  4361.308      90.1     1.888     -0.61                                        
  4361.309   27.0059     3.512    -3.497                                 KURHFS 
  4361.309   27.0059     3.512    -3.521                                 KURHFS 
  4361.309   27.0059     3.512    -3.624                                 KURHFS 
  4361.316 106.00112     1.209    -1.345               3.464            AX33Q125
  4361.329   27.0059     3.512    -3.330                                 KURHFS 
  4361.329   27.0059     3.512    -3.478                                 KURHFS 
  4361.329   27.0059     3.512    -3.521                                 KURHFS 
  4361.334 106.00112     1.209    -3.437               3.464            AX33P125
  4361.348      66.1     1.845     -0.53                                        
  4361.355      58.1     0.875     -1.24                                        
  4361.355   27.0059     3.512    -3.161                                 KURHFS 
  4361.355   27.0059     3.512    -3.478                                 KURHFS 
  4361.355   27.0059     3.512    -3.489                                 KURHFS 
  4361.364   23.0051     2.121    -2.820                                 KURHFS 
  4361.366   23.0051     2.121    -2.557                                 KURHFS 
  4361.366   23.0051     2.121    -2.753                                 KURHFS 
  4361.366 106.00113     1.243    -3.436               3.464            AX33R125
  4361.368   23.0051     1.944    -4.383                                 KURHFS 
  4361.368   23.0051     1.944    -4.638                                 KURHFS 
  4361.368   23.0051     1.944    -4.668                                 KURHFS 
  4361.369   23.0051     2.121    -2.353                                 KURHFS 
  4361.369   23.0051     2.121    -2.557                                 KURHFS 
  4361.369   23.0051     2.121    -3.452                                 KURHFS 
  4361.372   23.0051     1.944    -4.195                                 KURHFS 
  4361.372   23.0051     1.944    -4.250                                 KURHFS 
  4361.372   23.0051     1.944    -4.638                                 KURHFS 
  4361.374   23.0051     2.121    -2.183                                 KURHFS 
  4361.374   23.0051     2.121    -2.452                                 KURHFS 
  4361.374   23.0051     2.121    -3.297                                 KURHFS 
  4361.377   23.0051     1.944    -3.995                                 KURHFS 
  4361.377   23.0051     1.944    -4.104                                 KURHFS 
  4361.377   23.0051     1.944    -4.689                                 KURHFS 
  4361.381   23.0051     2.121    -2.037                                 KURHFS 
  4361.381   23.0051     2.121    -2.405                                 KURHFS 
  4361.381   23.0051     2.121    -3.297                                 KURHFS 
  4361.385   23.0051     1.944    -3.797                                 KURHFS 
  4361.385   23.0051     1.944    -4.082                                 KURHFS 
  4361.385   23.0051     1.944    -4.814                                 KURHFS 
  4361.386   27.0059     3.512    -3.002                                 KURHFS 
  4361.386   27.0059     3.512    -3.489                                 KURHFS 
  4361.386   27.0059     3.512    -3.566                                 KURHFS 
  4361.389 106.00112     1.984    -5.346               3.464            AX43P255
  4361.390   23.0051     2.121    -1.908                                 KURHFS 
  4361.390   23.0051     2.121    -2.411                                 KURHFS 
  4361.390   23.0051     2.121    -3.394                                 KURHFS 
  4361.395   23.0051     1.944    -3.633                                 KURHFS 
  4361.395   23.0051     1.944    -4.136                                 KURHFS 
  4361.395   23.0051     1.944    -5.036                                 KURHFS 
  4361.401   23.0051     2.121    -1.792                                 KURHFS 
  4361.401   23.0051     2.121    -2.484                                 KURHFS 
  4361.401   23.0051     2.121    -3.598                                 KURHFS 
  4361.403      42.0     2.932     -1.71                                        
  4361.407   23.0051     1.944    -3.492                                 KURHFS 
  4361.407   23.0051     1.944    -4.332                                 KURHFS 
  4361.407   23.0051     1.944    -5.446                                 KURHFS 
  4361.413   23.0051     2.121    -1.687                                 KURHFS 
  4361.413   23.0051     2.121    -2.695                                 KURHFS 
  4361.413   23.0051     2.121    -3.996                                 KURHFS 
  4361.416 106.00113     1.243    -1.345               3.464            AX33Q125
  4361.422   27.0059     3.512    -2.854                                 KURHFS 
  4361.422   27.0059     3.512    -3.566                                 KURHFS 
  4361.422   27.0059     3.512    -3.781                                 KURHFS 
  4361.463   27.0059     3.512    -2.718                                 KURHFS 
  4361.463   27.0059     3.512    -3.781                                 KURHFS 
  4361.471   23.0051     1.050    -3.404                                 KURHFS 
  4361.471   23.0051     1.050    -3.653                                 KURHFS 
  4361.471   23.0051     1.050    -3.661                                 KURHFS 
  4361.471   23.0051     1.050    -3.687                                 KURHFS 
  4361.471   23.0051     1.050    -3.825                                 KURHFS 
  4361.471   23.0051     1.050    -3.825                                 KURHFS 
  4361.471   23.0051     1.050    -4.001                                 KURHFS 
  4361.471   23.0051     1.050    -4.126                                 KURHFS 
  4361.471   23.0051     1.050    -4.251                                 KURHFS 
  4361.472   23.0051     1.050    -3.188                                 KURHFS 
  4361.472   23.0051     1.050    -3.814                                 KURHFS 
  4361.472   23.0051     1.050    -4.679                                 KURHFS 
  4361.512 106.00113     1.243    -1.316               3.464            AX33Q135
  4361.562 106.00113     1.243    -3.484               3.464            AX33P135
  4361.640      22.0     3.164     -3.44                                        
  4361.646      41.0     0.619     -1.63                                        
  4361.652      58.1     0.529     -0.95                              Lawler09  
  4361.655 106.00112     0.349    -3.208               3.464            BX01P025
  4361.707      38.0     1.797     -0.09                                        
  4361.718 106.00113     1.562   -11.720               3.464            CX04R145
  4361.760 106.00113     0.775    -1.954               3.464            AX22P075
  4361.781 106.00112     0.433    -2.739               3.464            BX01Q065
  4361.799      59.1     1.198     -0.68                                        
  4361.811 106.00113     0.775    -3.297               3.464            AX22Q075
  4361.816      74.0     0.771     -2.31                                        
  4361.820 106.00112     0.433    -5.396               3.464            BX01R065
  4361.860      60.1     0.204     -1.73                              DenHarto03
  4361.883   27.0059     0.174    -6.591                                 KURHFS 
  4361.897   27.0059     0.174    -6.732                                 KURHFS 
  4361.910   27.0059     0.174    -6.896                                 KURHFS 
  4361.921   27.0059     0.174    -7.094                                 KURHFS 
  4361.921   27.0059     0.174    -7.431                                 KURHFS 
  4361.929   27.0059     0.174    -7.235                                 KURHFS 
  4361.931   27.0059     0.174    -7.349                                 KURHFS 
  4361.937   27.0059     0.174    -7.181                                 KURHFS 
  4361.940   27.0059     0.174    -7.737                                 KURHFS 
  4361.943   27.0059     0.174    -7.203                                 KURHFS 
  4361.947      38.1     6.909     -0.85                                        
  4361.948   27.0059     0.174    -7.294                                 KURHFS 
  4361.951   27.0059     0.174    -7.482                                 KURHFS 
  4361.953   27.0059     0.174    -8.545                                 KURHFS 
  4361.956   27.0059     0.174    -7.767                                 KURHFS 
  4361.956   27.0059     0.174    -8.135                                 KURHFS 
  4361.958   27.0059     0.174    -7.737                                 KURHFS 
  4361.958   27.0059     0.174    -7.913                                 KURHFS 
  4361.959   27.0059     0.174    -7.788                                 KURHFS 
  4361.998      26.0     4.188     -2.34                                        
  4362.012      42.0     2.289     -1.95                                        
  4362.03       62.1     0.484     -0.47                              Lawler06  
  4362.051      92.0     0.000     -0.51                                        
  4362.057 106.00112     1.247    -3.436               3.464            AX33R125
  4362.068 106.00112     0.433    -5.402               3.464            BX01P075
  4362.070      24.0     3.842     -0.82                                        
  4362.087 106.00112     1.247    -1.345               3.464            AX33Q125
  4362.089      26.0     4.603     -2.45                                        
  4362.090 106.00113     0.775    -1.898               3.464            AX22P085
  4362.099      28.1     4.026     -2.72                                        
  4362.109 106.00112     0.433    -2.669               3.464            BX01Q075
  4362.151 106.00113     0.556    -1.725               3.464            AX11P105
  4362.156 106.00113     0.556    -3.384               3.464            AX11Q105
  4362.205 106.00112     0.778    -1.954               3.464            AX22P075
  4362.210 106.00112     1.248    -1.316               3.464            AX33Q135
  4362.235      20.0     5.957     -3.51                                        
  4362.239 106.00112     1.248    -3.484               3.464            AX33P135
  4362.246 106.00113     0.775    -1.953               3.464            AX22P075
  4362.254      24.0     4.436     -1.82                                        
  4362.258 106.00112     0.778    -3.297               3.464            AX22Q075
  4362.261      92.1     0.000     -1.76                                        
  4362.303 106.00113     0.775    -3.312               3.464            AX22Q075
  4362.335      26.0     4.073     -3.91                                        
  4362.357 106.00113     0.556    -1.687               3.464            AX11P115
  4362.362      24.0     3.085     -4.08                                        
  4362.410      62.1     0.248     -2.43                              Lawler06  
  4362.443 106.00113     1.944    -3.831               3.464            AX22R285
  4362.469 106.00113     1.944    -1.059               3.464            AX22Q295
  4362.533 106.00113     0.776    -1.898               3.464            AX22P085
  4362.535 106.00112     0.778    -1.898               3.464            AX22P085
  4362.541 106.00112     0.559    -1.725               3.464            AX11P105
  4362.544 106.00112     0.559    -3.384               3.464            AX11Q105
  4362.547 106.00113     1.718    -9.132               3.464            CX15R115
  4362.564      20.0     5.987     -4.78                                        
  4362.564 106.00113     1.244    -3.452               3.464            AX33R125
  4362.580 106.00113     1.244    -1.345               3.464            AX33Q125
  4362.580 106.00113     2.033    -2.095               3.464            AX54P235
  4362.600 106.00113     1.944    -1.055               3.464            AX22Q285
  4362.626 106.00113     1.944    -3.842               3.464            AX22P295
  4362.633 106.00113     2.033    -4.296               3.464            AX54Q225
  4362.646 106.00113     1.244    -1.316               3.464            AX33Q135
  4362.662 106.00113     1.244    -3.470               3.464            AX33P135
  4362.663       6.0     7.940     -2.14                                        
  4362.681 106.00112     1.807    -7.873               3.464            CX04R195
  4362.693 106.00113     2.033    -2.133               3.464            AX54P225
  4362.699      42.0     2.494     -1.81                                        
  4362.706 106.00112     0.778    -1.953               3.464            AX22P075
  4362.714      26.0     4.309     -3.04                                        
  4362.731 106.00113     0.227    -3.365               3.464            AX00Q105
  4362.732 106.00113     0.227    -1.682               3.464            AX00P105
  4362.748 106.00112     0.559    -1.687               3.464            AX11P115
  4362.755 106.00112     0.778    -3.312               3.464            AX22Q075
  4362.774      26.0     4.431     -3.44                                        
  4362.782 106.00112     1.875    -1.054               3.464            AX22Q285
  4362.804      26.0     3.881     -3.88                                        
  4362.811      24.0     4.437     -2.29                                        
  4362.814      26.0     4.590     -2.84                                        
  4362.814 106.00112     1.807   -12.129               3.464            CX04Q195
  4362.815      42.0     3.161     -1.56                                        
  4362.824 106.00112     1.807    -8.342               3.464            CX04R185
  4362.856 106.00112     1.875    -3.830               3.464            AX22R275
  4362.878 106.00112     1.875    -3.787               3.464            AX22P285
  4362.903      24.0     3.847     -4.39                                        
  4362.905      62.0     0.000     -0.43                                        
  4362.920      66.1     0.930     -1.90                              Wickliff00
  4362.924      24.1     5.658     -1.89                                        
  4362.928      92.1     0.568     -1.63                                        
  4362.940 106.00113     0.227    -1.644               3.464            AX00P115
  4362.952      24.0     2.870     -1.56                                        
  4362.953 106.00112     1.875    -1.054               3.464            AX22Q275
  4362.985 106.00112     0.778    -1.898               3.464            AX22P085
  4362.986      28.0     3.938     -3.20                                        
  4363.001   23.0051     1.217    -6.573                                 KURHFS 
  4363.003   23.0051     1.217    -6.573                                 KURHFS 
  4363.003   23.0051     1.217    -6.749                                 KURHFS 
  4363.005   23.0051     1.217    -6.409                                 KURHFS 
  4363.005   23.0051     1.217    -6.874                                 KURHFS 
  4363.005   23.0051     1.217    -6.999                                 KURHFS 
  4363.008   23.0051     1.217    -6.401                                 KURHFS 
  4363.008   23.0051     1.217    -6.435                                 KURHFS 
  4363.008   23.0051     1.217    -7.427                                 KURHFS 
  4363.011   23.0051     1.217    -6.152                                 KURHFS 
  4363.011   23.0051     1.217    -6.562                                 KURHFS 
  4363.016      42.0     2.916     -1.89                                        
  4363.016   23.0051     1.217    -5.936                                 KURHFS 
  4363.018      42.0     3.209     -1.70                                        
  4363.020      60.1     0.742     -2.26                              DenHarto03
  4363.021      27.1     5.065     -3.71                                        
  4363.059 106.00113     0.557    -1.725               3.464            AX11P105
  4363.061 106.00113     0.557    -3.403               3.464            AX11Q105
  4363.069      20.0     2.707     -5.65                                        
  4363.075      26.0     4.604     -3.10                                        
  4363.081 106.00112     0.229    -1.682               3.464            AX00P105
  4363.083 106.00112     0.229    -3.365               3.464            AX00Q105
  4363.111      20.0     2.707     -6.96                                        
  4363.120      22.0     3.212     -2.86                                        
  4363.129      24.0     2.965     -0.50                                        
  4363.190 106.00113     1.276    -3.623               3.464            AX44R035
  4363.196 106.00113     0.557    -1.687               3.464            AX11P115
  4363.199 106.00112     1.248    -3.452               3.464            AX33R125
  4363.228 106.00112     1.248    -1.345               3.464            AX33Q125
  4363.249 106.00113     1.276    -3.611               3.464            AX44R035
  4363.255      25.1     5.563     -1.91                                        
  4363.270      24.1     6.817     -3.31                                        
  4363.278 106.00112     1.248    -1.316               3.464            AX33Q135
  4363.281      26.1     6.212     -4.19                                        
  4363.295 106.00112     0.229    -1.644               3.464            AX00P115
  4363.304   23.0051     1.182    -3.040                                 KURHFS 
  4363.304   23.0051     1.182    -3.361                                 KURHFS 
  4363.304   23.0051     1.182    -3.838                                 KURHFS 
  4363.307 106.00112     1.248    -3.470               3.464            AX33P135
  4363.313   23.0051     1.182    -3.361                                 KURHFS 
  4363.313   23.0051     1.182    -3.382                                 KURHFS 
  4363.313   23.0051     1.182    -3.507                                 KURHFS 
  4363.375      58.1     0.721     -1.39                                        
  4363.431       6.0     7.940     -3.04                                        
  4363.438 106.00113     1.285    -3.470               3.464            AX33R135
  4363.450      62.1     0.188     -1.31                              Lawler06  
  4363.458 106.00112     0.559    -1.725               3.464            AX11P105
  4363.461 106.00112     0.559    -3.403               3.464            AX11Q105
  4363.463      58.1     1.318     -1.00                                        
  4363.502 106.00113     1.285    -1.316               3.464            AX33Q135
  4363.512 106.00113     0.458    -2.670               3.464            BX01Q075
  4363.519      23.0     0.275     -2.00                               LAWNOHFS 
  4363.554      22.1     5.659     -2.78                                        
  4363.554 106.00113     0.458    -5.429               3.464            BX01R075
  4363.569 106.00113     1.285    -1.289               3.464            AX33Q145
  4363.596 106.00112     0.559    -1.687               3.464            AX11P115
  4363.614 106.00112     1.916    -6.379               3.464            CX15R165
  4363.619 106.00113     0.347    -4.340               3.464            BX01P015
  4363.634 106.00113     1.285    -3.516               3.464            AX33P145
  4363.644      24.0     4.532     -1.84                                        
  4363.645      42.1     3.111     -1.00                                        
  4363.650      69.1     2.053     -1.21                              Wickliff97
  4363.670      26.0     3.249     -8.45                                        
  4363.673 106.00113     0.228    -1.682               3.464            AX00P105
  4363.674 106.00113     0.228    -3.384               3.464            AX00Q105
  4363.702 106.00112     1.916    -6.408               3.464            CX15R155
  4363.724 106.00112     1.916   -10.404               3.464            CX15Q165
  4363.748 106.00113     0.458    -5.464               3.464            BX01P085
  4363.797 106.00113     0.458    -2.607               3.464            BX01Q085
  4363.812 106.00113     0.228    -1.644               3.464            AX00P115
  4363.914      23.0     1.802     -2.89                                        
  4363.959      26.0     4.412     -2.24                                        
  4363.969      23.0     2.636     -1.38                                        
  4364.008      39.1     3.980     -0.50                                        
  4364.022   27.0059     3.710    -3.937                                 KURHFS 
  4364.022   27.0059     3.710    -4.192                                 KURHFS 
  4364.022   27.0059     3.710    -4.222                                 KURHFS 
  4364.032   27.0059     3.710    -3.749                                 KURHFS 
  4364.032   27.0059     3.710    -3.804                                 KURHFS 
  4364.032   27.0059     3.710    -4.192                                 KURHFS 
  4364.036 106.00112     0.229    -3.384               3.464            AX00Q105
  4364.037 106.00112     0.229    -1.682               3.464            AX00P105
  4364.046      24.0     3.110     -3.41                                        
  4364.046   27.0059     3.710    -3.549                                 KURHFS 
  4364.046   27.0059     3.710    -3.658                                 KURHFS 
  4364.046   27.0059     3.710    -4.243                                 KURHFS 
  4364.051      62.1     0.997     -1.82                                        
  4364.065   27.0059     3.710    -3.351                                 KURHFS 
  4364.065   27.0059     3.710    -3.636                                 KURHFS 
  4364.065   27.0059     3.710    -4.368                                 KURHFS 
  4364.089   27.0059     3.710    -3.187                                 KURHFS 
  4364.089   27.0059     3.710    -3.690                                 KURHFS 
  4364.089   27.0059     3.710    -4.590                                 KURHFS 
  4364.118   27.0059     3.710    -3.046                                 KURHFS 
  4364.118   27.0059     3.710    -3.886                                 KURHFS 
  4364.118   27.0059     3.710    -5.000                                 KURHFS 
  4364.140      60.1     0.630     -0.79                              DenHarto03
  4364.141      24.0     3.008     -1.99                                 SOBECK 
  4364.150      64.1     0.427     -2.02                              DenHarto06
  4364.175 106.00112     0.229    -1.644               3.464            AX00P115
  4364.175 106.00112     1.289    -3.470               3.464            AX33R135
  4364.198      23.1     1.792     -5.01                                        
  4364.207      66.1     2.425      0.26                                        
  4364.208      23.0     2.113     -0.52                               LAWNOHFS 
  4364.215 106.00112     1.289    -1.316               3.464            AX33Q135
  4364.282      25.0     3.761     -4.06                                        
  4364.315 106.00112     1.289    -1.289               3.464            AX33Q145
  4364.328      26.0     4.590     -4.39                                        
  4364.354 106.00112     1.289    -3.516               3.464            AX33P145
  4364.459      27.1     5.204     -4.16                                        
  4364.465      42.0     3.256     -0.20                                        
  4364.580 106.00112     1.020    -6.111               3.464            BX11P205
  4364.600 106.00112     1.020    -2.552               3.464            BX11Q195
  4364.615      26.0     4.253     -3.41                                        
  4364.653      58.1     0.495     -0.17                              Lawler09  
  4364.661      57.1     0.650     -1.36                                        
  4364.664 106.00112     1.020    -2.655               3.464            BX11Q205
  4364.684 106.00112     1.020    -6.314               3.464            BX11R195
  4364.694      42.0     3.435     -0.68                                        
  4364.752      42.0     3.440     -1.76                                        
  4364.777      74.0     0.412     -2.17                                        
  4364.821 106.00113     1.286    -3.487               3.464            AX33R135
  4364.844 106.00113     1.286    -1.316               3.464            AX33Q135
  4364.865      26.1     6.218     -4.26                                        
  4364.880      24.0     3.102     -1.65                                        
  4364.884 106.00113     1.286    -1.290               3.464            AX33Q145
  4364.907 106.00113     1.286    -3.501               3.464            AX33P145
  4364.919 106.00112     1.986    -5.415               3.464            AX43P255
  4364.928      26.0     4.280     -3.81                                        
  4364.944 106.00113     0.357    -3.207               3.464            BX01P025
  4364.957 106.00113     0.357    -6.477               3.464            BX01Q025
  4365.031      23.0     2.636     -4.77                                        
  4365.058 106.00113     2.028    -4.834               3.464            AX44R235
  4365.111   25.0055     3.130    -5.353                                 KURHFS 
  4365.111   25.0055     3.130    -6.152                                 KURHFS 
  4365.111   25.0055     3.130    -7.474                                 KURHFS 
  4365.121   25.0055     3.130    -5.259                                 KURHFS 
  4365.121   25.0055     3.130    -5.958                                 KURHFS 
  4365.121   25.0055     3.130    -7.315                                 KURHFS 
  4365.134   25.0055     3.130    -5.164                                 KURHFS 
  4365.134   25.0055     3.130    -5.906                                 KURHFS 
  4365.134   25.0055     3.130    -7.395                                 KURHFS 
  4365.149   25.0055     3.130    -5.072                                 KURHFS 
  4365.149   25.0055     3.130    -5.950                                 KURHFS 
  4365.149   25.0055     3.130    -7.717                                 KURHFS 
  4365.167   25.0055     3.130    -4.984                                 KURHFS 
  4365.167   25.0055     3.130    -6.143                                 KURHFS 
  4365.188   25.0055     3.130    -4.901                                 KURHFS 
  4365.217      25.1     6.568     -1.35                                        
  4365.262 106.00112     0.460    -2.670               3.464            BX01Q075
  4365.307 106.00112     0.460    -5.429               3.464            BX01R075
  4365.311   23.0051     2.377    -3.369                                 KURHFS 
  4365.318      59.1     0.633     -1.38                                        
  4365.318   23.0051     2.377    -3.690                                 KURHFS 
  4365.318   23.0051     2.377    -3.836                                 KURHFS 
  4365.321      26.0     4.590     -4.25                                        
  4365.324   23.0051     2.377    -3.690                                 KURHFS 
  4365.324   23.0051     2.377    -4.167                                 KURHFS 
  4365.328   23.0051     2.377    -3.711                                 KURHFS 
  4365.341      58.1     0.896     -1.67                              Lawler09  
  4365.372 106.00113     0.985    -2.976               3.464            AX33P025
  4365.373 106.00112     0.348    -4.340               3.464            BX01P015
  4365.379      72.0     1.788     -0.90                                        
  4365.440      26.0     4.412     -3.69                                        
  4365.451 106.00113     0.985    -2.974               3.464            AX33P025
  4365.477 106.00112     1.290    -3.487               3.464            AX33R135
  4365.492 106.00112     1.279    -3.623               3.464            AX44R035
  4365.501 106.00112     0.460    -5.463               3.464            BX01P085
  4365.511      58.1     0.674     -1.36                              Lawler09  
  4365.516 106.00112     1.290    -1.316               3.464            AX33Q135
  4365.534 106.00112     2.037    -4.834               3.464            AX44R235
  4365.538 106.00112     1.290    -1.289               3.464            AX33Q145
  4365.542      22.0     2.479     -2.07                                        
  4365.546 106.00112     0.460    -2.606               3.464            BX01Q085
  4365.551 106.00112     1.279    -3.611               3.464            AX44R035
  4365.560 106.00112     1.976    -4.247               3.464            AX54Q215
  4365.577 106.00112     1.290    -3.501               3.464            AX33P145
  4365.624   27.0059     3.772    -2.819                                 KURHFS 
  4365.624   27.0059     3.772    -2.995                                 KURHFS 
  4365.628      24.0     3.884     -1.48                                        
  4365.633 106.00112     1.976    -2.123               3.464            AX54P225
  4365.637   27.0059     3.772    -2.694                                 KURHFS 
  4365.637   27.0059     3.772    -2.819                                 KURHFS 
  4365.650 106.00112     1.976    -2.171               3.464            AX54P215
  4365.655   27.0059     3.772    -2.694                                 KURHFS 
  4365.655   27.0059     3.772    -2.808                                 KURHFS 
  4365.655   27.0059     3.772    -3.013                                 KURHFS 
  4365.673 106.00113     0.985    -3.193               3.464            AX33Q025
  4365.677   27.0059     3.772    -2.397                                 KURHFS 
  4365.677   27.0059     3.772    -2.808                                 KURHFS 
  4365.684      76.0     1.613     -1.28                                        
  4365.692 106.00113     0.952    -2.347               3.464            BX01R185
  4365.700      23.1     6.465     -1.88                                        
  4365.704      25.0     3.768     -5.46                                        
  4365.724 106.00113     0.358    -3.153               3.464            BX01P035
  4365.725      23.0     1.710     -1.38                                        
  4365.752 106.00113     0.985    -3.199               3.464            AX33Q025
  4365.763 106.00113     1.145    -4.089               3.464            BX10P255
  4365.786 106.00113     0.952    -7.136               3.464            BX01Q195
  4365.828 106.00113     1.329    -3.502               3.464            AX33R145
  4365.851      22.0     2.248     -1.43                                        
  4365.864 106.00113     0.952    -2.307               3.464            BX01R195
  4365.897      26.0     2.990     -2.25                              NIST/C    
  4365.908 106.00113     1.329    -1.289               3.464            AX33Q145
  4365.930      90.0     1.021     -0.60                                        
  4365.931 106.00112     0.988    -2.976               3.464            AX33P025
  4365.947 106.00113     1.329    -1.266               3.464            AX33Q155
  4365.955      62.0     0.101     -1.40                                        
  4365.961      74.0     3.518      0.53                                        
  4365.976 106.00113     0.596    -3.416               3.464            AX11Q115
  4365.986 106.00113     0.596    -1.679               3.464            AX11P115
  4366.013 106.00112     0.988    -2.974               3.464            AX33P025
  4366.017      26.0     4.555     -4.13                                        
  4366.026      39.0     1.407     -0.62                                        
  4366.027 106.00113     1.329    -3.547               3.464            AX33P155
  4366.064      25.0     3.370     -4.58                                        
  4366.089      25.0     4.270     -4.08                                        
  4366.094      58.1     0.674     -2.18                              Lawler09  
  4366.106 106.00113     0.268    -3.396               3.464            AX00Q115
  4366.110      27.1     3.405     -3.00                                        
  4366.110      66.1     1.920     -0.91                              Wickliff00
  4366.113   27.0059     3.051    -3.338                                 KURHFS 
  4366.113   27.0059     3.051    -3.534                                 KURHFS 
  4366.120 106.00113     0.268    -1.636               3.464            AX00P115
  4366.124   27.0059     3.051    -3.313                                 KURHFS 
  4366.124   27.0059     3.051    -3.324                                 KURHFS 
  4366.124   27.0059     3.051    -3.534                                 KURHFS 
  4366.138   27.0059     3.663    -2.717                                 KURHFS 
  4366.140   27.0059     3.051    -3.186                                 KURHFS 
  4366.140   27.0059     3.051    -3.210                                 KURHFS 
  4366.140   27.0059     3.051    -3.313                                 KURHFS 
  4366.156 106.00113     0.596    -1.645               3.464            AX11P125
  4366.160   27.0059     3.663    -2.933                                 KURHFS 
  4366.160   27.0059     3.663    -3.343                                 KURHFS 
  4366.161      20.0     5.960     -6.03                                        
  4366.162   27.0059     3.051    -3.019                                 KURHFS 
  4366.162   27.0059     3.051    -3.167                                 KURHFS 
  4366.162   27.0059     3.051    -3.210                                 KURHFS 
  4366.175      24.0     3.885     -1.07                                        
  4366.179   27.0059     3.663    -3.182                                 KURHFS 
  4366.179   27.0059     3.663    -3.216                                 KURHFS 
  4366.179   27.0059     3.663    -4.208                                 KURHFS 
  4366.190   27.0059     3.051    -2.850                                 KURHFS 
  4366.190   27.0059     3.051    -3.167                                 KURHFS 
  4366.190   27.0059     3.051    -3.178                                 KURHFS 
  4366.194   27.0059     3.663    -3.190                                 KURHFS 
  4366.194   27.0059     3.663    -3.655                                 KURHFS 
  4366.194   27.0059     3.663    -3.780                                 KURHFS 
  4366.200 106.00113     1.946    -1.060               3.464            AX22Q295
  4366.206   27.0059     3.663    -3.354                                 KURHFS 
  4366.206   27.0059     3.663    -3.530                                 KURHFS 
  4366.213   27.0059     3.663    -3.354                                 KURHFS 
  4366.222   27.0059     3.051    -2.691                                 KURHFS 
  4366.222   27.0059     3.051    -3.178                                 KURHFS 
  4366.222   27.0059     3.051    -3.255                                 KURHFS 
  4366.232 106.00112     0.988    -3.193               3.464            AX33Q025
  4366.261   27.0059     3.051    -2.543                                 KURHFS 
  4366.261   27.0059     3.051    -3.255                                 KURHFS 
  4366.261   27.0059     3.051    -3.470                                 KURHFS 
  4366.295 106.00113     0.268    -1.601               3.464            AX00P125
  4366.300      20.0     5.989     -4.01                                        
  4366.300      24.0     3.085     -1.90                                        
  4366.305   27.0059     3.051    -2.407                                 KURHFS 
  4366.305   27.0059     3.051    -3.470                                 KURHFS 
  4366.310      60.1     0.064     -1.35                              DenHarto03
  4366.314 106.00112     0.988    -3.199               3.464            AX33Q025
  4366.343 106.00113     1.946    -3.864               3.464            AX22R285
  4366.366 106.00113     0.985    -2.740               3.464            AX33P035
  4366.385      60.1     0.320     -0.91                                        
  4366.387 106.00112     0.598    -3.415               3.464            AX11Q115
  4366.392      24.0     4.201     -2.46                                        
  4366.406 106.00112     0.598    -1.679               3.464            AX11P115
  4366.410 106.00113     1.946    -3.812               3.464            AX22P295
  4366.419 106.00113     0.804    -1.883               3.464            AX22P085
  4366.428 106.00113     0.985    -2.741               3.464            AX33P035
  4366.454 106.00113     0.804    -3.336               3.464            AX22Q085
  4366.455      40.0     1.365     -0.08                                        
  4366.475 106.00112     0.270    -3.396               3.464            AX00Q115
  4366.483      23.0     2.579     -4.36                                        
  4366.488 106.00112     0.270    -1.636               3.464            AX00P115
  4366.497 106.00112     1.951    -3.831               3.464            AX22R285
  4366.553 106.00113     1.946    -1.055               3.464            AX22Q285
  4366.560 106.00112     1.951    -1.058               3.464            AX22Q295
  4366.569 106.00112     0.598    -1.645               3.464            AX11P125
  4366.588      23.0     2.357     -5.19                                        
  4366.592 106.00112     1.951    -1.054               3.464            AX22Q285
  4366.593      20.0     5.792     -4.23                                        
  4366.609      23.1     1.684     -4.33                                        
  4366.617 106.00112     1.568   -11.719               3.464            CX04R145
  4366.621 106.00112     1.334    -3.502               3.464            AX33R145
  4366.633      24.0     4.385     -0.98                                        
  4366.654 106.00112     1.951    -3.841               3.464            AX22P295
  4366.665 106.00112     0.270    -1.601               3.464            AX00P125
  4366.670 106.00112     1.334    -1.289               3.464            AX33Q145
  4366.674      28.1     4.029     -4.57                                        
  4366.689      27.1     5.051     -4.20                                        
  4366.701 106.00113     0.804    -1.834               3.464            AX22P095
  4366.707      23.0     1.710     -3.82                                        
  4366.710 106.00112     0.359    -3.206               3.464            BX01P025
  4366.719 106.00112     0.359    -6.477               3.464            BX01Q025
  4366.722      66.0     0.937     -0.17                                        
  4366.749 106.00112     1.334    -1.265               3.464            AX33Q155
  4366.759 106.00112     1.860    -5.153               3.464            AX54P195
  4366.799 106.00112     1.334    -3.547               3.464            AX33P155
  4366.900 106.00112     0.806    -1.883               3.464            AX22P085
  4366.905      23.1     2.024     -2.70                                        
  4366.916 106.00112     0.988    -2.740               3.464            AX33P035
  4366.934 106.00112     0.806    -3.336               3.464            AX22Q085
  4366.988 106.00112     0.988    -2.741               3.464            AX33P035
  4366.992   27.0059     3.626    -3.967                                 KURHFS 
  4366.992   27.0059     3.626    -4.034                                 KURHFS 
  4366.992   27.0059     3.626    -4.666                                 KURHFS 
  4366.994      58.1     1.365     -0.30                                        
  4366.998   27.0059     3.626    -3.771                                 KURHFS 
  4366.998   27.0059     3.626    -3.771                                 KURHFS 
  4366.998   27.0059     3.626    -4.511                                 KURHFS 
  4367.008   27.0059     3.626    -3.567                                 KURHFS 
  4367.008   27.0059     3.626    -3.666                                 KURHFS 
  4367.008   27.0059     3.626    -4.511                                 KURHFS 
  4367.021   27.0059     3.626    -3.397                                 KURHFS 
  4367.021   27.0059     3.626    -3.619                                 KURHFS 
  4367.021   27.0059     3.626    -4.608                                 KURHFS 
  4367.029      23.0     2.676     -0.78                                        
  4367.033 106.00113     0.804    -1.883               3.464            AX22P085
  4367.036 106.00113     0.596    -3.436               3.464            AX11Q115
  4367.038   27.0059     3.626    -3.251                                 KURHFS 
  4367.038   27.0059     3.626    -3.625                                 KURHFS 
  4367.038   27.0059     3.626    -4.812                                 KURHFS 
  4367.047 106.00113     0.596    -1.679               3.464            AX11P115
  4367.058   27.0059     3.626    -3.122                                 KURHFS 
  4367.058   27.0059     3.626    -3.698                                 KURHFS 
  4367.058   27.0059     3.626    -5.210                                 KURHFS 
  4367.063      26.0     4.383     -3.38                                        
  4367.065 106.00113     0.804    -3.352               3.464            AX22Q085
  4367.081   27.0059     3.626    -3.006                                 KURHFS 
  4367.081   27.0059     3.626    -3.909                                 KURHFS 
  4367.088      22.1     5.634     -1.65                                        
  4367.109   27.0059     3.626    -2.901                                 KURHFS 
  4367.145 106.00113     0.596    -1.645               3.464            AX11P125
  4367.173 106.00112     0.806    -1.834               3.464            AX22P095
  4367.190      66.1     0.540     -2.34                              Wickliff00
  4367.193      23.1     3.325     -4.52                                        
  4367.204      25.0     3.769     -5.58                                        
  4367.206      28.0     4.086     -1.80                                        
  4367.209 106.00113     0.269    -3.417               3.464            AX00Q115
  4367.222      24.0     4.443     -2.47                                        
  4367.222 106.00113     0.269    -1.636               3.464            AX00P115
  4367.224      27.1     5.042     -5.05                                        
  4367.251 106.00113     0.804    -1.835               3.464            AX22P095
  4367.263      28.0     4.415     -3.89                                        
  4367.270      26.0     3.271     -3.11                                        
  4367.292      24.0     4.446     -1.28                                        
  4367.300      65.1     1.103     -0.14                              Lawler01  
  4367.322      28.0     3.462     -2.90                                        
  4367.322 106.00113     0.269    -1.602               3.464            AX00P125
  4367.327      65.1     0.856     -0.12                                        
  4367.342 106.00113     0.408    -4.184               3.464            AX11P055
  4367.380      41.1     2.330     -1.19                              Nilsson10 
  4367.411 106.00113     1.330    -3.521               3.464            AX33R145
  4367.433      15.0     6.980     -3.00                                        
  4367.439 106.00113     1.330    -1.289               3.464            AX33Q145
  4367.456 106.00113     1.330    -1.266               3.464            AX33Q155
  4367.460 106.00112     0.599    -3.436               3.464            AX11Q115
  4367.476 106.00112     0.599    -1.679               3.464            AX11P115
  4367.479      26.0     4.253     -2.70                                        
  4367.485 106.00113     1.330    -3.530               3.464            AX33P155
  4367.488 106.00112     0.359    -3.153               3.464            BX01P035
  4367.490 106.00113     0.488    -2.607               3.464            BX01Q085
  4367.516 106.00112     0.807    -1.882               3.464            AX22P085
  4367.525 106.00113     0.708    -4.208               3.464            AX22P045
  4367.539 106.00113     0.488    -5.458               3.464            BX01R085
  4367.550      58.1     1.026     -0.79                                        
  4367.550 106.00112     0.807    -3.352               3.464            AX22Q085
  4367.570 106.00112     0.599    -1.645               3.464            AX11P125
  4367.571      75.0     2.020     -0.81                                        
  4367.579      26.0     2.990     -1.31                              NIST/B    
  4367.590 106.00112     0.270    -3.417               3.464            AX00Q115
  4367.609 106.00112     0.270    -1.636               3.464            AX00P115
  4367.647 106.00113     0.408    -4.202               3.464            AX11P055
  4367.652      22.1     2.588     -0.86                                 LAWLER 
  4367.663      20.0     4.760     -1.65                                        
  4367.689 106.00113     0.488    -5.516               3.464            BX01P095
  4367.712 106.00112     0.270    -1.601               3.464            AX00P125
  4367.727 106.00112     0.807    -1.834               3.464            AX22P095
  4367.735 106.00113     0.708    -4.223               3.464            AX22P045
  4367.737 106.00113     0.488    -2.548               3.464            BX01Q095
  4367.763 106.00112     0.409    -4.184               3.464            AX11P055
  4367.774 106.00113     2.029    -4.770               3.464            AX44R235
  4367.822      22.0     3.184     -1.14                                        
  4367.878 106.00112     0.956    -2.346               3.464            BX01R185
  4367.880      69.1     2.439     -0.94                              Wickliff97
  4367.900      72.1     1.671     -1.49                              Lawler07  
  4367.904      26.0     1.608     -2.89                              NIST/C+   
  4367.912      24.0     3.886     -1.40                                        
  4367.960      41.1     1.690     -1.03                              Nilsson10 
  4367.977 106.00112     0.956    -7.135               3.464            BX01Q195
  4367.997 106.00112     0.710    -4.208               3.464            AX22P045
  4368.016      22.0     2.304     -3.83                                        
  4368.020      62.1     0.378     -0.93                              Lawler06  
  4368.041      23.0     0.040     -1.74                               LAWNOHFS 
  4368.053   27.0059     3.626    -3.450                                 KURHFS 
  4368.053   27.0059     3.626    -3.646                                 KURHFS 
  4368.058 106.00112     0.956    -2.307               3.464            BX01R195
  4368.059   27.0059     3.626    -3.425                                 KURHFS 
  4368.059   27.0059     3.626    -3.436                                 KURHFS 
  4368.059   27.0059     3.626    -3.646                                 KURHFS 
  4368.069   27.0059     3.626    -3.298                                 KURHFS 
  4368.069   27.0059     3.626    -3.322                                 KURHFS 
  4368.069   27.0059     3.626    -3.425                                 KURHFS 
  4368.071 106.00112     0.409    -4.202               3.464            AX11P055
  4368.080 106.00112     1.724    -9.131               3.464            CX15R115
  4368.082   27.0059     3.626    -3.131                                 KURHFS 
  4368.082   27.0059     3.626    -3.279                                 KURHFS 
  4368.082   27.0059     3.626    -3.322                                 KURHFS 
  4368.083   23.0051     1.948    -5.062                                 KURHFS 
  4368.086   23.0051     1.948    -4.782                                 KURHFS 
  4368.086   23.0051     1.948    -5.062                                 KURHFS 
  4368.086   23.0051     1.948    -6.083                                 KURHFS 
  4368.090 106.00112     1.335    -3.521               3.464            AX33R145
  4368.092   23.0051     1.948    -4.644                                 KURHFS 
  4368.092   23.0051     1.948    -4.782                                 KURHFS 
  4368.092   23.0051     1.948    -5.384                                 KURHFS 
  4368.099   27.0059     3.626    -2.962                                 KURHFS 
  4368.099   27.0059     3.626    -3.279                                 KURHFS 
  4368.099   27.0059     3.626    -3.290                                 KURHFS 
  4368.100   23.0051     1.948    -4.578                                 KURHFS 
  4368.100   23.0051     1.948    -4.644                                 KURHFS 
  4368.100   23.0051     1.948    -4.937                                 KURHFS 
  4368.107      24.1     3.906     -3.02                                        
  4368.112   23.0051     1.948    -4.571                                 KURHFS 
  4368.112   23.0051     1.948    -4.578                                 KURHFS 
  4368.112   23.0051     1.948    -4.606                                 KURHFS 
  4368.119   27.0059     3.626    -2.803                                 KURHFS 
  4368.119   27.0059     3.626    -3.290                                 KURHFS 
  4368.119   27.0059     3.626    -3.367                                 KURHFS 
  4368.122      23.0     2.614     -6.34                                        
  4368.126   23.0051     1.948    -4.343                                 KURHFS 
  4368.126   23.0051     1.948    -4.571                                 KURHFS 
  4368.126   23.0051     1.948    -4.636                                 KURHFS 
  4368.135 106.00112     1.335    -1.266               3.464            AX33Q155
  4368.140 106.00112     1.335    -1.289               3.464            AX33Q145
  4368.142   27.0059     3.626    -2.655                                 KURHFS 
  4368.142   27.0059     3.626    -3.367                                 KURHFS 
  4368.142   27.0059     3.626    -3.582                                 KURHFS 
  4368.143   23.0051     1.948    -4.124                                 KURHFS 
  4368.143   23.0051     1.948    -4.636                                 KURHFS 
  4368.143   23.0051     1.948    -4.840                                 KURHFS 
  4368.163   23.0051     1.948    -3.937                                 KURHFS 
  4368.163   23.0051     1.948    -4.840                                 KURHFS 
  4368.169 106.00112     1.978    -2.123               3.464            AX54P225
  4368.170   27.0059     3.626    -2.519                                 KURHFS 
  4368.170   27.0059     3.626    -3.582                                 KURHFS 
  4368.185 106.00112     1.335    -3.530               3.464            AX33P155
  4368.193       8.0     9.514     -2.72                                        
  4368.205 106.00112     1.978    -4.283               3.464            AX54Q215
  4368.210 106.00112     0.710    -4.223               3.464            AX22P045
  4368.226      58.1     0.904     -0.87                              Lawler09  
  4368.242       8.0     9.514     -2.03                                        
  4368.243      23.0     2.606     -5.71                                        
  4368.247   59.1141     0.000    -0.961                                 LI/LAW 
  4368.250 106.00112     2.039    -4.770               3.464            AX44R235
  4368.254      24.0     3.011     -1.30                                 SOBECK 
  4368.258       8.0     9.514     -2.25                                        
  4368.275      26.0     4.470     -2.30                                        
  4368.290   59.1141     0.000    -2.133                                 LI/LAW 
  4368.295 106.00112     1.978    -2.171               3.464            AX54P215
  4368.300   59.1141     0.000    -1.054                                 LI/LAW 
  4368.302      28.0     3.417     -1.76                                        
  4368.320 106.00113     1.452    -1.708               3.464            AX44R105
  4368.328   59.1141     0.000    -3.632                                 LI/LAW 
  4368.338   59.1141     0.000    -1.943                                 LI/LAW 
  4368.346   59.1141     0.000    -1.153                                 LI/LAW 
  4368.369      25.0     3.769     -4.93                                        
  4368.369   59.1141     0.000    -3.304                                 LI/LAW 
  4368.378   59.1141     0.000    -1.901                                 LI/LAW 
  4368.385   59.1141     0.000    -1.258                                 LI/LAW 
  4368.404   59.1141     0.000    -3.217                                 LI/LAW 
  4368.411   59.1141     0.000    -1.955                                 LI/LAW 
  4368.416   59.1141     0.000    -1.367                                 LI/LAW 
  4368.421      23.0     2.576     -5.06                                        
  4368.431   59.1141     0.000    -3.363                                 LI/LAW 
  4368.433 106.00113     1.486    -1.684               3.464            AX44R115
  4368.435      41.0     1.156     -0.70                                        
  4368.436   59.1141     0.000    -2.145                                 LI/LAW 
  4368.440   59.1141     0.000    -1.476                                 LI/LAW 
  4368.478 106.00113     1.452    -1.680               3.464            AX44R115
  4368.489 106.00113     1.452    -3.444               3.464            AX44Q115
  4368.500      23.0     1.711     -3.83                                        
  4368.563 106.00113     1.486    -1.660               3.464            AX44R125
  4368.564   23.0051     2.121    -2.310                                 KURHFS 
  4368.566   23.0051     2.121    -2.030                                 KURHFS 
  4368.566   23.0051     2.121    -2.310                                 KURHFS 
  4368.566   23.0051     2.121    -3.331                                 KURHFS 
  4368.570   23.0051     2.121    -1.892                                 KURHFS 
  4368.570   23.0051     2.121    -2.030                                 KURHFS 
  4368.570   23.0051     2.121    -2.632                                 KURHFS 
  4368.575   23.0051     2.121    -1.826                                 KURHFS 
  4368.575   23.0051     2.121    -1.892                                 KURHFS 
  4368.575   23.0051     2.121    -2.185                                 KURHFS 
  4368.578 106.00113     1.376    -3.534               3.464            AX33R155
  4368.582   23.0051     2.121    -1.819                                 KURHFS 
  4368.582   23.0051     2.121    -1.826                                 KURHFS 
  4368.582   23.0051     2.121    -1.854                                 KURHFS 
  4368.584 106.00113     1.486    -3.486               3.464            AX44Q125
  4368.591   23.0051     2.121    -1.591                                 KURHFS 
  4368.591   23.0051     2.121    -1.819                                 KURHFS 
  4368.591   23.0051     2.121    -1.884                                 KURHFS 
  4368.601   23.0051     2.121    -1.372                                 KURHFS 
  4368.601   23.0051     2.121    -1.884                                 KURHFS 
  4368.601   23.0051     2.121    -2.088                                 KURHFS 
  4368.613   23.0051     2.121    -1.185                                 KURHFS 
  4368.613   23.0051     2.121    -2.088                                 KURHFS 
  4368.630      60.1     0.064     -0.81                              DenHarto03
  4368.641      20.0     4.677     -4.71                                        
  4368.652      26.0     3.249     -2.54                                        
  4368.655      23.1     3.325     -5.07                                        
  4368.657      24.0     4.444     -1.29                                        
  4368.673 106.00113     1.376    -1.266               3.464            AX33Q155
  4368.686 106.00113     1.376    -1.245               3.464            AX33Q165
  4368.699      26.0     2.607     -5.14                                        
  4368.719      14.0     7.035     -3.61                                        
  4368.747      22.0     2.493     -1.78                                        
  4368.772      42.0     3.161     -1.40                                        
  4368.777 106.00113     1.147    -4.739               3.464            BX11R225
  4368.777 106.00113     1.420    -1.736               3.464            AX44R095
  4368.781 106.00113     1.376    -3.576               3.464            AX33P165
  4368.805   23.0051     2.121    -5.495                                 KURHFS 
  4368.807   23.0051     2.121    -5.210                                 KURHFS 
  4368.807   23.0051     2.121    -5.465                                 KURHFS 
  4368.810   23.0051     2.121    -5.022                                 KURHFS 
  4368.810   23.0051     2.121    -5.465                                 KURHFS 
  4368.810   23.0051     2.121    -5.516                                 KURHFS 
  4368.811      22.0     3.168     -4.03                                        
  4368.815   23.0051     2.121    -4.931                                 KURHFS 
  4368.815   23.0051     2.121    -5.077                                 KURHFS 
  4368.815   23.0051     2.121    -5.641                                 KURHFS 
  4368.822   23.0051     2.121    -4.822                                 KURHFS 
  4368.822   23.0051     2.121    -4.909                                 KURHFS 
  4368.822   23.0051     2.121    -5.863                                 KURHFS 
  4368.831   23.0051     2.121    -4.624                                 KURHFS 
  4368.831   23.0051     2.121    -4.963                                 KURHFS 
  4368.831   23.0051     2.121    -6.273                                 KURHFS 
  4368.842   23.0051     2.121    -4.460                                 KURHFS 
  4368.842   23.0051     2.121    -5.159                                 KURHFS 
  4368.854   23.0051     2.121    -4.319                                 KURHFS 
  4368.871      25.0     4.709     -1.62                                        
  4368.874   25.0055     3.133    -4.989                                 KURHFS 
  4368.874   25.0055     3.133    -5.633                                 KURHFS 
  4368.876      26.0     4.227     -2.87                                        
  4368.882   25.0055     3.133    -4.935                                 KURHFS 
  4368.882   25.0055     3.133    -5.436                                 KURHFS 
  4368.882   25.0055     3.133    -5.633                                 KURHFS 
  4368.892   25.0055     3.133    -4.829                                 KURHFS 
  4368.892   25.0055     3.133    -5.380                                 KURHFS 
  4368.892   25.0055     3.133    -5.436                                 KURHFS 
  4368.904   25.0055     3.133    -4.705                                 KURHFS 
  4368.904   25.0055     3.133    -5.380                                 KURHFS 
  4368.904   25.0055     3.133    -5.421                                 KURHFS 
  4368.904   27.0059     4.018    -4.011                                 KURHFS 
  4368.904   27.0059     4.018    -4.463                                 KURHFS 
  4368.904   27.0059     4.018    -5.463                                 KURHFS 
  4368.910   27.0059     4.018    -3.893                                 KURHFS 
  4368.910   27.0059     4.018    -4.252                                 KURHFS 
  4368.910   27.0059     4.018    -5.256                                 KURHFS 
  4368.914      24.0     3.373     -1.30                                        
  4368.918   27.0059     4.018    -3.775                                 KURHFS 
  4368.918   27.0059     4.018    -4.156                                 KURHFS 
  4368.918   27.0059     4.018    -5.228                                 KURHFS 
  4368.920   25.0055     3.133    -4.577                                 KURHFS 
  4368.920   25.0055     3.133    -5.421                                 KURHFS 
  4368.920   25.0055     3.133    -5.611                                 KURHFS 
  4368.927   27.0059     4.018    -3.663                                 KURHFS 
  4368.927   27.0059     4.018    -4.120                                 KURHFS 
  4368.927   27.0059     4.018    -5.308                                 KURHFS 
  4368.933      22.0     2.266     -0.84                                 LAWLER 
  4368.937   25.0055     3.133    -4.452                                 KURHFS 
  4368.937   25.0055     3.133    -5.611                                 KURHFS 
  4368.939   27.0059     4.018    -3.559                                 KURHFS 
  4368.939   27.0059     4.018    -4.136                                 KURHFS 
  4368.939   27.0059     4.018    -5.500                                 KURHFS 
  4368.953   27.0059     4.018    -3.463                                 KURHFS 
  4368.953   27.0059     4.018    -4.218                                 KURHFS 
  4368.953   27.0059     4.018    -5.889                                 KURHFS 
  4368.966 106.00113     1.420    -1.703               3.464            AX44R105
  4368.966 106.00113     1.420    -3.398               3.464            AX44Q105
  4368.969   27.0059     4.018    -3.373                                 KURHFS 
  4368.969   27.0059     4.018    -4.436                                 KURHFS 
  4368.988   27.0059     4.018    -3.289                                 KURHFS 
  4369.004      25.1     7.376     -4.15                                        
  4369.038 106.00112     1.862    -5.208               3.464            AX54P195
  4369.041      42.0     1.470     -1.43                              NIST/B+   
  4369.058      23.0     2.129     -0.98                               LAWNOHFS 
  4369.073      28.0     3.938     -2.37                                        
  4369.093      24.0     3.367     -4.01                                        
  4369.126 106.00113     1.452    -1.708               3.464            AX44R105
  4369.159      64.0     1.494      0.47                                        
  4369.170 106.00113     1.523    -1.664               3.464            AX44R125
  4369.186      42.0     3.075     -2.18                                        
  4369.224      20.0     4.765     -2.37                                        
  4369.228 106.00113     1.452    -1.680               3.464            AX44R115
  4369.235      58.1     0.869     -0.89                              Lawler09  
  4369.237 106.00113     1.452    -3.425               3.464            AX44Q115
  4369.270 106.00112     0.490    -2.607               3.464            BX01Q085
  4369.275 106.00113     1.523    -1.644               3.464            AX44R135
  4369.292 106.00113     0.312    -3.425               3.464            AX00Q125
  4369.306 106.00113     1.523    -3.527               3.464            AX44Q135
  4369.318      90.1     1.038     -1.45                                        
  4369.319   25.0055     3.133    -6.024                                 KURHFS 
  4369.319 106.00113     0.312    -1.595               3.464            AX00P125
  4369.320 106.00112     0.490    -5.457               3.464            BX01R085
  4369.324   25.0055     3.133    -5.891                                 KURHFS 
  4369.324   25.0055     3.133    -6.535                                 KURHFS 
  4369.333   25.0055     3.133    -5.761                                 KURHFS 
  4369.333   25.0055     3.133    -6.347                                 KURHFS 
  4369.333   25.0055     3.133    -7.632                                 KURHFS 
  4369.342      20.0     4.677     -3.40                                        
  4369.344   25.0055     3.133    -5.639                                 KURHFS 
  4369.344   25.0055     3.133    -6.292                                 KURHFS 
  4369.344   25.0055     3.133    -7.501                                 KURHFS 
  4369.358   25.0055     3.133    -5.526                                 KURHFS 
  4369.358   25.0055     3.133    -6.330                                 KURHFS 
  4369.358   25.0055     3.133    -7.598                                 KURHFS 
  4369.359   23.0051     2.113    -4.826                                 KURHFS 
  4369.359   23.0051     2.113    -5.075                                 KURHFS 
  4369.359   23.0051     2.113    -5.083                                 KURHFS 
  4369.359   23.0051     2.113    -5.109                                 KURHFS 
  4369.359   23.0051     2.113    -5.236                                 KURHFS 
  4369.359   23.0051     2.113    -5.247                                 KURHFS 
  4369.359   23.0051     2.113    -5.247                                 KURHFS 
  4369.359   23.0051     2.113    -5.423                                 KURHFS 
  4369.359   23.0051     2.113    -5.548                                 KURHFS 
  4369.359   23.0051     2.113    -5.673                                 KURHFS 
  4369.359   23.0051     2.113    -6.101                                 KURHFS 
  4369.360   23.0051     2.113    -4.610                                 KURHFS 
  4369.361      73.0     1.594     -1.33                                        
  4369.365      28.1     6.947     -4.23                                        
  4369.374   25.0055     3.133    -5.422                                 KURHFS 
  4369.374   25.0055     3.133    -6.518                                 KURHFS 
  4369.374   25.0055     3.133    -7.933                                 KURHFS 
  4369.376 106.00113     1.487    -1.684               3.464            AX44R115
  4369.386      68.1     1.322     -0.67                                        
  4369.411      26.1     2.776     -3.67                                        
  4369.422      23.0     2.027     -6.63                                        
  4369.441 106.00112     1.381    -3.534               3.464            AX33R155
  4369.445 106.00113     1.487    -1.660               3.464            AX44R125
  4369.456 106.00113     1.420    -1.736               3.464            AX44R095
  4369.459      28.1     6.571     -6.09                                        
  4369.463 106.00113     0.312    -1.563               3.464            AX00P135
  4369.464 106.00113     1.487    -3.466               3.464            AX44Q125
  4369.470 106.00112     0.490    -5.516               3.464            BX01P095
  4369.500 106.00112     1.381    -1.266               3.464            AX33Q155
  4369.518 106.00112     0.490    -2.547               3.464            BX01Q095
  4369.522      23.0     2.606     -4.07                                        
  4369.529      24.0     3.373     -2.56                                        
  4369.559 106.00112     1.381    -1.244               3.464            AX33Q165
  4369.573      22.0     2.159     -3.47                                        
  4369.592 106.00113     1.420    -3.381               3.464            AX44Q105
  4369.593 106.00113     1.420    -1.703               3.464            AX44R105
  4369.595      68.1     0.886     -1.88                              Lawler08  
  4369.600      28.0     4.415     -2.03                                        
  4369.610      26.1     4.734     -5.49                                        
  4369.613      41.0     0.086     -2.11                                        
  4369.618 106.00112     1.381    -3.576               3.464            AX33P165
  4369.643      24.0     4.851     -1.97                                        
  4369.676 106.00112     0.314    -3.425               3.464            AX00Q125
  4369.682       6.0     7.940     -2.69                                        
  4369.682      26.0     4.309     -3.44                                        
  4369.682 106.00113     0.638    -3.445               3.464            AX11Q125
  4369.683      22.0     2.576      0.32                                        
  4369.704 106.00113     0.638    -1.639               3.464            AX11P125
  4369.707      23.0     2.580     -7.02                                        
  4369.707 106.00112     0.314    -1.595               3.464            AX00P125
  4369.734      26.0     3.940     -1.81                              Ruffoni14 
  4369.754 106.00113     1.391    -1.768               3.464            AX44R085
  4369.770      64.1     0.382     -0.78                              DenHarto06
  4369.772      26.0     3.045     -0.73                                        
  4369.774      23.0     2.581     -4.12                                        
  4369.847 106.00113     0.638    -1.607               3.464            AX11P135
  4369.853 106.00112     0.314    -1.563               3.464            AX00P135
  4369.869      26.1     4.728     -5.48                                        
  4369.884      26.0     4.603     -2.75                                        
  4369.920      62.1     0.333     -1.27                              Lawler06  
  4369.967 106.00113     1.391    -3.349               3.464            AX44Q095
  4369.980 106.00113     1.391    -1.730               3.464            AX44R095
  4369.994 106.00113     2.024    -3.870               3.464            AX22R295
  4370.016 106.00113     2.024    -1.070               3.464            AX22Q305
  4370.017      25.0     4.317     -1.55                                        
  4370.032      28.0     3.633     -1.78                                        
  4370.062      20.0     4.776     -2.93                                        
  4370.116 106.00112     0.640    -3.445               3.464            AX11Q125
  4370.128      42.0     3.499     -1.27                                        
  4370.140 106.00112     0.640    -1.639               3.464            AX11P125
  4370.155      64.0     0.812     -0.13                                        
  4370.157 106.00113     2.024    -1.060               3.464            AX22Q295
  4370.179 106.00113     2.024    -3.870               3.464            AX22P305
  4370.242       6.0     7.940     -3.19                                        
  4370.257 106.00113     1.524    -1.664               3.464            AX44R125
  4370.271      23.1     1.816     -2.95                                        
  4370.284 106.00112     0.640    -1.607               3.464            AX11P135
  4370.297 106.00113     1.524    -1.644               3.464            AX44R135
  4370.315 106.00113     1.391    -1.768               3.464            AX44R085
  4370.326 106.00113     1.524    -3.505               3.464            AX44Q135
  4370.357      41.0     0.348     -1.78                                        
  4370.363      22.0     3.196     -1.28                                        
  4370.375 106.00113     1.377    -3.554               3.464            AX33R155
  4370.403      26.0     4.368     -3.14                                        
  4370.404 106.00113     1.377    -1.245               3.464            AX33Q165
  4370.408 106.00112     2.221   -10.147               3.464            CX15R215
  4370.408 106.00113     1.377    -1.266               3.464            AX33Q155
  4370.418      44.0     1.002     -2.17                                        
  4370.430 106.00113     0.073    -4.180               3.464            AX00P055
  4370.435      24.0     3.077     -9.05                                        
  4370.437 106.00113     1.377    -3.558               3.464            AX33P165
  4370.440      24.0     2.985     -2.19                                        
  4370.452       6.0     7.940     -2.59                                        
  4370.467 106.00112     2.221    -7.361               3.464            CX15Q225
  4370.470      62.1     0.659     -1.59                              Lawler06  
  4370.480 106.00113     1.391    -3.334               3.464            AX44Q095
  4370.494 106.00113     1.391    -1.730               3.464            AX44R095
  4370.506      22.0     3.176     -1.36                                        
  4370.535 106.00113     0.997    -2.565               3.464            AX33P035
  4370.551 106.00112     2.221    -7.015               3.464            CX15Q215
  4370.565 106.00113     0.313    -3.447               3.464            AX00Q125
  4370.588      24.0     3.090     -8.81                                        
  4370.589 106.00113     1.563    -1.647               3.464            AX44R135
  4370.593 106.00113     0.313    -1.595               3.464            AX00P125
  4370.610 106.00112     2.221   -10.501               3.464            CX15P225
  4370.654 106.00113     0.313    -1.564               3.464            AX00P135
  4370.662      76.0     1.907     -1.27                                        
  4370.668 106.00113     0.997    -2.564               3.464            AX33P035
  4370.670      26.1     6.212     -4.17                                        
  4370.672 106.00113     1.563    -1.631               3.464            AX44R145
  4370.700 106.00112     1.954    -1.059               3.464            AX22Q295
  4370.713 106.00113     1.563    -3.566               3.464            AX44Q145
  4370.737 106.00113     0.997    -3.166               3.464            AX33Q035
  4370.746 106.00113     0.073    -4.199               3.464            AX00P055
  4370.752      24.0     3.977     -0.97                                        
  4370.779 106.00112     1.954    -3.863               3.464            AX22R285
  4370.788      59.1     1.338     -0.24                                        
  4370.790      74.0     2.906     -0.90                                        
  4370.795 106.00112     1.954    -3.811               3.464            AX22P295
  4370.835   25.0055     2.296    -6.292                                 BLKKUR 
  4370.840 106.00112     0.073    -4.180               3.464            AX00P055
  4370.846   25.0055     2.296    -5.940                                 BLKKUR 
  4370.852   25.0055     2.296    -5.075                                 BLKKUR 
  4370.856   25.0055     2.296    -5.815                                 BLKKUR 
  4370.860   25.0055     2.296    -4.899                                 BLKKUR 
  4370.863   23.0051     2.364    -4.086                                 KURHFS 
  4370.864   23.0051     2.364    -3.801                                 KURHFS 
  4370.864   23.0051     2.364    -4.056                                 KURHFS 
  4370.864   25.0055     2.296    -5.894                                 BLKKUR 
  4370.865   23.0051     2.364    -3.613                                 KURHFS 
  4370.865   23.0051     2.364    -4.056                                 KURHFS 
  4370.865   23.0051     2.364    -4.107                                 KURHFS 
  4370.867   23.0051     2.364    -3.522                                 KURHFS 
  4370.867   23.0051     2.364    -3.668                                 KURHFS 
  4370.867   23.0051     2.364    -4.232                                 KURHFS 
  4370.867   25.0055     2.296    -4.873                                 BLKKUR 
  4370.869   23.0051     2.364    -3.413                                 KURHFS 
  4370.869   23.0051     2.364    -3.500                                 KURHFS 
  4370.869   23.0051     2.364    -4.454                                 KURHFS 
  4370.869 106.00113     0.997    -3.174               3.464            AX33Q035
  4370.872   23.0051     2.364    -3.215                                 KURHFS 
  4370.872   23.0051     2.364    -3.554                                 KURHFS 
  4370.872   23.0051     2.364    -4.864                                 KURHFS 
  4370.872   25.0055     2.296    -4.940                                 BLKKUR 
  4370.873   25.0055     2.296    -4.157                                 BLKKUR 
  4370.874 106.00112     1.954    -1.055               3.464            AX22Q285
  4370.875   25.0055     2.296    -5.116                                 BLKKUR 
  4370.876   23.0051     2.364    -3.051                                 KURHFS 
  4370.876   23.0051     2.364    -3.750                                 KURHFS 
  4370.878   25.0055     2.296    -4.297                                 BLKKUR 
  4370.880   23.0051     2.364    -2.910                                 KURHFS 
  4370.880   25.0055     2.296    -5.146                                 BLKKUR 
  4370.881   25.0055     2.296    -4.455                                 BLKKUR 
  4370.882   25.0055     2.296    -4.639                                 BLKKUR 
  4370.882   25.0055     2.296    -4.861                                 BLKKUR 
  4370.891      26.1     6.798     -3.69                                        
  4370.897      24.0     3.847     -0.89                                        
  4370.906 106.00113     0.638    -3.467               3.464            AX11Q125
  4370.931 106.00113     0.638    -1.639               3.464            AX11P125
  4370.948      40.1     1.208     -0.77                                Ljung06 
  4370.950      72.1     1.495     -1.22                              Lawler07  
  4370.964 106.00112     0.314    -3.447               3.464            AX00Q125
  4370.977      26.0     2.174     -5.17                                        
  4370.989      25.0     3.769     -4.55                                        
  4370.993 106.00112     0.314    -1.595               3.464            AX00P125
  4370.993 106.00113     0.639    -1.607               3.464            AX11P135
