a line list in the range:    4389.00   4401.00
  4389.078      24.0     3.885     -3.89                                        
  4389.086      23.1     6.576     -3.19                                        
  4389.096      26.0     4.545     -3.22                                        
  4389.134      23.1     1.574     -4.41                                        
  4389.149 106.00113     0.704    -1.378               3.464            AX00P205
  4389.176 106.00113     0.704    -3.620               3.464            AX00Q195
  4389.195 106.00113     1.259    -2.494               3.464            AX44R005
  4389.213 106.00113     1.259    -2.494               3.464            AX44R005
  4389.245      26.0     0.052     -4.58                              NIST/A    
  4389.270      24.0     3.844     -0.74                                        
  4389.273 106.00113     0.704    -1.396               3.464            AX00P195
  4389.278      23.1     6.182     -2.53                                        
  4389.293      24.0     4.821     -3.53                                        
  4389.332      28.1     4.029     -5.72                                        
  4389.346      25.0     4.824     -3.62                                        
  4389.378   27.0059     3.629    -4.569                                 KURHFS 
  4389.382   27.0059     3.629    -4.284                                 KURHFS 
  4389.382   27.0059     3.629    -4.539                                 KURHFS 
  4389.392   27.0059     3.629    -4.096                                 KURHFS 
  4389.392   27.0059     3.629    -4.539                                 KURHFS 
  4389.392   27.0059     3.629    -4.590                                 KURHFS 
  4389.407   27.0059     3.629    -4.005                                 KURHFS 
  4389.407   27.0059     3.629    -4.151                                 KURHFS 
  4389.407   27.0059     3.629    -4.715                                 KURHFS 
  4389.407 106.00113     0.992    -3.496               3.464            AX22Q135
  4389.426   27.0059     3.629    -3.896                                 KURHFS 
  4389.426   27.0059     3.629    -3.983                                 KURHFS 
  4389.426   27.0059     3.629    -4.937                                 KURHFS 
  4389.447 106.00113     0.992    -1.649               3.464            AX22P135
  4389.450   27.0059     3.629    -3.698                                 KURHFS 
  4389.450   27.0059     3.629    -4.037                                 KURHFS 
  4389.450   27.0059     3.629    -5.347                                 KURHFS 
  4389.479   27.0059     3.629    -3.534                                 KURHFS 
  4389.479   27.0059     3.629    -4.233                                 KURHFS 
  4389.488 106.00112     0.898    -3.597               3.464            AX11Q175
  4389.494 106.00112     0.898    -1.466               3.464            AX11P185
  4389.513   27.0059     3.629    -3.393                                 KURHFS 
  4389.537      22.0     2.304     -3.57                                        
  4389.544 106.00113     0.638    -2.387               3.464            BX01Q125
  4389.552 106.00113     0.992    -1.620               3.464            AX22P145
  4389.566 106.00112     0.898    -1.487               3.464            AX11P175
  4389.575 106.00113     1.646    -3.691               3.464            AX33R205
  4389.618 106.00113     0.638    -5.534               3.464            BX01R125
  4389.639 106.00113     1.646    -1.181               3.464            AX33Q215
  4389.642 106.00112     0.708    -1.378               3.464            AX00P205
  4389.644 106.00113     0.639    -5.664               3.464            BX01P135
  4389.665 106.00112     0.708    -3.620               3.464            AX00Q195
  4389.716 106.00113     0.639    -2.336               3.464            BX01Q135
  4389.755 106.00113     1.646    -1.189               3.464            AX33Q205
  4389.756      25.1     5.516     -4.69                                        
  4389.768 106.00112     0.708    -1.396               3.464            AX00P195
  4389.785      24.0     3.842     -4.26                                        
  4389.791      23.0     2.614     -0.21                                        
  4389.804      28.0     4.150     -2.58                                        
  4389.819 106.00113     1.646    -3.714               3.464            AX33P215
  4389.833      74.0     2.456     -0.64                                        
  4389.840      26.0     4.206     -3.43                                        
  4389.846 106.00112     1.754    -1.621               3.464            AX44R175
  4389.853 106.00113     0.125    -4.209               3.464            AX00P075
  4389.858      28.0     3.462     -1.24                                        
  4389.860 106.00112     1.754    -1.624               3.464            AX44R185
  4389.862      57.0     1.204     -0.17                                        
  4389.894      64.0     0.880     -0.09                                        
  4389.906      26.0     4.280     -3.91                                        
  4389.907      23.0     2.372     -1.78                                        
  4389.910      60.1     0.182     -2.31                              DenHarto03
  4389.933      24.0     3.008     -3.20                                        
  4389.942 106.00112     1.754    -3.722               3.464            AX44Q185
  4389.949 106.00113     0.839    -3.625               3.464            AX00Q215
  4389.952 106.00113     0.952    -3.589               3.464            AX11Q185
  4389.955 106.00112     1.270    -2.295               3.464            AX44R015
  4389.979      23.0     0.275      0.22                               LAWNOHFS 
  4389.990      23.0     2.579     -3.05                                        
  4389.993 106.00112     1.270    -2.295               3.464            AX44R015
  4390.004      64.0     1.448      0.47                                        
  4390.017      24.0     3.008     -3.24                                        
  4390.026 106.00113     0.839    -1.342               3.464            AX00P225
  4390.029      11.0     2.102     -1.94                              NIST/B+   
  4390.036 106.00113     0.952    -1.464               3.464            AX11P185
  4390.047 106.00113     0.952    -1.445               3.464            AX11P195
  4390.060 106.00112     0.995    -3.496               3.464            AX22Q135
  4390.063 106.00113     0.839    -1.357               3.464            AX00P215
  4390.094 106.00112     0.995    -1.649               3.464            AX22P135
  4390.099      23.0     2.614     -1.50                                        
  4390.132      24.0     4.613     -1.57                                        
  4390.197      26.0     4.555     -1.72                                        
  4390.208 106.00112     0.995    -1.620               3.464            AX22P145
  4390.228      22.0     1.066     -4.41                                        
  4390.234      24.0     4.851     -1.55                                        
  4390.274      58.1     1.455      0.01                                        
  4390.307      24.0     2.965     -3.36                                        
  4390.312      28.0     3.655     -1.77                                        
  4390.377 106.00112     0.125    -4.209               3.464            AX00P075
  4390.390 106.00113     0.125    -4.234               3.464            AX00P075
  4390.411 106.00113     1.800    -1.637               3.464            AX44R195
  4390.416 106.00113     1.800    -1.628               3.464            AX44R185
  4390.420 106.00112     0.844    -3.625               3.464            AX00Q215
  4390.439      44.0     1.062     -0.35                                        
  4390.448      26.0     2.990     -2.45                              NIST/D    
  4390.495 106.00113     1.800    -3.766               3.464            AX44Q195
  4390.507 106.00112     0.844    -1.342               3.464            AX00P225
  4390.513      22.0     3.152     -3.25                                        
  4390.517 106.00112     0.956    -3.589               3.464            AX11Q185
  4390.542      24.0     4.385     -2.34                                        
  4390.542 106.00112     0.844    -1.357               3.464            AX00P215
  4390.551      25.0     3.761     -2.63                                        
  4390.578      25.0     5.345     -3.35                                        
  4390.604 106.00112     0.956    -1.464               3.464            AX11P185
  4390.605      23.0     1.711     -2.70                                        
  4390.621 106.00112     0.956    -1.445               3.464            AX11P195
  4390.658      60.1     1.337      0.10                                        
  4390.661      24.0     3.977     -3.24                                        
  4390.716      24.1     6.277     -4.42                                        
  4390.751      26.0     4.217     -2.71                                        
  4390.760      58.1     1.205     -1.84                              Lawler09  
  4390.761      26.0     4.635     -1.40                                        
  4390.763 106.00113     0.992    -3.520               3.464            AX22Q135
  4390.798 106.00113     0.992    -1.649               3.464            AX22P135
  4390.824 106.00113     0.992    -1.621               3.464            AX22P145
  4390.833      24.0     3.886     -3.65                                        
  4390.838      23.1     6.465     -2.53                                        
  4390.853   27.0059     3.710    -3.684                                 KURHFS 
  4390.853   27.0059     3.710    -3.939                                 KURHFS 
  4390.853   27.0059     3.710    -3.969                                 KURHFS 
  4390.860      62.1     0.184     -0.45                              Lawler06  
  4390.863   27.0059     3.710    -3.496                                 KURHFS 
  4390.863   27.0059     3.710    -3.551                                 KURHFS 
  4390.863   27.0059     3.710    -3.939                                 KURHFS 
  4390.877   27.0059     3.710    -3.296                                 KURHFS 
  4390.877   27.0059     3.710    -3.405                                 KURHFS 
  4390.877   27.0059     3.710    -3.990                                 KURHFS 
  4390.896   27.0059     3.710    -3.098                                 KURHFS 
  4390.896   27.0059     3.710    -3.383                                 KURHFS 
  4390.896   27.0059     3.710    -4.115                                 KURHFS 
  4390.899 106.00113     2.024    -7.737               3.464            AX01R335
  4390.921   27.0059     3.710    -2.934                                 KURHFS 
  4390.921   27.0059     3.710    -3.437                                 KURHFS 
  4390.921   27.0059     3.710    -4.337                                 KURHFS 
  4390.921 106.00112     0.126    -4.234               3.464            AX00P075
  4390.935 106.00112     1.271    -2.742               3.464            AX44Q025
  4390.950   27.0059     3.710    -2.793                                 KURHFS 
  4390.950   27.0059     3.710    -3.633                                 KURHFS 
  4390.950   27.0059     3.710    -4.747                                 KURHFS 
  4390.951      26.0     3.018     -1.52                              NIST/C+   
  4390.959 106.00112     1.271    -2.738               3.464            AX44Q025
  4390.960      64.1     0.427     -1.04                              DenHarto06
  4391.025      44.0     0.927     -1.79                                        
  4391.026      22.1     1.230     -2.30                                 LAWLER 
  4391.043      14.0     4.916     -2.86                                        
  4391.070 106.00113     2.028   -11.315               3.464            CX04P235
  4391.077      76.0     2.367     -0.91                                        
  4391.110      60.1     0.320     -1.25                              DenHarto03
  4391.110      90.1     0.556     -0.82                                        
  4391.129 106.00112     1.271    -2.092               3.464            AX44R025
  4391.133      23.0     2.503     -5.43                                        
  4391.154 106.00112     1.271    -2.093               3.464            AX44R025
  4391.155 106.00113     0.772    -1.359               3.464            AX00P215
  4391.191 106.00113     0.772    -3.641               3.464            AX00Q205
  4391.220      24.0     4.571     -2.51                                        
  4391.239      23.0     2.576     -2.74                                        
  4391.268      24.0     3.008     -3.29                                        
  4391.298 106.00113     0.772    -1.376               3.464            AX00P205
  4391.301      22.0     2.091     -3.84                                        
  4391.305      26.0     4.555     -1.91                                        
  4391.317      58.1     0.739     -1.41                              Lawler09  
  4391.334      75.0     1.456     -1.51                                        
  4391.341      23.0     2.027     -5.85                                        
  4391.417      23.1     6.524     -3.77                                        
  4391.428 106.00112     1.654    -3.690               3.464            AX33R205
  4391.430      64.1     1.133     -0.88                              DenHarto06
  4391.432 106.00112     0.996    -3.520               3.464            AX22Q135
  4391.466 106.00112     0.996    -1.649               3.464            AX22P135
  4391.477   27.0059     3.014    -2.950                                 KURHFS 
  4391.479 106.00113     0.911    -3.642               3.464            AX00Q225
  4391.480      64.1     1.405     -1.15                              DenHarto06
  4391.483   27.0059     3.014    -2.665                                 KURHFS 
  4391.483   27.0059     3.014    -2.920                                 KURHFS 
  4391.488      25.0     4.270     -3.01                                        
  4391.494   27.0059     3.014    -2.477                                 KURHFS 
  4391.494   27.0059     3.014    -2.920                                 KURHFS 
  4391.494   27.0059     3.014    -2.971                                 KURHFS 
  4391.498 106.00112     0.996    -1.620               3.464            AX22P145
  4391.501 106.00112     0.641    -2.387               3.464            BX01Q125
  4391.510   27.0059     3.014    -2.386                                 KURHFS 
  4391.510   27.0059     3.014    -2.532                                 KURHFS 
  4391.510   27.0059     3.014    -3.096                                 KURHFS 
  4391.512 106.00112     1.654    -1.181               3.464            AX33Q215
  4391.531      42.0     2.985     -1.00                                        
  4391.531 106.00112     1.654    -1.189               3.464            AX33Q205
  4391.532   27.0059     3.014    -2.277                                 KURHFS 
  4391.532   27.0059     3.014    -2.364                                 KURHFS 
  4391.532   27.0059     3.014    -3.318                                 KURHFS 
  4391.550 106.00113     0.911    -1.326               3.464            AX00P235
  4391.559   27.0059     3.014    -2.079                                 KURHFS 
  4391.559   27.0059     3.014    -2.418                                 KURHFS 
  4391.559   27.0059     3.014    -3.728                                 KURHFS 
  4391.564 106.00113     1.077    -2.004               3.464            AX33P075
  4391.568 106.00112     0.641    -5.533               3.464            BX01R125
  4391.571      25.0     3.376     -4.02                                        
  4391.591 106.00112     0.641    -5.664               3.464            BX01P135
  4391.592   27.0059     3.014    -1.915                                 KURHFS 
  4391.592   27.0059     3.014    -2.614                                 KURHFS 
  4391.596 106.00113     0.911    -1.340               3.464            AX00P225
  4391.615 106.00112     1.263    -2.494               3.464            AX44R005
  4391.616 106.00112     1.654    -3.714               3.464            AX33P215
  4391.619 106.00113     1.077    -3.326               3.464            AX33Q075
  4391.630   27.0059     3.014    -1.774                                 KURHFS 
  4391.633 106.00112     1.263    -2.494               3.464            AX44R005
  4391.643      22.0     2.479     -1.07                                        
  4391.657 106.00112     0.641    -2.335               3.464            BX01Q135
  4391.659      58.1     0.322     -0.04                              Lawler09  
  4391.659 106.00112     0.776    -1.359               3.464            AX00P215
  4391.670      23.0     1.858     -1.14                               LAWNOHFS 
  4391.677      28.0     3.477     -3.70                                        
  4391.689      21.1     6.903     -2.55                                        
  4391.689 106.00112     0.776    -3.641               3.464            AX00Q205
  4391.698      20.0     4.765     -1.79                                        
  4391.705 106.00112     1.755    -1.624               3.464            AX44R185
  4391.751      24.0     1.003     -2.33                                 SOBECK 
  4391.786 106.00112     1.755    -1.621               3.464            AX44R175
  4391.787 106.00112     1.755    -3.692               3.464            AX44Q185
  4391.791      24.1     5.489     -2.60                                        
  4391.793 106.00113     2.028    -7.799               3.464            CX04Q225
  4391.798 106.00113     2.045    -5.296               3.464            AX43P265
  4391.799      24.0     4.571     -2.52                                        
  4391.801 106.00112     0.776    -1.376               3.464            AX00P205
  4391.821      78.0     2.722     -0.73                                        
  4391.835   27.0059     2.540    -3.684                                 KURHFS 
  4391.835   27.0059     2.540    -3.860                                 KURHFS 
  4391.847      22.0     3.111     -3.53                                        
  4391.852      22.0     2.406     -1.24                                        
  4391.858   27.0059     2.540    -3.559                                 KURHFS 
  4391.858   27.0059     2.540    -3.684                                 KURHFS 
  4391.863      26.0     3.929     -2.02                              NIST/E    
  4391.870      60.1     0.742     -2.27                              DenHarto03
  4391.885 106.00113     1.077    -1.949               3.464            AX33P085
  4391.889   27.0059     2.540    -3.559                                 KURHFS 
  4391.889   27.0059     2.540    -3.673                                 KURHFS 
  4391.889   27.0059     2.540    -3.878                                 KURHFS 
  4391.898 106.00113     2.028    -7.292               3.464            CX04Q235
  4391.904      22.0     2.173     -1.33                                        
  4391.928   27.0059     2.540    -3.262                                 KURHFS 
  4391.928   27.0059     2.540    -3.673                                 KURHFS 
  4391.957 106.00112     0.917    -3.642               3.464            AX00Q225
  4391.961      25.1     5.468     -2.89                                        
  4392.040      28.0     4.150     -2.38                                        
  4392.040 106.00112     0.917    -1.326               3.464            AX00P235
  4392.043 106.00113     1.078    -2.004               3.464            AX33P075
  4392.064      64.0     0.927      0.14                                        
  4392.067      23.0     0.267     -1.92                               LAWNOHFS 
  4392.090 106.00112     0.917    -1.340               3.464            AX00P225
  4392.095 106.00113     1.078    -3.341               3.464            AX33Q075
  4392.110      60.1     1.782     -0.25                                        
  4392.122      42.0     3.176     -0.86                                        
  4392.149      12.0     4.343     -5.00                                        
  4392.166      24.0     4.614     -1.40                                        
  4392.167      28.0     4.102     -1.96                                        
  4392.223   23.0051     2.377    -3.568                                 KURHFS 
  4392.223   23.0051     2.377    -4.194                                 KURHFS 
  4392.223   23.0051     2.377    -5.059                                 KURHFS 
  4392.230   23.0051     2.377    -3.784                                 KURHFS 
  4392.230   23.0051     2.377    -4.033                                 KURHFS 
  4392.230   23.0051     2.377    -4.631                                 KURHFS 
  4392.236   23.0051     2.377    -4.041                                 KURHFS 
  4392.236   23.0051     2.377    -4.067                                 KURHFS 
  4392.236   23.0051     2.377    -4.381                                 KURHFS 
  4392.240   23.0051     2.377    -4.205                                 KURHFS 
  4392.240   23.0051     2.377    -4.205                                 KURHFS 
  4392.240   23.0051     2.377    -4.506                                 KURHFS 
  4392.257      24.0     3.009     -2.13                                        
  4392.305      26.0     3.544     -2.92                                        
  4392.305 106.00112     1.080    -2.004               3.464            AX33P075
  4392.316 106.00113     0.953    -1.445               3.464            AX11P195
  4392.318 106.00113     1.078    -1.949               3.464            AX33P085
  4392.319 106.00113     0.953    -3.620               3.464            AX11Q185
  4392.359 106.00112     1.080    -3.326               3.464            AX33Q075
  4392.403 106.00113     0.953    -1.464               3.464            AX11P185
  4392.407      24.0     3.110     -4.19                                        
  4392.436 106.00113     1.801    -1.638               3.464            AX44R195
  4392.449      75.0     1.811     -1.46                                        
  4392.512 106.00113     1.801    -3.734               3.464            AX44Q195
  4392.528 106.00113     1.801    -1.628               3.464            AX44R185
  4392.560      14.0     4.926     -1.92                                        
  4392.567   23.0051     1.954    -4.173                                 KURHFS 
  4392.567   23.0051     1.954    -4.369                                 KURHFS 
  4392.573   23.0051     1.954    -4.148                                 KURHFS 
  4392.573   23.0051     1.954    -4.159                                 KURHFS 
  4392.573   23.0051     1.954    -4.369                                 KURHFS 
  4392.576 106.00113     1.261    -2.547               3.464            AX44Q015
  4392.578 106.00113     1.261    -2.545               3.464            AX44Q015
  4392.580      26.0     3.882     -1.98                              NIST/E    
  4392.583   23.0051     1.954    -4.021                                 KURHFS 
  4392.583   23.0051     1.954    -4.045                                 KURHFS 
  4392.583   23.0051     1.954    -4.148                                 KURHFS 
  4392.596   23.0051     1.954    -3.854                                 KURHFS 
  4392.596   23.0051     1.954    -4.002                                 KURHFS 
  4392.596   23.0051     1.954    -4.045                                 KURHFS 
  4392.599      62.1     0.884     -2.00                                        
  4392.599      77.0     2.052     -1.87                                        
  4392.613   23.0051     1.954    -3.685                                 KURHFS 
  4392.613   23.0051     1.954    -4.002                                 KURHFS 
  4392.613   23.0051     1.954    -4.013                                 KURHFS 
  4392.622 106.00113     1.648    -1.181               3.464            AX33Q215
  4392.622 106.00113     2.028   -10.738               3.464            CX04R225
  4392.626 106.00112     1.081    -1.948               3.464            AX33P085
  4392.633   23.0051     1.954    -3.526                                 KURHFS 
  4392.633   23.0051     1.954    -4.013                                 KURHFS 
  4392.633   23.0051     1.954    -4.090                                 KURHFS 
  4392.656   23.0051     1.954    -3.378                                 KURHFS 
  4392.656   23.0051     1.954    -4.090                                 KURHFS 
  4392.656   23.0051     1.954    -4.305                                 KURHFS 
  4392.662 106.00113     1.648    -3.691               3.464            AX33P215
  4392.662 106.00113     1.648    -3.716               3.464            AX33R205
  4392.682   23.0051     1.954    -3.242                                 KURHFS 
  4392.682   23.0051     1.954    -4.305                                 KURHFS 
  4392.690      41.0     1.156     -0.83                                        
  4392.702 106.00113     1.648    -1.189               3.464            AX33Q205
  4392.726      26.0     4.298     -3.90                                        
  4392.791 106.00112     1.081    -2.004               3.464            AX33P075
  4392.793 106.00112     1.832    -6.444               3.464            CX15R145
  4392.798 106.00113     0.431    -2.990               3.464            BX01P065
  4392.822      22.0     3.184     -2.98                                        
  4392.822      90.0     0.966     -0.85                                        
  4392.830 106.00113     0.431    -9.016               3.464            BX01Q065
  4392.841 106.00112     1.832    -6.482               3.464            CX15R135
  4392.842 106.00112     1.081    -3.341               3.464            AX33Q075
  4392.853      26.0     3.265     -4.02                                        
  4392.880 106.00113     1.261    -2.219               3.464            AX44R015
  4392.881 106.00113     1.261    -2.220               3.464            AX44R015
  4392.892 106.00112     1.832   -10.316               3.464            CX15Q145
  4392.898 106.00113     0.986    -3.659               3.464            AX00Q235
  4392.909 106.00112     0.958    -1.445               3.464            AX11P195
  4392.915 106.00112     0.958    -3.620               3.464            AX11Q185
  4392.969 106.00113     0.986    -1.311               3.464            AX00P245
  4393.002 106.00112     0.958    -1.464               3.464            AX11P185
  4393.021 106.00113     0.841    -1.342               3.464            AX00P225
  4393.029      26.0     3.015     -4.92                                        
  4393.030 106.00113     0.986    -1.324               3.464            AX00P235
  4393.055      24.0     3.090     -9.73                                        
  4393.061      26.0     3.544     -4.50                                        
  4393.063 106.00112     1.081    -1.949               3.464            AX33P085
  4393.070 106.00113     0.841    -3.660               3.464            AX00Q215
  4393.080      23.0     1.868     -0.90                               LAWNOHFS 
  4393.114 106.00113     1.013    -3.609               3.464            AX11Q195
  4393.169 106.00113     0.431    -2.941               3.464            BX01P075
  4393.184      58.1     0.740     -0.57                              Lawler09  
  4393.185 106.00113     0.841    -1.357               3.464            AX00P215
  4393.193 106.00112     1.940    -7.429               3.464            AX01R325
  4393.199 106.00113     1.013    -1.425               3.464            AX11P205
  4393.206 106.00113     1.013    -1.443               3.464            AX11P195
  4393.229   25.0055     3.130    -4.467                                 KURHFS 
  4393.229   25.0055     3.130    -5.359                                 KURHFS 
  4393.239   25.0055     3.130    -4.417                                 KURHFS 
  4393.239   25.0055     3.130    -5.161                                 KURHFS 
  4393.239   25.0055     3.130    -5.359                                 KURHFS 
  4393.252   25.0055     3.130    -4.339                                 KURHFS 
  4393.252   25.0055     3.130    -5.108                                 KURHFS 
  4393.252   25.0055     3.130    -5.161                                 KURHFS 
  4393.260      26.0     4.555     -2.74                                        
  4393.268   25.0055     3.130    -4.246                                 KURHFS 
  4393.268   25.0055     3.130    -5.108                                 KURHFS 
  4393.268   25.0055     3.130    -5.153                                 KURHFS 
  4393.286   25.0055     3.130    -4.149                                 KURHFS 
  4393.286   25.0055     3.130    -5.153                                 KURHFS 
  4393.286   25.0055     3.130    -5.347                                 KURHFS 
  4393.303      26.0     4.253     -3.68                                        
  4393.307   25.0055     3.130    -4.050                                 KURHFS 
  4393.307   25.0055     3.130    -5.347                                 KURHFS 
  4393.323      20.0     5.951     -3.93                                        
  4393.340      11.0     2.103     -2.73                                        
  4393.340      11.0     2.104     -2.65                              NIST/B    
  4393.356      62.0     0.185     -0.51                                        
  4393.362      24.0     3.102     -2.35                                        
  4393.379      25.1     5.468     -2.32                                        
  4393.383      23.1     6.291     -2.05                                        
  4393.384 106.00112     0.992    -3.659               3.464            AX00Q235
  4393.387      20.0     4.776     -3.43                                        
  4393.395      23.0     2.606     -5.38                                        
  4393.405      20.0     4.760     -1.93                                        
  4393.418      25.0     3.761     -2.73                                        
  4393.437      24.0     3.887     -1.63                                        
  4393.445 106.00112     2.055    -5.296               3.464            AX43P265
  4393.461 106.00112     0.992    -1.311               3.464            AX00P245
  4393.524 106.00112     0.992    -1.324               3.464            AX00P235
  4393.526      24.0     2.965     -1.80                                        
  4393.537 106.00112     0.846    -1.342               3.464            AX00P225
  4393.543   27.0059     3.710    -5.019                                 KURHFS 
  4393.553   27.0059     3.710    -5.019                                 KURHFS 
  4393.553   27.0059     3.710    -5.195                                 KURHFS 
  4393.567   27.0059     3.710    -4.855                                 KURHFS 
  4393.567   27.0059     3.710    -5.320                                 KURHFS 
  4393.567   27.0059     3.710    -5.445                                 KURHFS 
  4393.577 106.00112     0.846    -3.660               3.464            AX00Q215
  4393.586      92.0     0.000     -0.64                                        
  4393.587   27.0059     3.710    -4.847                                 KURHFS 
  4393.587   27.0059     3.710    -4.881                                 KURHFS 
  4393.587   27.0059     3.710    -5.873                                 KURHFS 
  4393.608      26.0     3.015     -3.04                                        
  4393.611   27.0059     3.710    -4.598                                 KURHFS 
  4393.611   27.0059     3.710    -5.008                                 KURHFS 
  4393.625      26.0     3.637     -4.60                                        
  4393.640   27.0059     3.710    -4.382                                 KURHFS 
  4393.642      20.0     5.951     -3.31                                        
  4393.669      24.0     2.985     -3.38                                        
  4393.683      70.0     3.106     -0.01                                        
  4393.694      42.0     3.173     -1.08                                        
  4393.698 106.00112     0.846    -1.357               3.464            AX00P215
  4393.700 106.00112     1.018    -3.609               3.464            AX11Q195
  4393.726      26.0     4.555     -1.96                                        
  4393.759      90.0     0.929     -1.19                                        
  4393.794 106.00112     1.018    -1.443               3.464            AX11P195
  4393.797 106.00112     1.018    -1.425               3.464            AX11P205
  4393.822 106.00113     2.028    -5.732               3.464            AX50Q365
  4393.829   23.0051     1.050    -2.007                                 KURHFS 
  4393.829   23.0051     1.050    -2.223                                 KURHFS 
  4393.829   23.0051     1.050    -2.472                                 KURHFS 
  4393.829   23.0051     1.050    -2.480                                 KURHFS 
  4393.829   23.0051     1.050    -2.506                                 KURHFS 
  4393.829   23.0051     1.050    -2.633                                 KURHFS 
  4393.829   23.0051     1.050    -2.644                                 KURHFS 
  4393.829   23.0051     1.050    -2.644                                 KURHFS 
  4393.829   23.0051     1.050    -2.820                                 KURHFS 
  4393.829   23.0051     1.050    -2.945                                 KURHFS 
  4393.829   23.0051     1.050    -3.070                                 KURHFS 
  4393.829   23.0051     1.050    -3.498                                 KURHFS 
  4393.848      20.0     6.007     -7.15                                        
  4393.904      26.0     2.277     -6.04                                        
  4393.923      22.0     2.266      0.06                                 LAWLER 
  4394.002 106.00112     1.656    -1.181               3.464            AX33Q215
  4394.008      39.0     1.397     -1.35                                        
  4394.011      26.0     4.909     -3.95                                        
  4394.025 106.00113     1.038    -3.522               3.464            AX22Q145
  4394.030 106.00112     1.656    -3.715               3.464            AX33R205
  4394.059      22.1     1.220     -1.77                                 LAWLER 
  4394.069      74.0     2.244     -0.67                                        
  4394.076 106.00113     1.038    -1.616               3.464            AX22P145
  4394.106 106.00112     1.656    -3.691               3.464            AX33P215
  4394.133 106.00112     1.656    -1.189               3.464            AX33Q205
  4394.156 106.00113     1.038    -1.590               3.464            AX22P155
  4394.176      24.0     3.011     -3.18                                        
  4394.204      23.0     2.636     -3.54                                        
  4394.226 106.00113     1.063    -3.675               3.464            AX00Q245
  4394.284 106.00113     1.063    -1.297               3.464            AX00P255
  4394.303      26.0     3.940     -2.43                                        
  4394.308      75.0     1.954     -0.61                                        
  4394.321 106.00113     1.698   -11.571               3.464            CX04Q175
  4394.362 106.00113     1.063    -1.310               3.464            AX00P245
  4394.416   27.0059     0.431    -8.499                                 KURHFS 
  4394.416   27.0059     0.431    -8.566                                 KURHFS 
  4394.416   27.0059     0.431    -9.198                                 KURHFS 
  4394.421      69.0     1.087     -0.49                                        
  4394.424      24.0     4.385     -1.82                                        
  4394.426   27.0059     0.431    -8.303                                 KURHFS 
  4394.426   27.0059     0.431    -8.303                                 KURHFS 
  4394.426   27.0059     0.431    -9.043                                 KURHFS 
  4394.442   27.0059     0.431    -8.099                                 KURHFS 
  4394.442   27.0059     0.431    -8.198                                 KURHFS 
  4394.442   27.0059     0.431    -9.043                                 KURHFS 
  4394.464   27.0059     0.431    -7.929                                 KURHFS 
  4394.464   27.0059     0.431    -8.151                                 KURHFS 
  4394.464   27.0059     0.431    -9.140                                 KURHFS 
  4394.469      42.0     2.595     -1.53                                        
  4394.476      40.0     0.071     -2.39                                        
  4394.489      24.0     3.963     -4.08                                        
  4394.491   27.0059     0.431    -7.783                                 KURHFS 
  4394.491   27.0059     0.431    -8.157                                 KURHFS 
  4394.491   27.0059     0.431    -9.344                                 KURHFS 
  4394.523   27.0059     0.431    -7.654                                 KURHFS 
  4394.523   27.0059     0.431    -8.230                                 KURHFS 
  4394.523   27.0059     0.431    -9.742                                 KURHFS 
  4394.560   27.0059     0.431    -7.538                                 KURHFS 
  4394.560   27.0059     0.431    -8.441                                 KURHFS 
  4394.579      26.0     4.593     -2.57                              PK15THEOR 
  4394.603   27.0059     0.431    -7.433                                 KURHFS 
  4394.645      24.0     3.011     -3.31                                        
  4394.671      39.0     2.083     -0.53                                        
  4394.711 106.00112     1.042    -3.521               3.464            AX22Q145
  4394.720      64.1     0.818     -1.55                              DenHarto06
  4394.721 106.00112     1.069    -3.675               3.464            AX00Q245
  4394.736 106.00113     1.013    -4.219               3.464            AX33P045
  4394.738 106.00112     0.433    -2.989               3.464            BX01P065
  4394.755 106.00112     1.042    -1.616               3.464            AX22P145
  4394.760   23.0051     1.349    -3.367                                 KURHFS 
  4394.763   23.0051     1.349    -3.104                                 KURHFS 
  4394.763   23.0051     1.349    -3.300                                 KURHFS 
  4394.768   23.0051     1.349    -2.900                                 KURHFS 
  4394.768   23.0051     1.349    -3.104                                 KURHFS 
  4394.768   23.0051     1.349    -3.999                                 KURHFS 
  4394.770 106.00113     0.914    -1.326               3.464            AX00P235
  4394.772 106.00112     0.433    -9.015               3.464            BX01Q065
  4394.776   23.0051     1.349    -2.730                                 KURHFS 
  4394.776   23.0051     1.349    -2.999                                 KURHFS 
  4394.776   23.0051     1.349    -3.844                                 KURHFS 
  4394.779      58.1     1.253     -0.49                                        
  4394.786   23.0051     1.349    -2.584                                 KURHFS 
  4394.786   23.0051     1.349    -2.952                                 KURHFS 
  4394.786   23.0051     1.349    -3.844                                 KURHFS 
  4394.787      20.0     4.621     -4.32                                        
  4394.795 106.00112     1.069    -1.297               3.464            AX00P255
  4394.799   23.0051     1.349    -2.455                                 KURHFS 
  4394.799   23.0051     1.349    -2.958                                 KURHFS 
  4394.799   23.0051     1.349    -3.941                                 KURHFS 
  4394.814   23.0051     1.349    -2.339                                 KURHFS 
  4394.814   23.0051     1.349    -3.031                                 KURHFS 
  4394.814   23.0051     1.349    -4.145                                 KURHFS 
  4394.825      24.0     3.011     -2.36                                        
  4394.825 106.00113     0.914    -3.679               3.464            AX00Q225
  4394.832   23.0051     1.349    -2.234                                 KURHFS 
  4394.832   23.0051     1.349    -3.242                                 KURHFS 
  4394.832   23.0051     1.349    -4.543                                 KURHFS 
  4394.835      23.0     2.614     -7.09                                        
  4394.835 106.00113     1.698   -12.058               3.464            CX04R165
  4394.848 106.00112     1.042    -1.590               3.464            AX22P155
  4394.864 106.00112     1.069    -1.309               3.464            AX00P245
  4394.872      76.0     1.410     -1.10                                        
  4394.874      22.0     1.045     -1.78                                 LAWLER 
  4394.895      90.1     1.067     -1.53                              Nils02/10%
  4394.899 106.00113     1.698    -9.061               3.464            CX04R175
  4394.900      66.1     0.590     -2.20                              Wickliff00
  4394.917      26.0     4.555     -3.00                                        
  4394.926      40.0     1.349     -0.53                                        
  4394.937 106.00113     1.013    -4.234               3.464            AX33P045
  4394.948 106.00113     0.914    -1.340               3.464            AX00P225
  4394.963      44.0     1.927     -1.32                                        
  4394.980      66.1     0.103     -1.90                                        
  4394.983      26.0     4.577     -1.51                                        
  4395.007 106.00112     1.265    -2.546               3.464            AX44Q015
  4395.009 106.00112     1.265    -2.544               3.464            AX44Q015
  4395.031      22.1     1.083     -0.54                                 LAWLER 
  4395.111 106.00112     0.433    -2.940               3.464            BX01P075
  4395.154 106.00112     1.917    -5.130               3.464            AX54P205
  4395.174      27.1     5.085     -3.12                                        
  4395.183      22.0     3.212     -2.28                                        
  4395.203      26.0     3.981     -3.36                                        
  4395.205      40.0     0.542     -1.45                                        
  4395.210   23.0051     0.267    -1.545                                 LAWLER 
  4395.212   23.0051     0.267    -1.244                                 LAWLER 
  4395.213   23.0051     0.267    -1.244                                 LAWLER 
  4395.215   23.0051     0.267    -1.106                                 LAWLER 
  4395.217   23.0051     0.267    -1.080                                 LAWLER 
  4395.219   23.0051     0.267    -1.420                                 LAWLER 
  4395.222   23.0051     0.267    -0.823                                 LAWLER 
  4395.225   23.0051     0.267    -1.072                                 LAWLER 
  4395.228   23.0051     0.267    -1.670                                 LAWLER 
  4395.231   23.0051     0.267    -0.607                                 LAWLER 
  4395.235   23.0051     0.267    -1.233                                 LAWLER 
  4395.238   23.0051     0.267    -2.098                                 LAWLER 
  4395.246 106.00113     1.932    -7.428               3.464            AX01R325
  4395.274      26.0     3.654     -1.83                              NIST/B    
  4395.289 106.00112     0.919    -1.326               3.464            AX00P235
  4395.299 106.00112     1.265    -2.219               3.464            AX44R015
  4395.301 106.00112     1.265    -2.220               3.464            AX44R015
  4395.340 106.00112     0.919    -3.679               3.464            AX00Q225
  4395.346 106.00113     1.078    -2.718               3.464            BX11R205
  4395.401      24.0     3.008     -1.94                                        
  4395.424 106.00113     1.078    -7.548               3.464            BX11Q215
  4395.430      24.0     3.011     -3.45                                        
  4395.435      26.0     2.452     -6.06                                        
  4395.466      22.0     1.872     -2.13                                 LAWLER 
  4395.467 106.00112     1.016    -4.219               3.464            AX33P045
  4395.473 106.00112     0.958    -5.431               3.464            BX11P185
  4395.474 106.00112     0.919    -1.340               3.464            AX00P225
  4395.481 106.00113     1.142    -3.691               3.464            AX00Q255
  4395.499      26.0     3.881     -2.05                                        
  4395.500      60.1     0.742     -1.26                              DenHarto03
  4395.504 106.00113     1.078    -2.142               3.464            BX11R215
  4395.524      26.0     4.280     -3.75                                        
  4395.534 106.00113     1.142    -1.285               3.464            AX00P265
  4395.548      26.0     3.881     -2.90                                        
  4395.556 106.00113     1.039    -3.547               3.464            AX22Q145
  4395.570 106.00113     2.047    -5.367               3.464            AX43P265
  4395.598 106.00113     1.039    -1.590               3.464            AX22P155
  4395.602 106.00113     1.039    -1.616               3.464            AX22P145
  4395.610      24.0     3.011     -3.16                                        
  4395.622 106.00113     1.142    -1.296               3.464            AX00P255
  4395.639      22.1     5.008     -4.38                                        
  4395.674 106.00112     1.016    -4.234               3.464            AX33P045
  4395.678      23.1     1.792     -6.82                                        
  4395.679 106.00113     1.015    -1.426               3.464            AX11P205
  4395.681 106.00113     1.707    -3.724               3.464            AX33R215
  4395.691 106.00113     1.015    -3.642               3.464            AX11Q195
  4395.738 106.00113     1.707    -1.177               3.464            AX33Q225
  4395.746 106.00113     2.030    -8.041               3.464            AX50R355
  4395.760      59.1     0.422     -1.36                                LINOHFS 
  4395.780      20.0     5.979     -4.86                                        
  4395.783 106.00113     1.015    -1.443               3.464            AX11P195
  4395.817   27.0059     2.540    -4.875                                 KURHFS 
  4395.817   27.0059     2.540    -4.875                                 KURHFS 
  4395.817   27.0059     2.540    -5.176                                 KURHFS 
  4395.839      22.1     1.242     -1.93                                 LAWLER 
  4395.840   27.0059     2.540    -4.711                                 KURHFS 
  4395.840   27.0059     2.540    -4.737                                 KURHFS 
  4395.840   27.0059     2.540    -5.051                                 KURHFS 
  4395.852      24.0     3.085     -3.94                                        
  4395.871   27.0059     2.540    -4.454                                 KURHFS 
  4395.871   27.0059     2.540    -4.703                                 KURHFS 
  4395.871   27.0059     2.540    -5.301                                 KURHFS 
  4395.880 106.00113     1.707    -1.182               3.464            AX33Q215
  4395.885      20.0     5.979     -6.58                                        
  4395.910      60.1     0.550     -1.44                              DenHarto03
  4395.910   27.0059     2.540    -4.238                                 KURHFS 
  4395.910   27.0059     2.540    -4.864                                 KURHFS 
  4395.910   27.0059     2.540    -5.729                                 KURHFS 
  4395.918 106.00113     0.487    -4.236               3.464            AX11P085
  4395.936 106.00113     1.707    -3.743               3.464            AX33P225
  4395.956      69.0     1.892      0.08                                        
  4395.989 106.00112     1.148    -3.691               3.464            AX00Q255
  4395.990      26.0     4.253     -4.38                                        
  4396.036 106.00112     2.037   -10.737               3.464            CX04R225
  4396.060 106.00112     1.148    -1.285               3.464            AX00P265
  4396.095 106.00112     2.111    -9.995               3.464            CX15R195
  4396.102 106.00112     2.037    -7.291               3.464            CX04Q235
  4396.144 106.00112     1.148    -1.296               3.464            AX00P255
  4396.163 106.00113     1.660    -9.095               3.464            CX15R095
  4396.164      24.0     3.446     -2.81                                        
  4396.166 106.00112     2.111    -6.824               3.464            CX15Q205
  4396.182 106.00112     2.037    -7.798               3.464            CX04Q225
  4396.227 106.00112     2.111    -6.703               3.464            CX15Q195
  4396.247 106.00112     2.037   -11.314               3.464            CX04P235
  4396.259 106.00113     1.078    -3.629               3.464            AX11Q205
  4396.262 106.00112     1.043    -3.547               3.464            AX22Q145
  4396.292 106.00112     1.020    -1.425               3.464            AX11P205
  4396.298 106.00112     2.111   -11.047               3.464            CX15P205
  4396.305 106.00112     1.043    -1.616               3.464            AX22P145
  4396.310 106.00112     1.020    -3.642               3.464            AX11Q195
  4396.311 106.00112     1.043    -1.590               3.464            AX22P155
  4396.337 106.00113     1.078    -1.407               3.464            AX11P215
  4396.358      26.0     4.577     -2.94                                        
  4396.359 106.00113     1.078    -1.423               3.464            AX11P205
  4396.365      42.0     3.277    -10.00                                        
  4396.367      26.0     4.383     -3.51                                        
  4396.402 106.00113     0.988    -1.311               3.464            AX00P245
  4396.405 106.00112     1.020    -1.443               3.464            AX11P195
  4396.434   27.0059     4.061    -5.073                                 KURHFS 
  4396.434   27.0059     4.061    -5.328                                 KURHFS 
  4396.434   27.0059     4.061    -5.358                                 KURHFS 
  4396.447   27.0059     4.061    -4.885                                 KURHFS 
  4396.447   27.0059     4.061    -4.940                                 KURHFS 
  4396.447   27.0059     4.061    -5.328                                 KURHFS 
  4396.459   23.0051     2.377    -2.718                                 KURHFS 
  4396.466   23.0051     2.377    -3.039                                 KURHFS 
  4396.466   23.0051     2.377    -3.185                                 KURHFS 
  4396.467   27.0059     4.061    -4.685                                 KURHFS 
  4396.467   27.0059     4.061    -4.794                                 KURHFS 
  4396.467   27.0059     4.061    -5.379                                 KURHFS 
  4396.471 106.00113     0.988    -3.697               3.464            AX00Q235
  4396.472   23.0051     2.377    -3.039                                 KURHFS 
  4396.472   23.0051     2.377    -3.516                                 KURHFS 
  4396.477   23.0051     2.377    -3.060                                 KURHFS 
  4396.479      90.1     1.123     -1.46                                        
  4396.494   27.0059     4.061    -4.487                                 KURHFS 
  4396.494   27.0059     4.061    -4.772                                 KURHFS 
  4396.494   27.0059     4.061    -5.504                                 KURHFS 
  4396.496      69.0     1.087     -0.65                                        
  4396.507 106.00112     0.489    -4.236               3.464            AX11P085
  4396.528   27.0059     4.061    -4.323                                 KURHFS 
  4396.528   27.0059     4.061    -4.826                                 KURHFS 
  4396.528   27.0059     4.061    -5.726                                 KURHFS 
  4396.545      58.1     0.869     -0.96                                        
  4396.559 106.00113     0.488    -4.264               3.464            AX11P085
  4396.562      24.0     3.085     -3.03                                        
  4396.565      26.0     4.577     -4.12                                        
  4396.568   27.0059     4.061    -4.182                                 KURHFS 
  4396.568   27.0059     4.061    -5.022                                 KURHFS 
  4396.568   27.0059     4.061    -6.136                                 KURHFS 
  4396.603 106.00113     0.988    -1.324               3.464            AX00P235
  4396.605 106.00113     0.775    -4.218               3.464            AX22P075
  4396.609      58.1     0.559     -1.39                              Lawler09  
  4396.663      42.0     3.075     -0.57                                        
  4396.687 106.00113     1.223    -3.707               3.464            AX00Q265
  4396.716      20.0     6.009     -4.07                                        
  4396.736 106.00113     1.223    -1.273               3.464            AX00P275
  4396.803      75.0     2.023     -2.16                                        
  4396.805      23.1     6.551     -3.31                                        
  4396.834 106.00113     1.223    -1.284               3.464            AX00P265
  4396.867 106.00112     1.083    -3.628               3.464            AX11Q205
  4396.907      28.0     3.539     -2.30                                        
  4396.917 106.00113     0.684    -2.336               3.464            BX01Q135
  4396.933 106.00112     1.806    -1.636               3.464            AX44R195
  4396.934 106.00112     1.806    -1.626               3.464            AX44R185
  4396.937 106.00112     0.994    -1.311               3.464            AX00P245
  4396.944      27.1     5.065     -2.60                                        
  4396.958 106.00112     1.083    -1.407               3.464            AX11P215
  4396.969 106.00112     1.083    -1.423               3.464            AX11P205
  4396.972 106.00113     0.684    -5.546               3.464            BX01R135
  4396.975 106.00113     0.684    -5.689               3.464            BX01P145
  4396.994 106.00112     0.994    -3.697               3.464            AX00Q235
  4397.021 106.00113     1.105    -1.934               3.464            AX33P085
  4397.024 106.00112     1.806    -3.764               3.464            AX44Q195
  4397.035      41.0     1.499     -0.87                                        
  4397.041   25.0055     3.133    -5.671                                 KURHFS 
  4397.048   25.0055     3.133    -5.577                                 KURHFS 
  4397.048   25.0055     3.133    -6.470                                 KURHFS 
  4397.053 106.00113     0.684    -2.286               3.464            BX01Q145
  4397.055 106.00113     1.105    -3.366               3.464            AX33Q085
  4397.059   25.0055     3.133    -5.482                                 KURHFS 
  4397.059   25.0055     3.133    -6.276                                 KURHFS 
  4397.059   25.0055     3.133    -7.792                                 KURHFS 
  4397.071   25.0055     3.133    -5.390                                 KURHFS 
  4397.071   25.0055     3.133    -6.224                                 KURHFS 
  4397.071   25.0055     3.133    -7.633                                 KURHFS 
  4397.087   25.0055     3.133    -5.302                                 KURHFS 
  4397.087   25.0055     3.133    -6.268                                 KURHFS 
  4397.087   25.0055     3.133    -7.713                                 KURHFS 
  4397.105   25.0055     3.133    -5.219                                 KURHFS 
  4397.105   25.0055     3.133    -6.461                                 KURHFS 
  4397.105   25.0055     3.133    -8.035                                 KURHFS 
  4397.105 106.00113     0.775    -4.242               3.464            AX22P075
  4397.130 106.00112     0.994    -1.324               3.464            AX00P235
  4397.155 106.00112     0.490    -4.264               3.464            AX11P085
  4397.183      58.1     0.875     -1.79                              Lawler09  
  4397.212 106.00112     1.230    -3.706               3.464            AX00Q265
  4397.220 106.00112     2.058    -5.367               3.464            AX43P265
  4397.236      24.0     3.009     -1.06                                        
  4397.252 106.00112     0.778    -4.218               3.464            AX22P075
  4397.265      76.0     1.746     -1.29                                        
  4397.276      58.1     0.899     -1.30                              Lawler09  
  4397.277      26.1     2.690     -6.30                                        
  4397.280 106.00112     1.230    -1.273               3.464            AX00P275
  4397.287 106.00113     1.105    -1.886               3.464            AX33P095
  4397.291      42.0     2.258     -1.10                                        
  4397.298      23.0     2.357     -1.08                                        
  4397.343      62.0     0.101     -0.64                                        
  4397.365   23.0051     1.847    -3.037                                 KURHFS 
  4397.365   23.0051     1.847    -3.241                                 KURHFS 
  4397.365   23.0051     1.847    -3.241                                 KURHFS 
  4397.365   23.0051     1.847    -3.437                                 KURHFS 
  4397.365   23.0051     1.847    -3.504                                 KURHFS 
  4397.365   23.0051     1.847    -4.136                                 KURHFS 
  4397.366   23.0051     1.847    -2.867                                 KURHFS 
  4397.366   23.0051     1.847    -3.136                                 KURHFS 
  4397.366   23.0051     1.847    -3.981                                 KURHFS 
  4397.367   23.0051     1.847    -2.721                                 KURHFS 
  4397.367   23.0051     1.847    -3.089                                 KURHFS 
  4397.367   23.0051     1.847    -3.981                                 KURHFS 
  4397.368   23.0051     1.847    -2.592                                 KURHFS 
  4397.368   23.0051     1.847    -3.095                                 KURHFS 
  4397.368   23.0051     1.847    -4.078                                 KURHFS 
  4397.369   23.0051     1.847    -2.476                                 KURHFS 
  4397.369   23.0051     1.847    -3.168                                 KURHFS 
  4397.369   23.0051     1.847    -4.282                                 KURHFS 
  4397.371   23.0051     1.847    -2.371                                 KURHFS 
  4397.371   23.0051     1.847    -3.379                                 KURHFS 
  4397.371   23.0051     1.847    -4.680                                 KURHFS 
  4397.374 106.00112     1.230    -1.284               3.464            AX00P265
  4397.417      68.0     1.332      0.02                                        
  4397.502 106.00113     1.855    -1.657               3.464            AX44R205
  4397.510      64.1     1.232     -0.37                              DenHarto06
  4397.522 106.00113     1.855    -1.640               3.464            AX44R195
  4397.595 106.00113     1.855    -3.812               3.464            AX44Q205
  4397.609 106.00113     0.388    -5.062               3.464            BX01P045
  4397.618 106.00113     1.105    -1.934               3.464            AX33P085
  4397.648 106.00112     1.919    -5.187               3.464            AX54P205
  4397.649 106.00113     1.105    -3.382               3.464            AX33Q085
  4397.670      60.1     0.559     -1.48                              DenHarto03
  4397.697 106.00112     1.083    -2.278               3.464            BX01R205
  4397.713      22.0     2.493     -0.82                                        
  4397.738      26.0     4.175     -3.70                                        
  4397.757 106.00112     0.778    -4.242               3.464            AX22P075
  4397.783 106.00112     1.083    -7.047               3.464            BX01Q215
  4397.797      44.0     1.130     -1.36                                        
  4397.802 106.00112     1.108    -1.934               3.464            AX33P085
  4397.835 106.00113     1.105    -1.886               3.464            AX33P095
  4397.841 106.00112     1.108    -3.366               3.464            AX33Q085
  4397.844      23.0     2.357     -1.43                               LAWNOHFS 
  4397.865 106.00112     1.083    -2.256               3.464            BX01R215
  4397.871 106.00113     1.307    -3.721               3.464            AX00Q275
  4397.915      90.1     0.830     -1.67                                        
  4397.915 106.00113     1.307    -1.263               3.464            AX00P285
  4397.931      26.1     6.133     -3.65                                        
  4397.946      23.1     6.517     -2.94                                        
  4397.947 106.00113     1.065    -1.298               3.464            AX00P255
  4397.972      26.0     4.577     -1.14                                        
  4398.010      39.1     0.130     -0.75                              Biemont11 
  4398.013      60.1     0.630     -1.30                                        
  4398.023 106.00113     1.307    -1.272               3.464            AX00P275
  4398.024 106.00113     1.065    -3.715               3.464            AX00Q245
  4398.034 106.00112     1.716    -3.724               3.464            AX33R215
  4398.073      22.0     0.899     -2.99                                        
  4398.077 106.00112     1.108    -1.886               3.464            AX33P095
  4398.114 106.00112     1.716    -1.177               3.464            AX33Q225
  4398.135      22.0     3.137     -3.54                                        
  4398.146 106.00112     1.716    -1.181               3.464            AX33Q215
  4398.161 106.00113     1.065    -1.310               3.464            AX00P245
  4398.168 106.00112     1.943    -7.346               3.464            AX01R325
  4398.171 106.00112     1.018    -2.512               3.464            BX11P195
  4398.214   25.0055     2.886   -10.195                                 KURHFS 
  4398.214   25.0055     2.886   -11.291                                 KURHFS 
  4398.214   25.0055     2.886   -12.706                                 KURHFS 
  4398.219   25.0055     2.886   -10.299                                 KURHFS 
  4398.219   25.0055     2.886   -11.103                                 KURHFS 
  4398.219   25.0055     2.886   -12.371                                 KURHFS 
  4398.223   25.0055     2.886   -10.412                                 KURHFS 
  4398.223   25.0055     2.886   -11.065                                 KURHFS 
  4398.223   25.0055     2.886   -12.274                                 KURHFS 
  4398.226   25.0055     2.886   -10.534                                 KURHFS 
  4398.226   25.0055     2.886   -11.120                                 KURHFS 
  4398.226   25.0055     2.886   -12.405                                 KURHFS 
  4398.226 106.00112     1.716    -3.742               3.464            AX33P225
  4398.228   25.0055     2.886   -10.664                                 KURHFS 
  4398.228   25.0055     2.886   -11.308                                 KURHFS 
  4398.230   25.0055     2.886   -10.797                                 KURHFS 
  4398.230 106.00113     1.970    -5.112               3.464            AX54P215
  4398.252 106.00112     1.018    -7.445               3.464            BX11Q195
  4398.271      22.1     1.223     -2.39                                        
  4398.279      22.0     2.394     -3.31                                        
  4398.345 106.00112     1.018    -2.696               3.464            BX11P205
  4398.390      24.0     3.094     -3.41                                        
  4398.400 106.00112     1.108    -1.933               3.464            AX33P085
  4398.404      26.0     4.603     -1.93                                        
  4398.418 106.00112     1.314    -3.721               3.464            AX00Q275
  4398.441 106.00112     1.108    -3.382               3.464            AX33Q085
  4398.444      73.0     0.249     -1.99                                        
  4398.484 106.00112     1.071    -1.298               3.464            AX00P255
  4398.485 106.00112     1.314    -1.263               3.464            AX00P285
  4398.498      23.1     3.325     -2.39                                        
  4398.558 106.00112     1.071    -3.715               3.464            AX00Q245
  4398.587 106.00112     1.314    -1.272               3.464            AX00P275
  4398.616      28.0     3.541     -1.82                                        
  4398.623 106.00112     1.109    -1.886               3.464            AX33P095
  4398.689 106.00113     1.087    -3.546               3.464            AX22Q155
  4398.706 106.00112     1.071    -1.310               3.464            AX00P245
  4398.753 106.00113     1.087    -1.587               3.464            AX22P155
  4398.783      58.1     0.553     -0.76                              Lawler09  
  4398.810 106.00113     1.087    -1.562               3.464            AX22P165
  4398.813      23.0     2.721     -1.64                                        
  4398.855      22.0     3.125     -3.90                                        
  4398.917 106.00112     0.687    -2.336               3.464            BX01Q135
  4398.961 106.00112     1.807    -1.636               3.464            AX44R195
  4398.986 106.00112     0.687    -5.689               3.464            BX01P145
  4398.988 106.00112     0.687    -5.545               3.464            BX01R135
  4399.016      24.0     5.207     -1.59                                        
  4399.021 106.00113     1.709    -1.177               3.464            AX33Q225
  4399.030 106.00113     1.080    -1.408               3.464            AX11P215
  4399.051 106.00113     1.080    -3.663               3.464            AX11Q205
  4399.052 106.00112     1.807    -3.733               3.464            AX44Q195
  4399.057 106.00112     0.687    -2.285               3.464            BX01Q145
  4399.058 106.00113     1.709    -3.718               3.464            AX33P225
  4399.061 106.00112     1.807    -1.627               3.464            AX44R185
  4399.062 106.00113     1.392    -3.736               3.464            AX00Q285
  4399.073 106.00113     1.709    -3.751               3.464            AX33R215
  4399.094      90.1     2.514     -0.23                                        
  4399.102 106.00113     1.392    -1.253               3.464            AX00P295
  4399.111 106.00113     1.709    -1.182               3.464            AX33Q215
  4399.151 106.00113     1.080    -1.424               3.464            AX11P205
  4399.186   27.0059     3.684    -3.114                                 KURHFS 
  4399.186   27.0059     3.684    -3.954                                 KURHFS 
  4399.186   27.0059     3.684    -5.068                                 KURHFS 
  4399.200      58.1     0.326     -0.44                              Lawler09  
  4399.209   27.0059     3.684    -3.255                                 KURHFS 
  4399.209   27.0059     3.684    -3.758                                 KURHFS 
  4399.209   27.0059     3.684    -4.658                                 KURHFS 
  4399.218 106.00113     1.392    -1.262               3.464            AX00P285
  4399.228   27.0059     3.684    -3.419                                 KURHFS 
  4399.228   27.0059     3.684    -3.704                                 KURHFS 
  4399.228   27.0059     3.684    -4.436                                 KURHFS 
  4399.233      42.0     3.779     -1.06                                        
  4399.244   27.0059     3.684    -3.617                                 KURHFS 
  4399.244   27.0059     3.684    -3.726                                 KURHFS 
  4399.244   27.0059     3.684    -4.311                                 KURHFS 
  4399.255   27.0059     3.684    -3.817                                 KURHFS 
  4399.255   27.0059     3.684    -3.872                                 KURHFS 
  4399.255   27.0059     3.684    -4.260                                 KURHFS 
  4399.256      26.0     3.299     -8.32                                        
  4399.263   27.0059     3.684    -4.005                                 KURHFS 
  4399.263   27.0059     3.684    -4.260                                 KURHFS 
  4399.263   27.0059     3.684    -4.290                                 KURHFS 
  4399.264 106.00113     0.156    -4.232               3.464            AX00P085
  4399.268      26.0     4.431     -1.68                                        
  4399.272      26.0     2.829     -3.55                                        
  4399.370 106.00112     1.705    -9.061               3.464            CX04R175
  4399.396      40.1     0.971     -1.90                                        
  4399.406      26.0     4.604     -3.21                                        
  4399.408 106.00112     1.091    -3.546               3.464            AX22Q155
  4399.413   23.0051     1.050    -3.334                                 KURHFS 
  4399.413   23.0051     1.050    -3.334                                 KURHFS 
  4399.413   23.0051     1.050    -3.448                                 KURHFS 
  4399.413   23.0051     1.050    -3.459                                 KURHFS 
  4399.413   23.0051     1.050    -3.459                                 KURHFS 
  4399.413   23.0051     1.050    -3.635                                 KURHFS 
  4399.413   23.0051     1.050    -3.653                                 KURHFS 
  4399.414   23.0051     1.050    -3.037                                 KURHFS 
  4399.414   23.0051     1.050    -3.448                                 KURHFS 
  4399.414 106.00113     1.145    -3.647               3.464            AX11Q215
  4399.415      24.0     3.085     -3.92                                        
  4399.415      77.0     2.052     -0.92                                        
  4399.416 106.00113     1.145    -1.285               3.464            AX00P265
  4399.460 106.00112     1.091    -1.586               3.464            AX22P155
  4399.474      58.1     0.869     -1.56                              Lawler09  
  4399.484 106.00112     1.705   -12.057               3.464            CX04R165
  4399.485 106.00113     1.145    -1.391               3.464            AX11P225
  4399.498 106.00112     1.705   -11.570               3.464            CX04Q175
  4399.505 106.00113     1.145    -3.732               3.464            AX00Q255
  4399.521 106.00113     1.145    -1.406               3.464            AX11P215
  4399.534 106.00112     1.091    -1.562               3.464            AX22P165
  4399.542      58.1     0.932     -1.30                              Lawler09  
  4399.580      66.1     1.460     -2.01                              Wickliff00
  4399.588 106.00112     0.389    -5.061               3.464            BX01P045
  4399.590      44.0     1.192     -1.88                                        
  4399.593      28.0     3.844     -1.22                                        
  4399.640 106.00112     1.400    -3.736               3.464            AX00Q285
  4399.646      23.1     6.529     -3.31                                        
  4399.647 106.00113     1.145    -1.296               3.464            AX00P255
  4399.664 106.00112     1.085    -1.407               3.464            AX11P215
  4399.692 106.00112     1.085    -3.663               3.464            AX11Q205
  4399.705 106.00112     1.400    -1.253               3.464            AX00P295
  4399.715      26.0     4.217     -2.21                                        
  4399.716 106.00113     1.856    -1.658               3.464            AX44R205
  4399.723      69.0     2.336      0.18                                        
  4399.765      22.1     1.236     -1.20                                 LAWLER 
  4399.784 106.00113     2.032    -5.732               3.464            AX50Q365
  4399.787      24.0     5.213     -1.61                                        
  4399.795 106.00112     1.085    -1.423               3.464            AX11P205
  4399.800 106.00113     1.856    -3.779               3.464            AX44Q205
  4399.810      24.0     3.011     -1.07                                        
  4399.816 106.00112     1.400    -1.262               3.464            AX00P285
  4399.827 106.00113     1.856    -1.640               3.464            AX44R195
  4399.843 106.00112     0.156    -4.232               3.464            AX00P085
  4399.858      26.1     2.542     -6.70                                        
  4399.860      62.1     0.543     -1.54                              Lawler06  
  4399.932 106.00113     0.156    -4.260               3.464            AX00P085
  4399.971 106.00112     1.151    -1.285               3.464            AX00P265
  4399.985 106.00112     2.037    -4.250               3.464            AX54Q225
  4400.043 106.00112     1.150    -3.647               3.464            AX11Q215
  4400.051 106.00112     1.151    -3.732               3.464            AX00Q255
  4400.056 106.00112     2.037    -2.086               3.464            AX54P235
  4400.084 106.00112     2.037    -2.125               3.464            AX54P225
  4400.128 106.00112     1.150    -1.390               3.464            AX11P225
  4400.153 106.00112     1.150    -1.405               3.464            AX11P215
  4400.180      64.1     1.156     -1.37                              DenHarto06
  4400.205      74.0     2.351     -0.59                                        
  4400.207 106.00112     1.151    -1.296               3.464            AX00P255
  4400.214      28.0     3.633     -2.70                                        
  4400.229      25.1     6.107     -6.99                                        
  4400.233      40.0     0.730     -1.32                                        
  4400.294 106.00113     1.479    -3.750               3.464            AX00Q295
  4400.331 106.00113     1.479    -1.245               3.464            AX00P305
  4400.355 106.00113     1.935    -7.346               3.464            AX01R325
  4400.356      41.0     2.096     -0.58                                        
  4400.357      26.0     4.635     -3.43                                        
  4400.379   21.1045     0.605    -2.010                              LAWKURHFS 
  4400.383   21.1045     0.605    -1.202                              LAWKURHFS 
  4400.383   21.1045     0.605    -1.815                              LAWKURHFS 
  4400.387   21.1045     0.605    -1.430                              LAWKURHFS 
  4400.387   21.1045     0.605    -1.762                              LAWKURHFS 
  4400.390   21.1045     0.605    -1.716                              LAWKURHFS 
  4400.390   21.1045     0.605    -1.788                              LAWKURHFS 
  4400.392   21.1045     0.605    -2.010                              LAWKURHFS 
  4400.393   21.1045     0.605    -1.887                              LAWKURHFS 
  4400.393   21.1045     0.605    -2.102                              LAWKURHFS 
  4400.394   21.1045     0.605    -1.815                              LAWKURHFS 
  4400.395   21.1045     0.605    -2.732                              LAWKURHFS 
  4400.396   21.1045     0.605    -1.762                              LAWKURHFS 
  4400.396   21.1045     0.605    -2.109                              LAWKURHFS 
  4400.398   21.1045     0.605    -1.788                              LAWKURHFS 
  4400.398   21.1045     0.605    -1.887                              LAWKURHFS 
  4400.398   21.1045     0.605    -2.586                              LAWKURHFS 
  4400.399   21.1045     0.605    -2.109                              LAWKURHFS 
  4400.403 106.00113     1.088    -3.573               3.464            AX22Q155
  4400.427 106.00113     1.088    -1.563               3.464            AX22P165
  4400.455 106.00113     1.479    -1.252               3.464            AX00P295
  4400.459 106.00113     1.088    -1.587               3.464            AX22P155
  4400.519 106.00112     0.157    -4.260               3.464            AX00P085
  4400.535      58.1     0.327     -1.26                              Lawler09  
  4400.550      26.0     4.214     -3.16                                        
  4400.570      22.0     2.479     -1.75                                        
  4400.572      23.0     0.262     -0.39                               LAWNOHFS 
  4400.582      22.0     2.504     -0.33                                        
  4400.587      76.0     4.049      0.11                                        
  4400.667      42.0     2.062     -2.88                                        
  4400.669 106.00113     1.267    -2.646               3.464            AX44Q015
  4400.672      22.1     2.046     -5.87                                        
  4400.680   27.0059     4.055    -5.316                                 KURHFS 
  4400.686   27.0059     4.055    -5.031                                 KURHFS 
  4400.686   27.0059     4.055    -5.286                                 KURHFS 
  4400.697   27.0059     4.055    -4.843                                 KURHFS 
  4400.697   27.0059     4.055    -5.286                                 KURHFS 
  4400.697   27.0059     4.055    -5.337                                 KURHFS 
  4400.707 106.00113     1.267    -2.643               3.464            AX44Q015
  4400.715   27.0059     4.055    -4.752                                 KURHFS 
  4400.715   27.0059     4.055    -4.898                                 KURHFS 
  4400.715   27.0059     4.055    -5.462                                 KURHFS 
  4400.739   27.0059     4.055    -4.643                                 KURHFS 
  4400.739   27.0059     4.055    -4.730                                 KURHFS 
  4400.739   27.0059     4.055    -5.684                                 KURHFS 
  4400.764      64.0     0.927     -0.38                                        
  4400.768   27.0059     4.055    -4.445                                 KURHFS 
  4400.768   27.0059     4.055    -4.784                                 KURHFS 
  4400.768   27.0059     4.055    -6.094                                 KURHFS 
  4400.777 106.00113     0.458    -2.941               3.464            BX01P075
  4400.804   27.0059     4.055    -4.281                                 KURHFS 
  4400.804   27.0059     4.055    -4.980                                 KURHFS 
  4400.804 106.00112     1.718    -1.177               3.464            AX33Q225
  4400.815 106.00113     0.458    -9.837               3.464            BX01Q075
  4400.820      60.1     0.064     -0.60                              DenHarto03
  4400.823      41.0     1.504     -0.94                                        
  4400.841 106.00112     1.718    -3.750               3.464            AX33R215
  4400.844 106.00113     1.226    -1.274               3.464            AX00P275
  4400.846      22.0     2.470     -1.24                                        
  4400.846   27.0059     4.055    -4.140                                 KURHFS 
  4400.858      28.0     3.652     -1.18                                        
  4400.865      58.1     0.634     -0.95                              Lawler09  
  4400.865 106.00113     1.972    -5.171               3.464            AX54P215
  4400.913 106.00112     1.487    -3.750               3.464            AX00Q295
  4400.916 106.00112     1.718    -3.718               3.464            AX33P225
  4400.936 106.00113     1.226    -3.748               3.464            AX00Q265
  4400.952 106.00112     1.718    -1.182               3.464            AX33Q215
  4400.974 106.00113     1.267    -2.710               3.464            AX44R015
  4400.977 106.00112     1.487    -1.245               3.464            AX00P305
