a line list in the range:    4779.00   4791.00
  4779.042 106.00112     1.441    -5.040               3.464            AX12P225
  4779.053      24.1     5.666     -1.93                                        
  4779.061 106.00113     1.077    -3.194               3.464            AX23R075
  4779.062      23.0     2.372     -2.42                                        
  4779.081      22.0     1.738     -4.10                                        
  4779.134 106.00113     0.804    -3.129               3.464            AX12R085
  4779.136      24.0     3.553     -3.78                                        
  4779.137      25.0     4.636     -1.03                                        
  4779.220      62.1     0.543     -2.13                              Lawler06  
  4779.229      59.1     0.949     -0.92                                        
  4779.240      23.1     6.491     -2.23                                        
  4779.309      24.1     6.636     -2.93                                        
  4779.338   21.0045     0.021    -3.161                                 KURHFS 
  4779.338   21.0045     0.021    -3.416                                 KURHFS 
  4779.338   21.0045     0.021    -3.446                                 KURHFS 
  4779.340   21.0045     0.021    -2.973                                 KURHFS 
  4779.340   21.0045     0.021    -3.028                                 KURHFS 
  4779.340   21.0045     0.021    -3.416                                 KURHFS 
  4779.342   21.0045     0.021    -2.773                                 KURHFS 
  4779.342   21.0045     0.021    -2.882                                 KURHFS 
  4779.342   21.0045     0.021    -3.467                                 KURHFS 
  4779.346   21.0045     0.021    -2.575                                 KURHFS 
  4779.346   21.0045     0.021    -2.860                                 KURHFS 
  4779.346   21.0045     0.021    -3.592                                 KURHFS 
  4779.350   21.0045     0.021    -2.411                                 KURHFS 
  4779.350   21.0045     0.021    -2.914                                 KURHFS 
  4779.350   21.0045     0.021    -3.814                                 KURHFS 
  4779.355   21.0045     0.021    -2.270                                 KURHFS 
  4779.355   21.0045     0.021    -3.110                                 KURHFS 
  4779.355   21.0045     0.021    -4.224                                 KURHFS 
  4779.360 106.00113     0.804    -4.659               3.464            AX12Q095
  4779.361 106.00113     0.804    -3.102               3.464            AX12R095
  4779.373 106.00113     1.077    -4.624               3.464            AX23Q085
  4779.375 106.00113     1.214    -5.555               3.464            AX01R225
  4779.393 106.00113     1.077    -3.166               3.464            AX23R085
  4779.410      24.0     3.319     -4.50                                        
  4779.439      26.0     3.415     -2.02                              NIST/C    
  4779.450 106.00113     1.214    -2.722               3.464            AX01Q235
  4779.455      60.0     0.293      0.06                                        
  4779.462   23.0051     2.314    -5.013                                 KURHFS 
  4779.462   23.0051     2.314    -5.465                                 KURHFS 
  4779.462   23.0051     2.314    -6.465                                 KURHFS 
  4779.464   23.0051     2.314    -4.895                                 KURHFS 
  4779.464   23.0051     2.314    -5.254                                 KURHFS 
  4779.464   23.0051     2.314    -6.258                                 KURHFS 
  4779.466   23.0051     2.314    -4.777                                 KURHFS 
  4779.466   23.0051     2.314    -5.158                                 KURHFS 
  4779.466   23.0051     2.314    -6.230                                 KURHFS 
  4779.468   23.0051     2.314    -4.665                                 KURHFS 
  4779.468   23.0051     2.314    -5.122                                 KURHFS 
  4779.468   23.0051     2.314    -6.310                                 KURHFS 
  4779.471   23.0051     2.314    -4.561                                 KURHFS 
  4779.471   23.0051     2.314    -5.138                                 KURHFS 
  4779.471   23.0051     2.314    -6.502                                 KURHFS 
  4779.474   23.0051     2.314    -4.465                                 KURHFS 
  4779.474   23.0051     2.314    -5.220                                 KURHFS 
  4779.474   23.0051     2.314    -6.891                                 KURHFS 
  4779.478   23.0051     2.314    -4.375                                 KURHFS 
  4779.478   23.0051     2.314    -5.438                                 KURHFS 
  4779.483   23.0051     2.314    -4.291                                 KURHFS 
  4779.526      27.0     4.143     -3.17                                        
  4779.527 106.00113     1.214    -2.720               3.464            AX01Q225
  4779.569       6.0     8.531     -4.96                                        
  4779.602 106.00113     1.214    -5.178               3.464            AX01P235
  4779.611 106.00113     1.834    -6.411               3.464            AX23R235
  4779.627 106.00113     1.078    -3.194               3.464            AX23R075
  4779.628      92.1     0.113     -2.35                                        
  4779.662 106.00113     1.834    -3.104               3.464            AX23Q245
  4779.669 106.00112     0.806    -3.128               3.464            AX12R085
  4779.674 106.00113     0.408    -5.553               3.464            AX01R065
  4779.763 106.00113     1.834    -3.006               3.464            AX23Q235
  4779.772      24.0     3.553     -3.00                                        
  4779.775      23.0     1.941     -3.47                                        
  4779.782      25.1     6.124     -3.20                                        
  4779.814 106.00113     1.834    -5.300               3.464            AX23P245
  4779.890 106.00113     1.078    -4.610               3.464            AX23Q085
  4779.891      24.0     3.009     -2.12                                        
  4779.903 106.00112     1.666    -6.604               3.464            AX45R095
  4779.911 106.00113     1.078    -3.166               3.464            AX23R085
  4779.941      24.0     3.319     -4.29                                        
  4779.950   27.0059     3.277    -1.423                                 KURHFS 
  4779.957   27.0059     3.277    -1.423                                 KURHFS 
  4779.957   27.0059     3.277    -1.599                                 KURHFS 
  4779.963 106.00112     0.806    -4.674               3.464            AX12Q095
  4779.964 106.00112     0.806    -3.101               3.464            AX12R095
  4779.967   27.0059     3.277    -1.259                                 KURHFS 
  4779.967   27.0059     3.277    -1.724                                 KURHFS 
  4779.967   27.0059     3.277    -1.849                                 KURHFS 
  4779.971      24.0     4.436     -2.53                                        
  4779.980   27.0059     3.277    -1.251                                 KURHFS 
  4779.980   27.0059     3.277    -1.285                                 KURHFS 
  4779.980   27.0059     3.277    -2.277                                 KURHFS 
  4779.985      22.1     2.046     -1.37                                        
  4779.990 106.00113     0.408    -5.531               3.464            AX01R065
  4779.996   27.0059     3.277    -1.002                                 KURHFS 
  4779.996   27.0059     3.277    -1.412                                 KURHFS 
  4780.016   27.0059     3.277    -0.786                                 KURHFS 
  4780.172      39.0     1.886     -0.91                                        
  4780.192      92.0     1.249     -0.49                                        
  4780.246      58.1     1.480     -0.86                                        
  4780.287      24.0     3.319     -4.55                                        
  4780.330      23.1     4.241     -2.65                                        
  4780.361 106.00112     1.220    -5.555               3.464            AX01R225
  4780.374   27.0059     4.061    -3.411                                 KURHFS 
  4780.378   27.0059     4.061    -3.023                                 KURHFS 
  4780.382   27.0059     4.061    -3.156                                 KURHFS 
  4780.383 106.00113     1.251    -6.110               3.464            BX02R195
  4780.385   27.0059     4.061    -2.768                                 KURHFS 
  4780.387   27.0059     4.061    -3.441                                 KURHFS 
  4780.388 106.00112     2.222    -2.118               3.464            AX55P225
  4780.390   27.0059     4.061    -2.968                                 KURHFS 
  4780.394      21.0     4.531     -1.15                                        
  4780.396   27.0059     4.061    -2.570                                 KURHFS 
  4780.398   27.0059     4.061    -3.411                                 KURHFS 
  4780.401   27.0059     4.061    -2.877                                 KURHFS 
  4780.407 106.00112     0.807    -3.128               3.464            AX12R085
  4780.410   27.0059     4.061    -2.406                                 KURHFS 
  4780.414   27.0059     4.061    -3.462                                 KURHFS 
  4780.417   27.0059     4.061    -2.855                                 KURHFS 
  4780.421      26.0     4.792     -4.05                                        
  4780.427      26.0     2.725     -5.02                                        
  4780.427 106.00112     1.080    -3.194               3.464            AX23R075
  4780.428   27.0059     4.061    -2.265                                 KURHFS 
  4780.433   27.0059     4.061    -3.587                                 KURHFS 
  4780.435   27.0059     4.061    -2.909                                 KURHFS 
  4780.437 106.00112     2.222    -4.389               3.464            AX55Q215
  4780.456   27.0059     4.061    -3.809                                 KURHFS 
  4780.456 106.00112     1.220    -2.721               3.464            AX01Q235
  4780.458   27.0059     4.061    -3.105                                 KURHFS 
  4780.461      25.0     5.345     -0.89                                        
  4780.483   27.0059     4.061    -4.219                                 KURHFS 
  4780.496 106.00112     1.666    -6.575               3.464            AX45R095
  4780.521 106.00113     1.903    -3.238               3.464            AX23Q255
  4780.526 106.00112     1.220    -2.720               3.464            AX01Q225
  4780.545 106.00112     2.222    -2.048               3.464            AX55P215
  4780.602      26.1     3.228     -7.28                                        
  4780.621 106.00112     1.220    -5.178               3.464            AX01P235
  4780.624 106.00113     1.903    -6.882               3.464            AX23R245
  4780.635 106.00112     0.807    -4.659               3.464            AX12Q095
  4780.636 106.00112     0.807    -3.101               3.464            AX12R095
  4780.687      25.0     4.422     -3.37                                        
  4780.717 106.00112     0.912    -6.491               3.464            BX02R125
  4780.722 106.00113     1.903    -5.354               3.464            AX23P255
  4780.734      26.1     3.889     -8.44                                        
  4780.744 106.00112     1.081    -4.623               3.464            AX23Q085
  4780.764 106.00112     1.081    -3.166               3.464            AX23R085
  4780.808      22.0     2.173     -3.31                                        
  4780.809      26.0     3.249     -3.36                                        
  4780.809      26.0     4.073     -3.03                                        
  4780.825 106.00113     1.903    -3.104               3.464            AX23Q245
  4780.879      25.0     4.604     -4.34                                        
  4780.898 106.00112     0.409    -5.553               3.464            AX01R065
  4780.918 106.00113     1.420    -3.422               3.464            AX34R095
  4780.920      73.0     1.324     -1.41                                        
  4780.983      64.0     1.400     -0.14                                        
  4781.000 106.00112     1.081    -3.194               3.464            AX23R075
  4781.025      39.0     1.397     -0.46                                        
  4781.101 106.00113     1.437    -2.670               3.464            AX12Q225
  4781.133      64.0     1.494     -0.05                                        
  4781.144 106.00113     1.420    -4.939               3.464            AX34Q105
  4781.145 106.00113     1.420    -3.434               3.464            AX34R105
  4781.176 106.00113     1.437    -5.524               3.464            AX12R215
  4781.199      24.0     3.553     -3.93                                        
  4781.221 106.00112     0.410    -5.531               3.464            AX01R065
  4781.228      24.0     4.183     -1.76                                        
  4781.235 106.00113     1.437    -5.016               3.464            AX12P225
  4781.260 106.00112     1.081    -4.610               3.464            AX23Q085
  4781.285 106.00112     1.081    -3.166               3.464            AX23R085
  4781.310 106.00113     1.437    -2.655               3.464            AX12Q215
  4781.327      23.0     2.357     -1.65                               LAWNOHFS 
  4781.334   27.0059     1.881    -3.546                                 KURHFS 
  4781.334   27.0059     1.881    -3.801                                 KURHFS 
  4781.341      25.1     5.811     -5.42                                        
  4781.351   27.0059     1.881    -3.347                                 KURHFS 
  4781.351   27.0059     1.881    -3.546                                 KURHFS 
  4781.351   27.0059     1.881    -5.454                                 KURHFS 
  4781.364      24.0     5.176     -3.76                                        
  4781.367   27.0059     1.881    -3.556                                 LAWHFS 
  4781.368      38.1     5.914     -2.73                                        
  4781.372   27.0059     1.881    -3.357                                 LAWHFS 
  4781.374   27.0059     1.881    -3.811                                 LAWHFS 
  4781.376   27.0059     1.881    -3.283                                 KURHFS 
  4781.376   27.0059     1.881    -3.347                                 KURHFS 
  4781.376   27.0059     1.881    -4.211                                 KURHFS 
  4781.383   27.0059     1.881    -3.293                                 LAWHFS 
  4781.383   27.0059     1.881    -5.461                                 LAWHFS 
  4781.391   27.0059     1.881    -3.556                                 LAWHFS 
  4781.398   27.0059     1.881    -3.324                                 LAWHFS 
  4781.398   27.0059     1.881    -4.221                                 LAWHFS 
  4781.409   27.0059     1.881    -3.357                                 LAWHFS 
  4781.410   27.0059     1.881    -3.283                                 KURHFS 
  4781.410   27.0059     1.881    -3.314                                 KURHFS 
  4781.410   27.0059     1.881    -3.494                                 KURHFS 
  4781.417   27.0059     1.881    -3.504                                 LAWHFS 
  4781.418   27.0059     1.881    -3.505                                 LAWHFS 
  4781.432   27.0059     1.881    -3.293                                 LAWHFS 
  4781.441   27.0059     1.881    -3.098                                 LAWHFS 
  4781.451      23.0     2.614     -3.79                                        
  4781.453   27.0059     1.881    -3.088                                 KURHFS 
  4781.453   27.0059     1.881    -3.314                                 KURHFS 
  4781.453   27.0059     1.881    -3.495                                 KURHFS 
  4781.460   27.0059     1.881    -3.324                                 LAWHFS 
  4781.470   27.0059     1.881    -2.806                                 LAWHFS 
  4781.493   27.0059     1.881    -3.505                                 LAWHFS 
  4781.505   27.0059     1.881    -2.796                                 KURHFS 
  4781.505   27.0059     1.881    -3.495                                 KURHFS 
  4781.666 106.00113     2.051   -11.023               3.464            CX05Q195
  4781.669      24.0     4.200     -2.39                                        
  4781.711      22.0     0.848     -1.95                                 LAWLER 
  4781.742      26.0     3.571     -3.08                                        
  4781.742 106.00113     1.420    -3.422               3.464            AX34R095
  4781.799      20.0     4.551     -2.10                                        
  4781.830      62.1     0.484     -1.47                              Lawler06  
  4781.848 106.00113     0.556    -3.235               3.464            AX01R105
  4781.860      15.0     7.398     -2.00                                        
  4781.881 106.00113     1.420    -3.435               3.464            AX34R105
  4781.899 106.00112     2.339   -12.057               3.464            CX05R235
  4781.905 106.00113     1.420    -4.922               3.464            AX34Q105
  4781.921      20.0     5.041     -3.75                                        
  4781.922      20.0     5.989     -2.47                                        
  4781.926      64.0     0.124     -0.92                                        
  4781.930      66.1     2.390      0.00                              Wickliff00
  4781.959 106.00112     2.339    -7.778               3.464            CX05Q245
  4781.972      23.1     6.160     -3.02                                        
  4782.046 106.00113     0.556    -3.212               3.464            AX01R115
  4782.064      22.1     1.230     -9.98                                        
  4782.074 106.00112     2.339    -7.385               3.464            CX05Q235
  4782.075      26.0     4.431     -3.12                                        
  4782.087 106.00113     0.556    -4.948               3.464            AX01Q115
  4782.134 106.00112     2.339   -11.245               3.464            CX05P245
  4782.141      25.0     4.270     -4.26                                        
  4782.225 106.00112     1.443    -2.670               3.464            AX12Q225
  4782.267   23.0051     2.113    -4.362                                 KURHFS 
  4782.267   23.0051     2.113    -4.654                                 KURHFS 
  4782.267   23.0051     2.113    -4.849                                 KURHFS 
  4782.267   23.0051     2.113    -4.849                                 KURHFS 
  4782.267   23.0051     2.113    -4.880                                 KURHFS 
  4782.267   23.0051     2.113    -4.880                                 KURHFS 
  4782.267   23.0051     2.113    -4.913                                 KURHFS 
  4782.267   23.0051     2.113    -4.913                                 KURHFS 
  4782.267   23.0051     2.113    -5.060                                 KURHFS 
  4782.267   23.0051     2.113    -5.061                                 KURHFS 
  4782.267   23.0051     2.113    -5.061                                 KURHFS 
  4782.267   23.0051     2.113    -5.112                                 KURHFS 
  4782.267   23.0051     2.113    -5.112                                 KURHFS 
  4782.267   23.0051     2.113    -5.367                                 KURHFS 
  4782.267   23.0051     2.113    -5.777                                 KURHFS 
  4782.267   23.0051     2.113    -7.020                                 KURHFS 
  4782.269 106.00112     1.443    -5.524               3.464            AX12R215
  4782.301      24.0     3.320     -4.67                                        
  4782.301      26.0     4.412     -4.36                                        
  4782.310 106.00112     2.234    -4.872               3.464            AX44P255
  4782.338 106.00112     1.424    -3.422               3.464            AX34R095
  4782.359 106.00113     2.052    -7.633               3.464            CX05R185
  4782.363      74.1     2.905     -1.09                                        
  4782.363 106.00112     1.443    -5.016               3.464            AX12P225
  4782.406 106.00112     1.443    -2.655               3.464            AX12Q215
  4782.430      24.0     3.320     -4.30                                        
  4782.434      27.1     3.405     -7.27                                        
  4782.461 106.00113     2.051    -7.587               3.464            CX05R195
  4782.501   27.0059     0.922    -4.743                                 KURHFS 
  4782.517      24.0     4.614     -2.56                                        
  4782.530   27.0059     0.922    -4.848                                 KURHFS 
  4782.551   27.0059     0.922    -5.751                                 KURHFS 
  4782.555   27.0059     0.922    -4.964                                 KURHFS 
  4782.563 106.00112     1.424    -3.434               3.464            AX34R105
  4782.571 106.00112     1.424    -4.939               3.464            AX34Q105
  4782.573   27.0059     0.922    -5.540                                 KURHFS 
  4782.578   27.0059     0.922    -5.093                                 KURHFS 
  4782.593   27.0059     0.922    -5.467                                 KURHFS 
  4782.594   27.0059     0.922    -7.052                                 KURHFS 
  4782.596   27.0059     0.922    -5.239                                 KURHFS 
  4782.609   27.0059     0.922    -5.461                                 KURHFS 
  4782.610   27.0059     0.922    -6.654                                 KURHFS 
  4782.612   27.0059     0.922    -5.409                                 KURHFS 
  4782.621   27.0059     0.922    -5.508                                 KURHFS 
  4782.624   27.0059     0.922    -6.450                                 KURHFS 
  4782.625   27.0059     0.922    -5.613                                 KURHFS 
  4782.631   27.0059     0.922    -5.613                                 KURHFS 
  4782.633   27.0059     0.922    -6.353                                 KURHFS 
  4782.634   27.0059     0.922    -5.876                                 KURHFS 
  4782.637   27.0059     0.922    -5.809                                 KURHFS 
  4782.640   27.0059     0.922    -6.353                                 KURHFS 
  4782.643   27.0059     0.922    -6.508                                 KURHFS 
  4782.722      20.0     5.045     -3.57                                        
  4782.741      72.0     2.258     -0.26                                        
  4782.761      90.1     0.829     -2.35                                        
  4782.788      26.0     3.234     -3.68                                        
  4782.889      67.0     1.133     -0.49                                        
  4782.917      42.0     2.595     -1.16                                        
  4782.933      24.0     3.011     -2.98                                        
  4782.933 106.00113     0.557    -3.235               3.464            AX01R105
  4782.972      42.0     2.494     -1.60                                        
  4782.991      14.0     4.954     -1.76                              NIST/D    
  4783.042      24.0     4.172     -0.31                                        
  4783.048 106.00112     0.559    -3.235               3.464            AX01R105
  4783.063 106.00113     0.557    -3.213               3.464            AX01R115
  4783.091      26.0     4.786     -2.96                              PK15THEOR 
  4783.095 106.00113     0.557    -4.929               3.464            AX01Q115
  4783.100      62.0     0.036     -0.26                                        
  4783.101 106.00113     0.871    -6.529               3.464            BX02R115
  4783.139 106.00113     1.216    -2.722               3.464            AX01Q235
  4783.160 106.00112     1.424    -3.421               3.464            AX34R095
  4783.181 106.00113     1.216    -5.581               3.464            AX01R225
  4783.243      24.0     3.077     -1.57                                        
  4783.263 106.00112     0.559    -3.212               3.464            AX01R115
  4783.291 106.00113     1.216    -5.154               3.464            AX01P235
  4783.298 106.00112     0.559    -4.947               3.464            AX01Q115
  4783.302      22.0     0.818     -2.95                                 LAWLER 
  4783.319 106.00112     1.424    -3.434               3.464            AX34R105
  4783.327 106.00112     1.424    -4.921               3.464            AX34Q105
  4783.334 106.00113     1.216    -2.721               3.464            AX01Q225
  4783.352      59.1     0.371     -0.90                                        
  4783.391   25.0055     2.296    -1.557                                 LAWHFS 
  4783.404   25.0055     2.296    -1.375                                 LAWHFS 
  4783.415   25.0055     2.296    -0.565                                 LAWHFS 
  4783.415   25.0055     2.296    -1.344                                 LAWHFS 
  4783.424   25.0055     2.296    -0.736                                 LAWHFS 
  4783.425   25.0055     2.296    -1.409                                 LAWHFS 
  4783.432   25.0055     2.296    -0.921                                 LAWHFS 
  4783.433   25.0055     2.296    -1.607                                 LAWHFS 
  4783.438   25.0055     2.296    -1.113                                 LAWHFS 
  4783.441   25.0055     2.296    -1.288                                 LAWHFS 
  4783.444   25.0055     2.296    -1.352                                 LAWHFS 
  4783.449   25.0055     2.296    -1.557                                 LAWHFS 
  4783.453   25.0055     2.296    -1.375                                 LAWHFS 
  4783.453   25.0055     2.296    -1.607                                 LAWHFS 
  4783.454   25.0055     2.296    -1.344                                 LAWHFS 
  4783.454   25.0055     2.296    -1.409                                 LAWHFS 
  4783.459      64.0     1.448     -0.30                                        
  4783.460      26.0     5.067     -2.14                              PK15THEOR 
  4783.467 106.00113     1.371    -5.423               3.464            AX12R205
  4783.493   23.0051     0.286    -6.837                                 KURHFS 
  4783.496   23.0051     0.286    -6.552                                 KURHFS 
  4783.496   23.0051     0.286    -6.807                                 KURHFS 
  4783.502   23.0051     0.286    -6.364                                 KURHFS 
  4783.502   23.0051     0.286    -6.807                                 KURHFS 
  4783.502   23.0051     0.286    -6.858                                 KURHFS 
  4783.511   23.0051     0.286    -6.273                                 KURHFS 
  4783.511   23.0051     0.286    -6.419                                 KURHFS 
  4783.511   23.0051     0.286    -6.983                                 KURHFS 
  4783.523   23.0051     0.286    -6.164                                 KURHFS 
  4783.523   23.0051     0.286    -6.251                                 KURHFS 
  4783.523   23.0051     0.286    -7.205                                 KURHFS 
  4783.537   23.0051     0.286    -5.966                                 KURHFS 
  4783.537   23.0051     0.286    -6.305                                 KURHFS 
  4783.537   23.0051     0.286    -7.615                                 KURHFS 
  4783.542 106.00113     1.770    -6.133               3.464            AX23R225
  4783.555   23.0051     0.286    -5.802                                 KURHFS 
  4783.555   23.0051     0.286    -6.501                                 KURHFS 
  4783.556      64.0     1.466     -0.29                                        
  4783.556 106.00113     1.371    -2.656               3.464            AX12Q215
  4783.575   23.0051     0.286    -5.661                                 KURHFS 
  4783.590      24.0     3.320     -4.63                                        
  4783.593 106.00113     1.371    -2.646               3.464            AX12Q205
  4783.600 106.00113     1.770    -3.006               3.464            AX23Q235
  4783.682 106.00113     1.371    -5.007               3.464            AX12P215
  4783.686 106.00113     1.770    -2.932               3.464            AX23Q225
  4783.725      23.1     6.161     -2.44                                        
  4783.745 106.00113     1.770    -5.231               3.464            AX23P235
  4783.751 106.00112     1.256    -6.110               3.464            BX02R195
  4783.781 106.00113     0.692    -5.150               3.464            AX12R045
  4783.792      24.0     3.963     -2.80                                        
  4783.798       6.0     7.940     -2.56                                        
  4783.828      60.1     0.064     -1.67                                        
  4783.920 106.00113     0.692    -5.135               3.464            AX12R045
  4783.964      58.1     1.581     -0.61                                        
  4784.040      90.0     1.935     -0.58                                        
  4784.145 106.00113     1.837    -3.104               3.464            AX23Q245
  4784.157 106.00112     0.559    -3.235               3.464            AX01R105
  4784.163 106.00112     1.222    -2.722               3.464            AX01Q235
  4784.218 106.00112     1.222    -5.581               3.464            AX01R225
  4784.235 106.00113     1.837    -6.439               3.464            AX23R235
  4784.270      44.0     1.418     -1.71                                        
  4784.285 106.00112     0.559    -3.212               3.464            AX01R115
  4784.316      38.0     1.797     -0.51                                        
  4784.319 106.00112     0.559    -4.929               3.464            AX01Q115
  4784.328 106.00112     1.222    -5.153               3.464            AX01P235
  4784.334 106.00113     1.837    -5.274               3.464            AX23P245
  4784.383 106.00112     1.222    -2.720               3.464            AX01Q225
  4784.413      42.0     3.435     -1.25                                        
  4784.423 106.00113     1.837    -3.006               3.464            AX23Q235
  4784.469      23.0     0.017     -2.67                               LAWNOHFS 
  4784.545 106.00112     1.376    -5.423               3.464            AX12R205
  4784.625      25.1     6.568     -1.50                                        
  4784.635 106.00113     1.288    -5.281               3.464            AX34R045
  4784.638      64.0     0.985      0.11                                        
  4784.649 106.00112     1.376    -2.655               3.464            AX12Q215
  4784.676 106.00112     1.376    -2.646               3.464            AX12Q205
  4784.697      24.0     3.110     -3.35                                        
  4784.720       6.0     7.940     -3.47                                        
  4784.757      23.0     2.372     -3.97                                        
  4784.760 106.00113     1.288    -5.266               3.464            AX34R045
  4784.780 106.00112     1.376    -5.007               3.464            AX12P215
  4784.785      58.0     0.520     -0.51                                        
  4784.798 106.00113     1.636    -6.412               3.464            AX45R085
  4784.913      40.0     0.686     -0.49                                        
  4785.008 106.00112     1.872   -10.811               3.464            CX05R155
  4785.094 106.00112     0.694    -5.150               3.464            AX12R045
  4785.118      42.0     2.258     -1.13                                        
  4785.175      22.0     1.872     -2.10                                 LAWLER 
  4785.235 106.00112     0.694    -5.134               3.464            AX12R045
  4785.253   23.0051     1.944    -4.237                                 KURHFS 
  4785.258   23.0051     1.944    -4.237                                 KURHFS 
  4785.258   23.0051     1.944    -4.413                                 KURHFS 
  4785.263 106.00113     1.637    -6.385               3.464            AX45R085
  4785.265   23.0051     1.944    -4.073                                 KURHFS 
  4785.265   23.0051     1.944    -4.538                                 KURHFS 
  4785.265   23.0051     1.944    -4.663                                 KURHFS 
  4785.274   23.0051     1.944    -4.065                                 KURHFS 
  4785.274   23.0051     1.944    -4.099                                 KURHFS 
  4785.274   23.0051     1.944    -5.091                                 KURHFS 
  4785.283      24.0     2.542     -6.21                                        
  4785.286   23.0051     1.944    -3.816                                 KURHFS 
  4785.286   23.0051     1.944    -4.226                                 KURHFS 
  4785.300   23.0051     1.944    -3.600                                 KURHFS 
  4785.433      71.1     2.147     -1.37                                        
  4785.687      41.0     1.608     -1.42                                        
  4785.723      26.0     4.073     -2.30                                        
  4785.738      27.0     4.146     -3.59                                        
  4785.743   23.0051     1.929    -5.912                                 KURHFS 
  4785.743   23.0051     1.929    -6.167                                 KURHFS 
  4785.743   23.0051     1.929    -6.197                                 KURHFS 
  4785.747      24.1     6.636     -4.64                                        
  4785.754   23.0051     1.929    -5.724                                 KURHFS 
  4785.754   23.0051     1.929    -5.779                                 KURHFS 
  4785.754   23.0051     1.929    -6.167                                 KURHFS 
  4785.763      27.0     4.146     -4.03                                        
  4785.769   23.0051     1.929    -5.524                                 KURHFS 
  4785.769   23.0051     1.929    -5.633                                 KURHFS 
  4785.769   23.0051     1.929    -6.218                                 KURHFS 
  4785.790   23.0051     1.929    -5.326                                 KURHFS 
  4785.790   23.0051     1.929    -5.611                                 KURHFS 
  4785.790   23.0051     1.929    -6.343                                 KURHFS 
  4785.806      25.0     4.662     -3.28                                        
  4785.814      24.0     3.461     -4.30                                        
  4785.816   23.0051     1.929    -5.162                                 KURHFS 
  4785.816   23.0051     1.929    -5.665                                 KURHFS 
  4785.816   23.0051     1.929    -6.565                                 KURHFS 
  4785.847   23.0051     1.929    -5.021                                 KURHFS 
  4785.847   23.0051     1.929    -5.861                                 KURHFS 
  4785.847   23.0051     1.929    -6.975                                 KURHFS 
  4785.878      62.0     0.101     -0.32                                        
  4785.920      92.0     0.479     -1.26                                        
  4785.936      24.0     5.176     -3.78                                        
  4785.957      26.0     4.143     -1.91                              NIST/E    
  4786.042 106.00112     0.874    -6.528               3.464            BX02R115
  4786.063 106.00112     1.294    -5.441               3.464            BX11P235
  4786.080      24.0     2.542     -5.90                                        
  4786.087      26.0     2.756     -4.50                                        
  4786.095 106.00112     1.291    -5.281               3.464            AX34R045
  4786.110      60.1     0.182     -1.41                              DenHarto03
  4786.142   23.0051     1.948    -5.156                                 KURHFS 
  4786.146   23.0051     1.948    -4.871                                 KURHFS 
  4786.146   23.0051     1.948    -5.126                                 KURHFS 
  4786.153   23.0051     1.948    -4.683                                 KURHFS 
  4786.153   23.0051     1.948    -5.126                                 KURHFS 
  4786.153   23.0051     1.948    -5.177                                 KURHFS 
  4786.163   23.0051     1.948    -4.592                                 KURHFS 
  4786.163   23.0051     1.948    -4.738                                 KURHFS 
  4786.163   23.0051     1.948    -5.302                                 KURHFS 
  4786.176   23.0051     1.948    -4.483                                 KURHFS 
  4786.176   23.0051     1.948    -4.570                                 KURHFS 
  4786.176   23.0051     1.948    -5.524                                 KURHFS 
  4786.193   23.0051     1.948    -4.285                                 KURHFS 
  4786.193   23.0051     1.948    -4.624                                 KURHFS 
  4786.193   23.0051     1.948    -5.934                                 KURHFS 
  4786.214   23.0051     1.948    -4.121                                 KURHFS 
  4786.214   23.0051     1.948    -4.820                                 KURHFS 
  4786.224 106.00112     1.291    -5.265               3.464            AX34R045
  4786.238   23.0051     1.948    -3.980                                 KURHFS 
  4786.246      27.0     4.172     -3.87                                        
  4786.281      28.0     1.675     -3.14                              Wood14    
  4786.290      23.0     2.573     -4.54                                        
  4786.297      67.0     2.073      0.36                                        
  4786.434 106.00113     0.985    -4.995               3.464            AX23R035
  4786.456      42.0     1.334     -2.37                                        
  4786.491      19.0     1.609     -3.09                                        
  4786.493      20.0     4.551     -4.30                                        
  4786.500      23.0     2.073      0.07                               LAWNOHFS 
  4786.509 106.00113     0.985    -4.983               3.464            AX23R035
  4786.535      28.0     3.417     -0.18                              Wood14    
  4786.542 106.00113     1.372    -2.656               3.464            AX12Q215
  4786.573      58.0     0.206     -0.73                                        
  4786.580      39.1     1.033     -1.09                              Biemont11 
  4786.580 106.00113     1.362    -4.945               3.464            BX11P245
  4786.601 106.00113     1.372    -5.448               3.464            AX12R205
  4786.613      70.1     3.919      0.06                                        
  4786.627      25.0     3.769     -2.68                                        
  4786.654   23.0051     2.294    -6.523                                 KURHFS 
  4786.654   23.0051     2.294    -6.590                                 KURHFS 
  4786.654   23.0051     2.294    -7.222                                 KURHFS 
  4786.655   23.0051     2.294    -6.327                                 KURHFS 
  4786.655   23.0051     2.294    -6.327                                 KURHFS 
  4786.655   23.0051     2.294    -7.067                                 KURHFS 
  4786.656   23.0051     2.294    -6.123                                 KURHFS 
  4786.656   23.0051     2.294    -6.222                                 KURHFS 
  4786.656   23.0051     2.294    -7.067                                 KURHFS 
  4786.657      73.0     1.202     -2.21                                        
  4786.658   23.0051     2.294    -5.953                                 KURHFS 
  4786.658   23.0051     2.294    -6.175                                 KURHFS 
  4786.658   23.0051     2.294    -7.164                                 KURHFS 
  4786.661   23.0051     2.294    -5.807                                 KURHFS 
  4786.661   23.0051     2.294    -6.181                                 KURHFS 
  4786.661   23.0051     2.294    -7.368                                 KURHFS 
  4786.664   23.0051     2.294    -5.678                                 KURHFS 
  4786.664   23.0051     2.294    -6.254                                 KURHFS 
  4786.664   23.0051     2.294    -7.766                                 KURHFS 
  4786.667   23.0051     2.294    -5.562                                 KURHFS 
  4786.667   23.0051     2.294    -6.465                                 KURHFS 
  4786.668 106.00113     1.372    -4.984               3.464            AX12P215
  4786.671   23.0051     2.294    -5.457                                 KURHFS 
  4786.689      27.0     4.146     -3.04                                        
  4786.713 106.00113     1.053    -3.222               3.464            AX23R065
  4786.727 106.00113     1.372    -2.646               3.464            AX12Q205
  4786.757      64.0     1.530      0.22                                        
  4786.807      26.0     3.017     -1.61                              NIST/B+   
  4786.850      22.0     2.736     -1.82                                        
  4786.861      25.0     5.228     -0.71                                        
  4786.876      39.0     1.917      0.12                                        
  4786.910      64.1     1.133     -1.08                              DenHarto06
  4786.920      66.1     0.000     -2.39                                        
  4786.939 106.00113     1.391    -3.416               3.464            AX34R085
  4786.989   23.0051     2.364    -3.496                                 KURHFS 
  4786.990   23.0051     2.364    -3.211                                 KURHFS 
  4786.990   23.0051     2.364    -3.466                                 KURHFS 
  4786.991   23.0051     2.364    -3.023                                 KURHFS 
  4786.991   23.0051     2.364    -3.466                                 KURHFS 
  4786.991   23.0051     2.364    -3.517                                 KURHFS 
  4786.993   23.0051     2.364    -2.932                                 KURHFS 
  4786.993   23.0051     2.364    -3.078                                 KURHFS 
  4786.993   23.0051     2.364    -3.642                                 KURHFS 
  4786.996   23.0051     2.364    -2.823                                 KURHFS 
  4786.996   23.0051     2.364    -2.910                                 KURHFS 
  4786.996   23.0051     2.364    -3.864                                 KURHFS 
  4787.000   23.0051     2.364    -2.625                                 KURHFS 
  4787.000   23.0051     2.364    -2.964                                 KURHFS 
  4787.000   23.0051     2.364    -4.274                                 KURHFS 
  4787.004   23.0051     2.364    -2.461                                 KURHFS 
  4787.004   23.0051     2.364    -3.160                                 KURHFS 
  4787.009   23.0051     2.364    -2.320                                 KURHFS 
  4787.074 106.00113     1.053    -4.559               3.464            AX23Q075
  4787.114 106.00113     1.053    -3.185               3.464            AX23R075
  4787.152   27.0059     4.069    -5.805                                 KURHFS 
  4787.152   27.0059     4.069    -6.001                                 KURHFS 
  4787.155 106.00113     1.053    -3.222               3.464            AX23R065
  4787.157   27.0059     4.069    -5.780                                 KURHFS 
  4787.157   27.0059     4.069    -5.791                                 KURHFS 
  4787.157   27.0059     4.069    -6.001                                 KURHFS 
  4787.164   27.0059     4.069    -5.653                                 KURHFS 
  4787.164   27.0059     4.069    -5.677                                 KURHFS 
  4787.164   27.0059     4.069    -5.780                                 KURHFS 
  4787.165      58.1     0.879     -1.33                              Lawler09  
  4787.174   27.0059     4.069    -5.486                                 KURHFS 
  4787.174   27.0059     4.069    -5.634                                 KURHFS 
  4787.174   27.0059     4.069    -5.677                                 KURHFS 
  4787.186   27.0059     4.069    -5.317                                 KURHFS 
  4787.186   27.0059     4.069    -5.634                                 KURHFS 
  4787.186   27.0059     4.069    -5.645                                 KURHFS 
  4787.195 106.00113     1.391    -4.870               3.464            AX34Q095
  4787.200   27.0059     4.069    -5.158                                 KURHFS 
  4787.200   27.0059     4.069    -5.645                                 KURHFS 
  4787.200   27.0059     4.069    -5.722                                 KURHFS 
  4787.209 106.00113     1.391    -3.416               3.464            AX34R095
  4787.216   27.0059     4.069    -5.010                                 KURHFS 
  4787.216   27.0059     4.069    -5.722                                 KURHFS 
  4787.216   27.0059     4.069    -5.937                                 KURHFS 
  4787.233   27.0059     4.069    -4.874                                 KURHFS 
  4787.233   27.0059     4.069    -5.937                                 KURHFS 
  4787.233 106.00113     1.088    -5.338               3.464            BX12P155
  4787.278      20.0     6.041     -3.65                                        
  4787.301      25.0     4.824     -1.98                                        
  4787.302      24.0     3.548     -2.86                                        
  4787.410      60.0     0.140     -0.96                                        
  4787.422 106.00113     0.775    -3.156               3.464            AX12R075
  4787.423 106.00113     1.707    -5.930               3.464            AX23R215
  4787.444 106.00113     1.145    -5.505               3.464            AX01R215
  4787.447      20.0     6.041     -2.73                                        
  4787.461   23.0051     2.136    -8.424                                 KURHFS 
  4787.461   23.0051     2.136    -8.876                                 KURHFS 
  4787.461   23.0051     2.136    -9.876                                 KURHFS 
  4787.471   23.0051     2.136    -8.306                                 KURHFS 
  4787.471   23.0051     2.136    -8.665                                 KURHFS 
  4787.471   23.0051     2.136    -9.669                                 KURHFS 
  4787.473 106.00113     1.053    -4.547               3.464            AX23Q075
  4787.486   23.0051     2.136    -8.188                                 KURHFS 
  4787.486   23.0051     2.136    -8.569                                 KURHFS 
  4787.486   23.0051     2.136    -9.641                                 KURHFS 
  4787.490 106.00113     1.707    -2.932               3.464            AX23Q225
  4787.495      26.0     3.015     -4.19                                        
  4787.503   23.0051     2.136    -8.076                                 KURHFS 
  4787.503   23.0051     2.136    -8.533                                 KURHFS 
  4787.503   23.0051     2.136    -9.721                                 KURHFS 
  4787.515 106.00113     1.053    -3.186               3.464            AX23R075
  4787.521      20.0     6.041     -2.32                                        
  4787.525   23.0051     2.136    -7.972                                 KURHFS 
  4787.525   23.0051     2.136    -8.549                                 KURHFS 
  4787.525   23.0051     2.136    -9.913                                 KURHFS 
  4787.528 106.00113     1.145    -2.721               3.464            AX01Q225
  4787.549   23.0051     2.136    -7.876                                 KURHFS 
  4787.549   23.0051     2.136    -8.631                                 KURHFS 
  4787.549   23.0051     2.136   -10.302                                 KURHFS 
  4787.550      24.0     4.385     -4.38                                        
  4787.559 106.00113     1.707    -2.876               3.464            AX23Q215
  4787.578   23.0051     2.136    -7.786                                 KURHFS 
  4787.578   23.0051     2.136    -8.849                                 KURHFS 
  4787.586      26.0     3.249     -3.91                                        
  4787.589 106.00113     1.145    -2.723               3.464            AX01Q215
  4787.608      20.0     5.951     -4.90                                        
  4787.610   23.0051     2.136    -7.702                                 KURHFS 
  4787.621 106.00113     1.391    -3.416               3.464            AX34R085
  4787.625      42.0     2.494     -1.98                                        
  4787.626 106.00113     1.707    -5.169               3.464            AX23P225
  4787.635      22.0     0.818     -3.28                                 LAWLER 
  4787.673 106.00113     1.145    -5.154               3.464            AX01P225
  4787.729 106.00113     1.772    -3.006               3.464            AX23Q235
  4787.739 106.00112     1.378    -2.656               3.464            AX12Q215
  4787.740      24.0     3.119     -2.47                                        
  4787.755 106.00113     0.775    -4.619               3.464            AX12Q085
  4787.772 106.00112     1.378    -5.448               3.464            AX12R205
  4787.772 106.00113     0.775    -3.122               3.464            AX12R085
  4787.805 106.00113     1.772    -6.160               3.464            AX23R225
  4787.814 106.00113     1.391    -3.416               3.464            AX34R095
  4787.819 106.00113     1.391    -4.854               3.464            AX34Q095
  4787.827      26.0     2.998     -2.62                              DenHarto14
  4787.842 106.00112     0.988    -4.995               3.464            AX23R035
  4787.869 106.00112     1.378    -4.984               3.464            AX12P215
  4787.895      23.1     2.274     -4.29                                        
  4787.902 106.00112     1.378    -2.646               3.464            AX12Q205
  4787.906 106.00113     1.772    -5.205               3.464            AX23P235
  4787.917 106.00112     0.988    -4.982               3.464            AX23R035
  4787.924      74.0     1.654     -1.93                                        
  4787.953      24.0     5.176     -3.74                                        
  4787.982 106.00113     1.772    -2.932               3.464            AX23Q225
  4787.986      20.0     5.951     -4.25                                        
  4788.009 106.00113     0.775    -3.156               3.464            AX12R075
  4788.025      25.0     3.769     -3.75                                        
  4788.029      20.0     4.551     -4.56                                        
  4788.122 106.00112     1.056    -3.222               3.464            AX23R065
  4788.163      24.0     5.076     -3.44                                        
  4788.174      42.0     2.289     -1.86                                        
  4788.216      46.0     4.221      0.04                                        
  4788.219      26.0     4.442     -3.17                                        
  4788.230      58.1     1.041     -1.45                              Lawler09  
  4788.263      24.0     3.108     -9.33                                        
  4788.282      59.0     0.000     -0.97                                        
  4788.289 106.00113     0.776    -4.605               3.464            AX12Q085
  4788.306 106.00113     0.776    -3.122               3.464            AX12R085
  4788.328      15.0     7.398     -2.50                                        
  4788.333      15.0     7.398     -2.50                                        
  4788.333 106.00112     1.641    -6.411               3.464            AX45R085
  4788.404      25.0     4.422     -1.88                                        
  4788.412 106.00112     1.395    -3.415               3.464            AX34R085
  4788.425      58.0     0.493     -0.25                                        
  4788.427      74.0     2.036     -1.65                                        
  4788.438      25.1     6.128     -4.84                                        
  4788.487 106.00112     1.056    -4.559               3.464            AX23Q075
  4788.517 106.00112     1.150    -5.505               3.464            AX01R215
  4788.527 106.00112     1.056    -3.185               3.464            AX23R075
  4788.573 106.00112     1.056    -3.222               3.464            AX23R065
  4788.609 106.00113     1.360    -5.557               3.464            BX01P245
  4788.618 106.00112     1.150    -2.721               3.464            AX01Q225
  4788.658      20.0     5.045     -5.09                                        
  4788.673 106.00112     1.150    -2.723               3.464            AX01Q215
  4788.675 106.00112     1.395    -4.869               3.464            AX34Q095
  4788.682 106.00112     1.395    -3.416               3.464            AX34R095
  4788.684      40.0     0.730     -1.19                                        
  4788.719      42.0     2.593     -2.37                                        
  4788.747 106.00112     0.778    -3.155               3.464            AX12R075
  4788.747 106.00112     2.060    -7.586               3.464            CX05R195
  4788.757      26.0     3.237     -1.76                              NIST/C+   
  4788.774 106.00112     1.150    -5.154               3.464            AX01P225
  4788.779      26.0     4.140     -3.44                                        
  4788.808 106.00112     1.641    -6.385               3.464            AX45R085
  4788.841      24.0     4.204     -0.71                                        
  4788.862      27.0     4.143     -2.53                                        
  4788.873      22.0     2.736     -3.58                                        
  4788.887 106.00112     1.056    -4.546               3.464            AX23Q075
  4788.901      25.0     4.426     -4.23                                        
  4788.908 106.00112     2.060   -11.022               3.464            CX05Q195
  4788.922 106.00112     2.060    -7.632               3.464            CX05R185
  4788.927 106.00112     1.056    -3.185               3.464            AX23R075
  4789.023 106.00112     1.984    -7.917               3.464            AX23R255
  4789.034 106.00112     2.111    -4.808               3.464            AX55P195
  4789.082 106.00112     0.778    -4.619               3.464            AX12Q085
  4789.093 106.00112     1.395    -3.415               3.464            AX34R085
  4789.101 106.00113     1.309    -5.355               3.464            AX12R195
  4789.102 106.00112     0.778    -3.121               3.464            AX12R085
  4789.103 106.00112     1.984    -3.424               3.464            AX23Q265
  4789.138      40.0     0.622     -1.90                                        
  4789.140 106.00112     1.984    -3.235               3.464            AX23Q255
  4789.199 106.00113     1.309    -2.647               3.464            AX12Q205
  4789.219 106.00113     1.309    -2.642               3.464            AX12Q195
  4789.220 106.00112     1.984    -5.474               3.464            AX23P265
  4789.296 106.00112     1.395    -4.854               3.464            AX34Q095
  4789.303 106.00112     1.395    -3.416               3.464            AX34R095
  4789.306 106.00113     0.836    -6.560               3.464            BX02R105
  4789.317 106.00113     1.309    -4.975               3.464            AX12P205
  4789.324      21.1     6.903     -3.86                                        
  4789.338      42.0     2.521     -1.99                                        
  4789.340      24.0     2.542     -0.33                                 SOBECK 
  4789.345 106.00112     0.778    -3.155               3.464            AX12R075
  4789.381      25.1     6.795     -5.12                                        
  4789.387      90.0     0.457     -1.61                                        
  4789.391      26.0     4.635     -1.87                                        
  4789.422 106.00112     1.914    -6.850               3.464            AX23R245
  4789.425      28.0     3.696     -2.33                                        
  4789.428      60.1     0.320     -1.03                                        
  4789.457 106.00112     2.055    -7.513               3.464            AX23R265
  4789.505 106.00112     1.914    -3.235               3.464            AX23Q255
  4789.514      23.1     6.524     -1.87                                        
  4789.534      24.0     4.141     -1.41                                        
  4789.535 106.00112     2.055    -3.715               3.464            AX23Q275
  4789.538 106.00112     1.914    -3.102               3.464            AX23Q245
  4789.567      21.1     4.832     -1.38                                        
  4789.574 106.00112     2.055    -3.424               3.464            AX23Q265
  4789.576      26.0     4.470     -0.96                                        
  4789.621 106.00112     0.778    -4.605               3.464            AX12Q085
  4789.621 106.00112     1.914    -5.379               3.464            AX23P255
  4789.641 106.00112     0.778    -3.122               3.464            AX12R085
  4789.651      26.0     3.547     -0.96                              NIST/B    
  4789.652 106.00112     2.055    -5.591               3.464            AX23P275
  4789.682      58.1     0.740     -1.49                              Lawler09  
  4789.709      26.0     4.151     -4.16                                        
  4789.711      23.0     2.038     -6.02                                        
  4789.776      25.0     4.422     -3.00                                        
  4789.786      22.0     0.835     -2.75                                 LAWLER 
  4789.884      20.0     5.014     -3.50                                        
  4789.893      41.1     2.439     -0.14                                        
  4789.922      69.1     3.503      0.08                                        
  4789.925      26.0     4.590     -3.18                                        
  4789.929      65.1     0.790     -1.06                                        
  4789.975      23.1     6.052     -4.56                                        
  4789.978      62.0     0.387     -0.32                                        
  4790.061      92.0     0.947     -0.69                                        
  4790.116      26.0     4.442     -3.53                                        
  4790.228      23.0     3.076     -1.25                                        
  4790.258      24.1     6.636     -4.32                                        
  4790.264 106.00112     1.314    -5.355               3.464            AX12R195
  4790.271      24.0     2.543     -3.22                                        
  4790.278   23.0051     1.217    -7.658                                 KURHFS 
  4790.278   23.0051     1.217    -7.913                                 KURHFS 
  4790.278   23.0051     1.217    -7.943                                 KURHFS 
  4790.279   23.0051     1.217    -7.470                                 KURHFS 
  4790.279   23.0051     1.217    -7.525                                 KURHFS 
  4790.279   23.0051     1.217    -7.913                                 KURHFS 
  4790.279 106.00113     1.193    -2.459               3.464            BX12P175
  4790.282   23.0051     1.217    -7.270                                 KURHFS 
  4790.282   23.0051     1.217    -7.379                                 KURHFS 
  4790.282   23.0051     1.217    -7.964                                 KURHFS 
  4790.286   23.0051     1.217    -7.072                                 KURHFS 
  4790.286   23.0051     1.217    -7.357                                 KURHFS 
  4790.286   23.0051     1.217    -8.089                                 KURHFS 
  4790.290   23.0051     1.217    -6.908                                 KURHFS 
  4790.290   23.0051     1.217    -7.411                                 KURHFS 
  4790.290   23.0051     1.217    -8.311                                 KURHFS 
  4790.293      15.0     7.207     -3.00                                        
  4790.295   23.0051     1.217    -6.767                                 KURHFS 
  4790.295   23.0051     1.217    -7.607                                 KURHFS 
  4790.295   23.0051     1.217    -8.721                                 KURHFS 
  4790.333      24.0     2.543     -1.48                                 SOBECK 
  4790.368 106.00113     1.193    -6.872               3.464            BX12Q175
  4790.375 106.00112     1.314    -2.646               3.464            AX12Q205
  4790.386 106.00112     1.314    -2.642               3.464            AX12Q195
  4790.448   23.0051     2.276    -7.127                                 KURHFS 
  4790.449   23.0051     2.276    -6.842                                 KURHFS 
  4790.449   23.0051     2.276    -7.097                                 KURHFS 
  4790.450   23.0051     2.276    -6.654                                 KURHFS 
  4790.450   23.0051     2.276    -7.097                                 KURHFS 
  4790.450   23.0051     2.276    -7.148                                 KURHFS 
  4790.452   23.0051     2.276    -6.563                                 KURHFS 
  4790.452   23.0051     2.276    -6.709                                 KURHFS 
  4790.452   23.0051     2.276    -7.273                                 KURHFS 
  4790.454   23.0051     2.276    -6.454                                 KURHFS 
  4790.454   23.0051     2.276    -6.541                                 KURHFS 
  4790.454   23.0051     2.276    -7.495                                 KURHFS 
  4790.457   23.0051     2.276    -6.256                                 KURHFS 
  4790.457   23.0051     2.276    -6.595                                 KURHFS 
  4790.457   23.0051     2.276    -7.905                                 KURHFS 
  4790.460   23.0051     2.276    -6.092                                 KURHFS 
  4790.460   23.0051     2.276    -6.791                                 KURHFS 
  4790.464   23.0051     2.276    -5.951                                 KURHFS 
  4790.469      23.1     2.370     -2.77                                        
  4790.486 106.00113     1.193    -2.503               3.464            BX12P185
  4790.497 106.00112     1.314    -4.975               3.464            AX12P205
  4790.507 106.00112     1.846    -6.409               3.464            AX23R235
  4790.520 106.00113     2.159    -4.879               3.464            AX55P205
  4790.560      26.0     4.151     -2.64                                        
  4790.593 106.00112     1.846    -3.102               3.464            AX23Q245
  4790.609   23.0051     2.262    -6.041                                 KURHFS 
  4790.611   23.0051     2.262    -6.041                                 KURHFS 
  4790.611   23.0051     2.262    -6.217                                 KURHFS 
  4790.613   23.0051     2.262    -5.877                                 KURHFS 
  4790.613   23.0051     2.262    -6.342                                 KURHFS 
  4790.613   23.0051     2.262    -6.467                                 KURHFS 
  4790.616   23.0051     2.262    -5.869                                 KURHFS 
  4790.616   23.0051     2.262    -5.903                                 KURHFS 
  4790.616   23.0051     2.262    -6.895                                 KURHFS 
  4790.620   23.0051     2.262    -5.620                                 KURHFS 
  4790.620   23.0051     2.262    -6.030                                 KURHFS 
  4790.622 106.00112     1.846    -3.004               3.464            AX23Q235
  4790.625   23.0051     2.262    -5.404                                 KURHFS 
  4790.662      23.0     2.053     -6.13                                        
  4790.666   23.0051     0.275    -6.697                                 KURHFS 
  4790.669   23.0051     3.069    -5.183                                 KURHFS 
  4790.669   23.0051     3.069    -5.504                                 KURHFS 
  4790.669   23.0051     3.069    -5.981                                 KURHFS 
  4790.672   23.0051     0.275    -6.697                                 KURHFS 
  4790.672   23.0051     0.275    -6.873                                 KURHFS 
  4790.680   23.0051     0.275    -6.533                                 KURHFS 
  4790.680   23.0051     0.275    -6.998                                 KURHFS 
  4790.680   23.0051     0.275    -7.123                                 KURHFS 
  4790.692   23.0051     0.275    -6.525                                 KURHFS 
  4790.692   23.0051     0.275    -6.559                                 KURHFS 
  4790.692   23.0051     0.275    -7.551                                 KURHFS 
  4790.692 106.00112     1.292    -2.181               3.464            BX11P235
  4790.694   23.0051     3.069    -5.504                                 KURHFS 
  4790.694   23.0051     3.069    -5.525                                 KURHFS 
  4790.694   23.0051     3.069    -5.650                                 KURHFS 
  4790.706   23.0051     0.275    -6.276                                 KURHFS 
  4790.706   23.0051     0.275    -6.686                                 KURHFS 
  4790.708      72.1     2.194     -1.11                                        
  4790.708 106.00112     1.846    -5.298               3.464            AX23P245
  4790.723   23.0051     0.275    -6.060                                 KURHFS 
  4790.725      26.0     4.412     -3.12                                        
  4790.743      26.0     3.252     -3.19                              NIST/E    
  4790.808      24.0     5.077     -0.99                                        
  4790.809 106.00112     1.292    -6.184               3.464            BX11Q235
  4790.883      26.0     2.402     -6.34                                        
  4790.888 106.00113     1.310    -5.614               3.464            BX12R205
  4790.892 106.00112     1.292    -1.616               3.464            BX11P245
  4790.895 106.00112     2.129    -6.634               3.464            AX23R275
  4790.940 607.01314     2.669    -1.958               7.724          0710Rb0395
  4790.961      26.0     3.632     -3.92                                        
  4790.963      24.0     4.096     -1.49                                        
  4790.965      28.0     1.949     -3.59                              Wood14    
  4790.971 106.00112     2.129    -4.254               3.464            AX23Q285
  4790.973      22.0     3.407     -0.51                                        
  4790.974 106.00113     1.147    -2.721               3.464            AX01Q225
  4790.989 607.01314     2.669    -5.446               7.724          0710Qd0405
