a line list in the range:    4759.00   4771.00
  4759.022      23.0     2.121     -1.88                               LAWNOHFS 
  4759.029 106.00113     1.438    -2.746               3.464            AX01Q265
  4759.054      22.0     1.738     -5.40                                        
  4759.055      22.0     3.177     -3.23                                        
  4759.083      60.0     0.456     -0.40                                        
  4759.089 106.00113     1.438    -5.759               3.464            AX01R255
  4759.118 106.00113     2.180    -4.260               3.464            AX23Q285
  4759.133 106.00113     2.180    -5.940               3.464            AX23P295
  4759.142      22.0     2.776     -2.54                                        
  4759.155   27.0059     3.189    -6.440                                 KURHFS 
  4759.166   27.0059     3.189    -6.259                                 KURHFS 
  4759.176   27.0059     3.189    -6.228                                 KURHFS 
  4759.186   27.0059     3.189    -6.292                                 KURHFS 
  4759.190   27.0059     3.189    -5.741                                 KURHFS 
  4759.195   27.0059     3.189    -6.033                                 KURHFS 
  4759.195   27.0059     3.189    -6.491                                 KURHFS 
  4759.196      25.1     6.489     -3.19                                        
  4759.200   27.0059     3.189    -6.439                                 KURHFS 
  4759.200 106.00113     1.438    -5.228               3.464            AX01P265
  4759.204   27.0059     3.189    -7.156                                 KURHFS 
  4759.206   27.0059     3.189    -8.399                                 KURHFS 
  4759.208   27.0059     3.189    -6.746                                 KURHFS 
  4759.220   27.0059     3.189    -6.491                                 KURHFS 
  4759.224   27.0059     3.189    -6.292                                 KURHFS 
  4759.227   27.0059     3.189    -6.228                                 KURHFS 
  4759.229   27.0059     3.189    -6.259                                 KURHFS 
  4759.231   27.0059     3.189    -6.440                                 KURHFS 
  4759.261 106.00113     1.438    -2.733               3.464            AX01Q255
  4759.270      22.0     2.254      0.59                                 LAWLER 
  4759.341      60.0     0.000     -1.12                                        
  4759.470      24.0     4.528     -1.68                                        
  4759.638      22.0     2.173     -1.51                                        
  4759.642      23.1     1.702     -7.84                                        
  4759.651      27.0     4.206     -3.55                                        
  4759.653      68.1     0.000     -1.90                                        
  4759.654      26.0     4.831     -3.52                                        
  4759.654      42.0     3.731     -1.11                                        
  4759.690 106.00112     1.445    -2.746               3.464            AX01Q265
  4759.753      24.0     3.008     -2.12                                        
  4759.765 106.00112     1.568    -3.573               3.464            AX34R135
  4759.769 106.00112     1.445    -5.759               3.464            AX01R255
  4759.804      24.0     3.842     -4.18                                        
  4759.805 106.00113     0.870    -3.090               3.464            AX12R105
  4759.862 106.00112     1.568    -3.651               3.464            AX34R145
  4759.880 106.00112     1.445    -5.228               3.464            AX01P265
  4759.908      69.0     1.892     -0.26                                        
  4759.910      24.0     3.110     -1.44                                        
  4759.921 106.00112     1.568    -5.238               3.464            AX34Q145
  4759.927      58.1     1.091     -1.14                              Lawler09  
  4759.959 106.00112     1.445    -2.733               3.464            AX01Q255
  4759.993      25.0     5.083     -1.94                                        
  4760.002 106.00113     0.638    -3.201               3.464            AX01R125
  4760.006 106.00113     0.870    -3.073               3.464            AX12R115
  4760.035 106.00113     0.870    -4.773               3.464            AX12Q115
  4760.050      66.1     0.540     -2.10                              Wickliff00
  4760.067      26.0     3.036     -3.57                                        
  4760.070      24.1     6.600     -2.87                                        
  4760.096 106.00112     2.146    -7.677               3.464            AX50R365
  4760.110      42.0     2.274     -1.71                                        
  4760.137 106.00113     0.638    -3.185               3.464            AX01R135
  4760.154      22.0     2.295     -3.92                                        
  4760.169      26.1     5.566     -3.55                                        
  4760.179 106.00112     2.146    -5.210               3.464            AX50Q375
  4760.182      42.0     2.646      0.31                              NIST/B+   
  4760.198 106.00113     0.638    -5.026               3.464            AX01Q135
  4760.205      28.0     3.696     -2.98                                        
  4760.242 106.00113     1.716    -2.801               3.464            AX12Q265
  4760.279      62.0     0.101      0.04                                        
  4760.286 106.00113     1.564    -3.652               3.464            AX34R145
  4760.320 106.00113     1.564    -3.573               3.464            AX34R135
  4760.325   23.0051     2.246    -5.346                                 KURHFS 
  4760.325   23.0051     2.246    -5.522                                 KURHFS 
  4760.329 106.00112     2.146    -5.761               3.464            AX50Q365
  4760.339   23.0051     2.246    -5.221                                 KURHFS 
  4760.339   23.0051     2.246    -5.346                                 KURHFS 
  4760.347      27.0     4.206     -2.47                                        
  4760.357   23.0051     2.246    -5.221                                 KURHFS 
  4760.357   23.0051     2.246    -5.335                                 KURHFS 
  4760.357   23.0051     2.246    -5.540                                 KURHFS 
  4760.365      23.1     6.832     -4.06                                        
  4760.373 106.00113     1.716    -5.945               3.464            AX12R255
  4760.380   23.0051     2.246    -4.924                                 KURHFS 
  4760.380   23.0051     2.246    -5.335                                 KURHFS 
  4760.381 106.00113     1.564    -5.215               3.464            AX34Q145
  4760.400 106.00113     1.716    -5.172               3.464            AX12P265
  4760.413 106.00112     2.146    -9.060               3.464            AX50P375
  4760.450      60.0     0.140     -0.68                                        
  4760.519      23.1     6.465     -4.21                                        
  4760.531 106.00113     1.716    -2.753               3.464            AX12Q255
  4760.633 106.00113     1.013    -5.246               3.464            AX23R055
  4760.686   27.0059     2.872    -3.439                                 KURHFS 
  4760.686   27.0059     2.872    -4.502                                 KURHFS 
  4760.710 106.00113     2.225    -3.261               3.464            AX34R255
  4760.730      62.1     0.543     -2.01                              Lawler06  
  4760.731   27.0059     2.872    -3.575                                 KURHFS 
  4760.731   27.0059     2.872    -4.287                                 KURHFS 
  4760.731   27.0059     2.872    -4.502                                 KURHFS 
  4760.748      28.0     3.696     -3.08                                        
  4760.749      64.0     0.213     -0.84                                        
  4760.751 106.00113     2.225    -3.064               3.464            AX34R265
  4760.763      24.0     3.447     -3.17                                        
  4760.764 106.00113     2.225    -6.259               3.464            AX34Q265
  4760.771   27.0059     2.872    -3.723                                 KURHFS 
  4760.771   27.0059     2.872    -4.210                                 KURHFS 
  4760.771   27.0059     2.872    -4.287                                 KURHFS 
  4760.805   27.0059     2.872    -3.882                                 KURHFS 
  4760.805   27.0059     2.872    -4.199                                 KURHFS 
  4760.805   27.0059     2.872    -4.210                                 KURHFS 
  4760.831   23.0051     2.121    -5.468                                 KURHFS 
  4760.833   23.0051     2.121    -5.188                                 KURHFS 
  4760.833   23.0051     2.121    -5.468                                 KURHFS 
  4760.833   23.0051     2.121    -6.489                                 KURHFS 
  4760.833   27.0059     2.872    -4.051                                 KURHFS 
  4760.833   27.0059     2.872    -4.199                                 KURHFS 
  4760.833   27.0059     2.872    -4.242                                 KURHFS 
  4760.837   23.0051     2.121    -5.050                                 KURHFS 
  4760.837   23.0051     2.121    -5.188                                 KURHFS 
  4760.837   23.0051     2.121    -5.790                                 KURHFS 
  4760.838 106.00113     1.013    -5.227               3.464            AX23R055
  4760.843   23.0051     2.121    -4.984                                 KURHFS 
  4760.843   23.0051     2.121    -5.050                                 KURHFS 
  4760.843   23.0051     2.121    -5.343                                 KURHFS 
  4760.844 106.00113     0.871    -3.090               3.464            AX12R105
  4760.852   23.0051     2.121    -4.977                                 KURHFS 
  4760.852   23.0051     2.121    -4.984                                 KURHFS 
  4760.852   23.0051     2.121    -5.012                                 KURHFS 
  4760.856   27.0059     2.872    -4.218                                 KURHFS 
  4760.856   27.0059     2.872    -4.242                                 KURHFS 
  4760.856   27.0059     2.872    -4.345                                 KURHFS 
  4760.862   23.0051     2.121    -4.749                                 KURHFS 
  4760.862   23.0051     2.121    -4.977                                 KURHFS 
  4760.862   23.0051     2.121    -5.042                                 KURHFS 
  4760.873   27.0059     2.872    -4.345                                 KURHFS 
  4760.873   27.0059     2.872    -4.356                                 KURHFS 
  4760.873   27.0059     2.872    -4.566                                 KURHFS 
  4760.875   23.0051     2.121    -4.530                                 KURHFS 
  4760.875   23.0051     2.121    -5.042                                 KURHFS 
  4760.875   23.0051     2.121    -5.246                                 KURHFS 
  4760.884   27.0059     2.872    -4.370                                 KURHFS 
  4760.884   27.0059     2.872    -4.566                                 KURHFS 
  4760.889      25.0     5.334     -1.70                                        
  4760.889   23.0051     2.121    -4.343                                 KURHFS 
  4760.889   23.0051     2.121    -5.246                                 KURHFS 
  4760.891   23.0051     1.194    -7.600                                 KURHFS 
  4760.891   23.0051     1.194    -7.600                                 KURHFS 
  4760.891   23.0051     1.194    -7.901                                 KURHFS 
  4760.895   23.0051     1.194    -7.436                                 KURHFS 
  4760.895   23.0051     1.194    -7.462                                 KURHFS 
  4760.895   23.0051     1.194    -7.776                                 KURHFS 
  4760.900   23.0051     1.194    -7.179                                 KURHFS 
  4760.900   23.0051     1.194    -7.428                                 KURHFS 
  4760.900   23.0051     1.194    -8.026                                 KURHFS 
  4760.907   23.0051     1.194    -6.963                                 KURHFS 
  4760.907   23.0051     1.194    -7.589                                 KURHFS 
  4760.907   23.0051     1.194    -8.454                                 KURHFS 
  4760.913      24.0     4.529     -1.57                                        
  4760.946 106.00112     1.723    -2.801               3.464            AX12Q265
  4760.950 106.00112     0.873    -3.090               3.464            AX12R105
  4760.975      39.0     0.066     -1.15                                        
  4760.981 106.00113     0.871    -3.074               3.464            AX12R115
  4760.988 106.00113     1.720    -7.153               3.464            AX45R115
  4760.996 106.00113     0.871    -4.755               3.464            AX12Q115
  4761.009      23.1     2.048     -3.56                                        
  4761.023 106.00112     1.723    -5.945               3.464            AX12R255
  4761.029      23.1     1.684     -7.91                                        
  4761.059 106.00112     0.640    -3.200               3.464            AX01R125
  4761.083      42.0     3.154     -1.52                                        
  4761.109 106.00112     1.723    -5.171               3.464            AX12P265
  4761.110      90.1     2.052     -0.69                                        
  4761.141 106.00113     1.309    -2.717               3.464            BX12R195
  4761.152 106.00112     0.873    -3.073               3.464            AX12R115
  4761.183 106.00112     0.873    -4.773               3.464            AX12Q115
  4761.186 106.00112     1.723    -2.753               3.464            AX12Q255
  4761.195 106.00112     0.640    -3.185               3.464            AX01R135
  4761.227      21.0     4.201     -3.76                                        
  4761.238 106.00113     1.309    -7.180               3.464            BX12Q205
  4761.244      24.0     3.119     -1.28                                        
  4761.249 106.00112     1.569    -3.573               3.464            AX34R135
  4761.257 106.00112     1.569    -3.651               3.464            AX34R145
  4761.258 106.00112     0.640    -5.026               3.464            AX01Q135
  4761.263      28.1     4.026     -4.90                                        
  4761.281      42.0     3.245     -1.77                                        
  4761.281 106.00113     2.227    -4.876               3.464            AX44P255
  4761.315 106.00112     1.569    -5.215               3.464            AX34Q145
  4761.339      24.0     4.609     -0.68                                        
  4761.346 106.00113     1.309    -2.562               3.464            BX12R205
  4761.361 106.00113     1.641    -5.784               3.464            AX12R245
  4761.376 106.00113     2.257    -4.171               3.464            AX23Q305
  4761.378 106.00112     2.112    -7.584               3.464            CX05R205
  4761.401      23.1     6.708     -3.97                                        
  4761.417 106.00113     1.641    -2.754               3.464            AX12Q255
  4761.428      20.0     5.449     -2.85                                        
  4761.428      24.1     5.666     -2.54                                        
  4761.458 106.00113     0.638    -3.201               3.464            AX01R125
  4761.493   25.0055     2.951    -1.161                                 LAWHFS 
  4761.499 106.00113     0.639    -3.185               3.464            AX01R135
  4761.508   25.0055     2.951    -0.700                                 LAWHFS 
  4761.509   25.0055     2.951    -1.064                                 LAWHFS 
  4761.513 106.00113     1.641    -2.717               3.464            AX12Q245
  4761.519   25.0055     2.951    -1.177                                 LAWHFS 
  4761.528   25.0055     2.951    -1.064                                 LAWHFS 
  4761.541 106.00112     2.112   -11.017               3.464            CX05Q205
  4761.542 106.00113     2.257    -5.916               3.464            AX23R295
  4761.543   25.0055     2.951    -1.608                                 LAWHFS 
  4761.560 106.00113     0.639    -5.005               3.464            AX01Q135
  4761.567 106.00112     2.112    -7.584               3.464            CX05R195
  4761.570 106.00113     1.641    -5.154               3.464            AX12P255
  4761.571      42.0     4.325     -0.88                                        
  4761.583 106.00113     1.320    -5.514               3.464            AX34R065
  4761.638 106.00113     2.257    -6.191               3.464            AX23P305
  4761.699      26.0     5.067     -2.56                              PK15THEOR 
  4761.730      24.0     3.373     -1.94                                        
  4761.804 106.00113     2.257    -8.111               3.464            AX23Q295
  4761.827 106.00113     1.720    -7.118               3.464            AX45R115
  4761.838 106.00112     1.043    -5.288               3.464            BX12P145
  4761.855 106.00112     2.222    -5.978               3.464            AX45R225
  4761.857 106.00113     1.321    -5.492               3.464            AX34R065
  4761.863      26.0     4.431     -3.78                                        
  4761.884 106.00112     1.016    -5.245               3.464            AX23R055
  4761.939 106.00112     1.647    -5.784               3.464            AX12R245
  4761.973      25.0     4.270     -2.65                                        
  4762.001 106.00112     0.874    -3.090               3.464            AX12R105
  4762.023 106.00112     1.648    -2.753               3.464            AX12Q255
  4762.082   27.0059     3.949    -1.530                                 KURHFS 
  4762.091 106.00112     1.016    -5.227               3.464            AX23R055
  4762.092   27.0059     3.949    -1.635                                 KURHFS 
  4762.092   27.0059     3.949    -2.538                                 KURHFS 
  4762.099 106.00112     1.647    -2.717               3.464            AX12Q245
  4762.101   27.0059     3.949    -1.751                                 KURHFS 
  4762.101   27.0059     3.949    -2.327                                 KURHFS 
  4762.101   27.0059     3.949    -3.839                                 KURHFS 
  4762.109   27.0059     3.949    -1.880                                 KURHFS 
  4762.109   27.0059     3.949    -2.254                                 KURHFS 
  4762.109   27.0059     3.949    -3.441                                 KURHFS 
  4762.115   27.0059     3.949    -2.026                                 KURHFS 
  4762.115   27.0059     3.949    -2.248                                 KURHFS 
  4762.115   27.0059     3.949    -3.237                                 KURHFS 
  4762.120   27.0059     3.949    -2.196                                 KURHFS 
  4762.120   27.0059     3.949    -2.295                                 KURHFS 
  4762.120   27.0059     3.949    -3.140                                 KURHFS 
  4762.124   27.0059     3.949    -2.400                                 KURHFS 
  4762.124   27.0059     3.949    -2.400                                 KURHFS 
  4762.124   27.0059     3.949    -3.140                                 KURHFS 
  4762.125 106.00112     0.874    -3.074               3.464            AX12R115
  4762.127   27.0059     3.949    -2.596                                 KURHFS 
  4762.127   27.0059     3.949    -2.663                                 KURHFS 
  4762.127   27.0059     3.949    -3.295                                 KURHFS 
  4762.156 106.00112     0.874    -4.755               3.464            AX12Q115
  4762.182 106.00112     1.648    -5.154               3.464            AX12P255
  4762.260      26.0     2.725     -4.92                                        
  4762.290      22.0     3.348     -3.76                                        
  4762.313       6.0     7.475     -2.53                                        
  4762.325      24.0     4.093     -3.62                                        
  4762.345   25.0055     2.886    -0.298                                 LAWHFS 
  4762.351      65.1     0.126     -1.83                                        
  4762.352   25.0055     2.886    -1.394                                 LAWHFS 
  4762.358   25.0055     2.886    -2.810                                 LAWHFS 
  4762.359   25.0055     2.886    -0.402                                 LAWHFS 
  4762.366   25.0055     2.886    -1.206                                 LAWHFS 
  4762.371   25.0055     2.886    -2.473                                 LAWHFS 
  4762.372   25.0055     2.886    -0.515                                 LAWHFS 
  4762.376   25.0055     2.886    -1.168                                 LAWHFS 
  4762.381   25.0055     2.886    -0.637                                 LAWHFS 
  4762.381   25.0055     2.886    -2.378                                 LAWHFS 
  4762.386   25.0055     2.886    -1.223                                 LAWHFS 
  4762.389   25.0055     2.886    -0.767                                 LAWHFS 
  4762.389   25.0055     2.886    -2.508                                 LAWHFS 
  4762.392   25.0055     2.886    -1.411                                 LAWHFS 
  4762.395   25.0055     2.886    -0.900                                 LAWHFS 
  4762.403      42.0     3.357     -1.77                                        
  4762.531 106.00112     0.641    -3.200               3.464            AX01R125
  4762.533       6.0     7.477     -2.44                                        
  4762.573 106.00112     0.641    -3.185               3.464            AX01R135
  4762.588 106.00112     2.059    -4.752               3.464            AX55P185
  4762.627      28.0     1.934     -2.58                              Wood14    
  4762.637 106.00112     0.641    -5.005               3.464            AX01Q135
  4762.642      68.1     2.062     -0.32                                        
  4762.671      23.0     2.573     -2.64                                        
  4762.705      23.0     3.054     -3.56                                        
  4762.712   23.0051     0.275    -5.973                                 KURHFS 
  4762.712   23.0051     0.275    -6.228                                 KURHFS 
  4762.718   23.0051     0.275    -5.774                                 KURHFS 
  4762.718   23.0051     0.275    -5.973                                 KURHFS 
  4762.718   23.0051     0.275    -7.881                                 KURHFS 
  4762.720      59.1     0.422     -1.03                                LINOHFS 
  4762.726   23.0051     0.275    -5.710                                 KURHFS 
  4762.726   23.0051     0.275    -5.774                                 KURHFS 
  4762.726   23.0051     0.275    -6.638                                 KURHFS 
  4762.738   23.0051     0.275    -5.710                                 KURHFS 
  4762.738   23.0051     0.275    -5.741                                 KURHFS 
  4762.738   23.0051     0.275    -5.921                                 KURHFS 
  4762.752   23.0051     0.275    -5.515                                 KURHFS 
  4762.752   23.0051     0.275    -5.741                                 KURHFS 
  4762.752   23.0051     0.275    -5.922                                 KURHFS 
  4762.753      40.0     1.832     -0.04                                        
  4762.769   23.0051     0.275    -5.223                                 KURHFS 
  4762.769   23.0051     0.275    -5.922                                 KURHFS 
  4762.778      22.1     1.083     -2.89                                 LAWLER 
  4762.789      25.1     5.393     -2.53                                        
  4762.840      58.1     0.792     -2.10                              Lawler09  
  4762.893 106.00113     1.359    -5.666               3.464            AX01R245
  4762.914 106.00112     1.324    -5.513               3.464            AX34R065
  4762.952      39.0     2.002     -1.24                                        
  4762.952 106.00113     1.359    -2.733               3.464            AX01Q255
  4763.059 106.00113     1.359    -2.725               3.464            AX01Q245
  4763.118 106.00113     1.359    -5.228               3.464            AX01P255
  4763.125      76.0     4.784      0.13                                        
  4763.137      20.0     5.979     -6.07                                        
  4763.196 106.00112     1.324    -5.492               3.464            AX34R065
  4763.223      26.0     3.045     -5.57                                        
  4763.253 106.00113     2.108    -6.639               3.464            AX23R275
  4763.259      20.0     5.979     -7.30                                        
  4763.264      21.0     4.524     -2.00                                        
  4763.274 106.00113     2.108    -4.259               3.464            AX23Q285
  4763.300      60.1     0.975     -1.46                              DenHarto03
  4763.313      26.0     4.175     -3.63                                        
  4763.336      92.1     0.888     -1.94                              Nils02/41%
  4763.428   27.0059     0.629    -9.322                                 KURHFS 
  4763.429   27.0059     0.629    -8.911                                 KURHFS 
  4763.433 106.00113     2.108    -3.720               3.464            AX23Q275
  4763.440 106.00113     1.135    -3.158               3.464            AX23R095
  4763.454 106.00113     2.108    -5.743               3.464            AX23P285
  4763.457      28.0     2.738     -6.53                                        
  4763.457   27.0059     0.629    -9.208                                 KURHFS 
  4763.457   27.0059     0.629    -9.527                                 KURHFS 
  4763.458   27.0059     0.629    -9.322                                 KURHFS 
  4763.480   27.0059     0.629    -9.333                                 KURHFS 
  4763.481   27.0059     0.629    -9.208                                 KURHFS 
  4763.498   27.0059     0.629    -9.333                                 KURHFS 
  4763.498   27.0059     0.629    -9.509                                 KURHFS 
  4763.504      24.0     3.373     -3.17                                        
  4763.620      60.1     0.380     -1.27                              DenHarto03
  4763.665 106.00113     1.135    -3.145               3.464            AX23R105
  4763.666 106.00112     1.366    -5.666               3.464            AX01R245
  4763.681 106.00113     1.135    -4.740               3.464            AX23Q105
  4763.707      20.0     5.041     -2.77                                        
  4763.735      58.1     0.909     -2.23                              Lawler09  
  4763.751 106.00112     1.366    -2.733               3.464            AX01Q255
  4763.791      26.1     3.219     -6.81                                        
  4763.811      23.0     2.965     -3.80                                        
  4763.832      64.0     1.348      0.12                                        
  4763.849 106.00112     1.366    -2.725               3.464            AX01Q245
  4763.860      60.1     0.182     -1.08                              DenHarto03
  4763.883      22.1     1.220     -2.40                                 LAWLER 
  4763.884 106.00112     1.143    -2.428               3.464            BX12P165
  4763.912      58.1     1.026     -0.84                              Lawler09  
  4763.932 106.00113     1.523    -3.513               3.464            AX34R125
  4763.934 106.00112     1.366    -5.227               3.464            AX01P255
  4763.942      28.0     3.652     -0.84                                        
  4763.965 106.00112     1.143    -6.836               3.464            BX12Q165
  4764.020      27.0     4.110     -2.70                                        
  4764.068 106.00113     1.523    -3.570               3.464            AX34R135
  4764.072 106.00113     0.431    -5.631               3.464            AX01R075
  4764.095 106.00113     1.523    -5.157               3.464            AX34Q135
  4764.099 106.00112     1.143    -2.453               3.464            BX12P175
  4764.108      42.0     3.616     -0.29                              NIST/B    
  4764.126      23.0     2.676     -9.00                                        
  4764.174      24.0     3.844     -3.78                                        
  4764.232      26.0     4.151     -3.04                                        
  4764.293      24.0     3.548     -0.28                                        
  4764.294 106.00113     1.136    -3.158               3.464            AX23R095
  4764.415      42.0     2.289     -1.33                                        
  4764.415      44.0     3.408     -0.22                                        
  4764.425 106.00113     2.227    -3.065               3.464            AX34R265
  4764.463 106.00113     1.136    -3.145               3.464            AX23R105
  4764.476 106.00113     1.136    -4.723               3.464            AX23Q105
  4764.480      27.0     4.146     -4.20                                        
  4764.496 106.00113     0.432    -5.606               3.464            AX01R075
  4764.525      22.1     1.236     -2.69                                 LAWLER 
  4764.535   23.0051     2.262    -5.045                                 KURHFS 
  4764.535   23.0051     2.262    -5.300                                 KURHFS 
  4764.537   23.0051     2.262    -4.846                                 KURHFS 
  4764.537   23.0051     2.262    -5.045                                 KURHFS 
  4764.537   23.0051     2.262    -6.953                                 KURHFS 
  4764.539   23.0051     2.262    -4.782                                 KURHFS 
  4764.539   23.0051     2.262    -4.846                                 KURHFS 
  4764.539   23.0051     2.262    -5.710                                 KURHFS 
  4764.542   23.0051     2.262    -4.782                                 KURHFS 
  4764.542   23.0051     2.262    -4.813                                 KURHFS 
  4764.542   23.0051     2.262    -4.993                                 KURHFS 
  4764.546   23.0051     2.262    -4.587                                 KURHFS 
  4764.546   23.0051     2.262    -4.813                                 KURHFS 
  4764.546   23.0051     2.262    -4.994                                 KURHFS 
  4764.551   23.0051     2.262    -4.295                                 KURHFS 
  4764.551   23.0051     2.262    -4.994                                 KURHFS 
  4764.643      24.0     3.011     -1.65                                        
  4764.655 106.00112     1.724    -7.152               3.464            AX45R115
  4764.720      58.0     0.274     -0.86                                        
  4764.728      25.1     5.394     -1.35                                        
  4764.737 106.00112     1.139    -3.158               3.464            AX23R095
  4764.784 106.00113     2.227    -6.218               3.464            AX34Q265
  4764.872 106.00113     2.227    -3.261               3.464            AX34R255
  4764.907      25.1     6.806     -4.80                                        
  4764.965 106.00112     2.060    -4.804               3.464            AX55P185
  4764.971 106.00112     1.139    -3.145               3.464            AX23R105
  4764.984 106.00112     1.139    -4.739               3.464            AX23Q105
  4765.037 106.00113     2.105    -4.812               3.464            AX55P195
  4765.055 106.00112     1.528    -3.512               3.464            AX34R125
  4765.062      25.1     6.135     -3.66                                        
  4765.110      24.1     5.658     -2.72                                        
  4765.179 106.00112     1.528    -3.570               3.464            AX34R135
  4765.193 106.00112     0.433    -5.630               3.464            AX01R075
  4765.207 106.00113     1.643    -2.754               3.464            AX12Q255
  4765.226 106.00112     1.528    -5.157               3.464            AX34Q135
  4765.230      59.1     0.371     -1.11                                LINOHFS 
  4765.247 106.00113     1.524    -3.513               3.464            AX34R125
  4765.252 106.00113     1.524    -3.570               3.464            AX34R135
  4765.281      24.0     4.532     -3.14                                        
  4765.324 106.00113     1.643    -5.814               3.464            AX12R245
  4765.329 106.00113     1.524    -5.135               3.464            AX34Q135
  4765.357   23.0051     2.136    -4.657                                 KURHFS 
  4765.357   23.0051     2.136    -5.227                                 KURHFS 
  4765.359 106.00113     1.643    -5.127               3.464            AX12P255
  4765.367   23.0051     2.136    -4.631                                 KURHFS 
  4765.367   23.0051     2.136    -5.006                                 KURHFS 
  4765.367   23.0051     2.136    -5.227                                 KURHFS 
  4765.381   23.0051     2.136    -4.550                                 KURHFS 
  4765.381   23.0051     2.136    -4.909                                 KURHFS 
  4765.381   23.0051     2.136    -5.006                                 KURHFS 
  4765.399   23.0051     2.136    -4.445                                 KURHFS 
  4765.399   23.0051     2.136    -4.874                                 KURHFS 
  4765.399   23.0051     2.136    -4.909                                 KURHFS 
  4765.408 106.00113     2.184    -8.109               3.464            AX23Q295
  4765.420   23.0051     2.136    -4.332                                 KURHFS 
  4765.420   23.0051     2.136    -4.874                                 KURHFS 
  4765.420   23.0051     2.136    -4.892                                 KURHFS 
  4765.445   23.0051     2.136    -4.218                                 KURHFS 
  4765.445   23.0051     2.136    -4.892                                 KURHFS 
  4765.445   23.0051     2.136    -4.976                                 KURHFS 
  4765.452      26.0     3.299     -5.66                                        
  4765.457      26.0     4.073     -2.48                                        
  4765.473   23.0051     2.136    -4.107                                 KURHFS 
  4765.473   23.0051     2.136    -4.976                                 KURHFS 
  4765.473   23.0051     2.136    -5.197                                 KURHFS 
  4765.477 106.00113     1.643    -2.717               3.464            AX12Q245
  4765.480      26.0     1.607     -4.01                                        
  4765.504   23.0051     2.136    -4.000                                 KURHFS 
  4765.504   23.0051     2.136    -5.197                                 KURHFS 
  4765.515 106.00112     1.725    -7.118               3.464            AX45R115
  4765.562 106.00113     2.184    -6.223               3.464            AX23R285
  4765.589 106.00112     1.139    -3.158               3.464            AX23R095
  4765.624 106.00112     0.433    -5.606               3.464            AX01R075
  4765.637      23.0     2.357     -3.61                                        
  4765.658 106.00113     2.184    -5.909               3.464            AX23P295
  4765.662      23.0     2.614     -0.84                               LAWNOHFS 
  4765.689      27.0     4.144     -1.41                                        
  4765.753 106.00112     1.139    -3.145               3.464            AX23R105
  4765.767 106.00112     1.139    -4.722               3.464            AX23Q105
  4765.811 106.00113     2.184    -4.260               3.464            AX23Q285
  4765.834   25.0055     2.939    -0.601                                 LAWHFS 
  4765.835   23.0051     1.948    -4.806                                 KURHFS 
  4765.839   23.0051     1.948    -4.521                                 KURHFS 
  4765.839   23.0051     1.948    -4.776                                 KURHFS 
  4765.843   25.0055     2.939    -0.813                                 LAWHFS 
  4765.845   25.0055     2.939    -1.290                                 LAWHFS 
  4765.846   23.0051     1.948    -4.333                                 KURHFS 
  4765.846   23.0051     1.948    -4.776                                 KURHFS 
  4765.846   23.0051     1.948    -4.827                                 KURHFS 
  4765.851   25.0055     2.939    -1.086                                 LAWHFS 
  4765.852   25.0055     2.939    -1.144                                 LAWHFS 
  4765.854   25.0055     2.939    -2.245                                 LAWHFS 
  4765.856   23.0051     1.948    -4.242                                 KURHFS 
  4765.856   23.0051     1.948    -4.388                                 KURHFS 
  4765.856   23.0051     1.948    -4.952                                 KURHFS 
  4765.856   25.0055     2.939    -1.496                                 LAWHFS 
  4765.857   25.0055     2.939    -1.165                                 LAWHFS 
  4765.858   25.0055     2.939    -1.864                                 LAWHFS 
  4765.861   25.0055     2.939    -1.320                                 LAWHFS 
  4765.862   25.0055     2.939    -1.688                                 LAWHFS 
  4765.863   25.0055     2.939    -1.642                                 LAWHFS 
  4765.869   23.0051     1.948    -4.133                                 KURHFS 
  4765.869   23.0051     1.948    -4.220                                 KURHFS 
  4765.869   23.0051     1.948    -5.174                                 KURHFS 
  4765.886   23.0051     1.948    -3.935                                 KURHFS 
  4765.886   23.0051     1.948    -4.274                                 KURHFS 
  4765.886   23.0051     1.948    -5.584                                 KURHFS 
  4765.906   23.0051     1.948    -3.771                                 KURHFS 
  4765.906   23.0051     1.948    -4.470                                 KURHFS 
  4765.930   23.0051     1.948    -3.630                                 KURHFS 
  4765.961      24.0     3.963     -3.12                                        
  4765.966      26.0     4.470     -3.86                                        
  4766.002      25.0     4.422     -1.73                                        
  4766.026   27.0059     2.875    -6.149                                 KURHFS 
  4766.038 106.00112     1.650    -2.754               3.464            AX12Q255
  4766.058   23.0051     0.262    -6.537                                 KURHFS 
  4766.058   23.0051     0.262    -6.558                                 KURHFS 
  4766.058   23.0051     0.262    -6.683                                 KURHFS 
  4766.072   27.0059     2.875    -6.254                                 KURHFS 
  4766.072   27.0059     2.875    -7.157                                 KURHFS 
  4766.080   23.0051     0.262    -6.216                                 KURHFS 
  4766.080   23.0051     0.262    -6.537                                 KURHFS 
  4766.080   23.0051     0.262    -7.014                                 KURHFS 
  4766.108 106.00112     1.650    -5.813               3.464            AX12R245
  4766.112   27.0059     2.875    -6.370                                 KURHFS 
  4766.112   27.0059     2.875    -6.946                                 KURHFS 
  4766.112   27.0059     2.875    -8.458                                 KURHFS 
  4766.146   27.0059     2.875    -6.499                                 KURHFS 
  4766.146   27.0059     2.875    -6.873                                 KURHFS 
  4766.146   27.0059     2.875    -8.060                                 KURHFS 
  4766.174   27.0059     2.875    -6.645                                 KURHFS 
  4766.174   27.0059     2.875    -6.867                                 KURHFS 
  4766.174   27.0059     2.875    -7.856                                 KURHFS 
  4766.196 106.00112     1.650    -5.127               3.464            AX12P255
  4766.197   27.0059     2.875    -6.815                                 KURHFS 
  4766.197   27.0059     2.875    -6.914                                 KURHFS 
  4766.197   27.0059     2.875    -7.759                                 KURHFS 
  4766.214   27.0059     2.875    -7.019                                 KURHFS 
  4766.214   27.0059     2.875    -7.019                                 KURHFS 
  4766.214   27.0059     2.875    -7.759                                 KURHFS 
  4766.225   27.0059     2.875    -7.215                                 KURHFS 
  4766.225   27.0059     2.875    -7.282                                 KURHFS 
  4766.225   27.0059     2.875    -7.914                                 KURHFS 
  4766.235   23.0051     2.357    -5.222                                 KURHFS 
  4766.235   23.0051     2.357    -5.477                                 KURHFS 
  4766.235   23.0051     2.357    -5.507                                 KURHFS 
  4766.242   23.0051     2.357    -5.034                                 KURHFS 
  4766.242   23.0051     2.357    -5.089                                 KURHFS 
  4766.242   23.0051     2.357    -5.477                                 KURHFS 
  4766.253   23.0051     2.357    -4.834                                 KURHFS 
  4766.253   23.0051     2.357    -4.943                                 KURHFS 
  4766.253   23.0051     2.357    -5.528                                 KURHFS 
  4766.266 106.00112     1.650    -2.717               3.464            AX12Q245
  4766.267   23.0051     2.357    -4.636                                 KURHFS 
  4766.267   23.0051     2.357    -4.921                                 KURHFS 
  4766.267   23.0051     2.357    -5.653                                 KURHFS 
  4766.285   23.0051     2.357    -4.472                                 KURHFS 
  4766.285   23.0051     2.357    -4.975                                 KURHFS 
  4766.285   23.0051     2.357    -5.875                                 KURHFS 
  4766.306   23.0051     2.357    -4.331                                 KURHFS 
  4766.306   23.0051     2.357    -5.171                                 KURHFS 
  4766.306   23.0051     2.357    -6.285                                 KURHFS 
  4766.316      23.0     3.077     -1.70                                        
  4766.318      22.0     2.248     -0.84                                 LAWLER 
  4766.323      24.0     3.844     -3.85                                        
  4766.358      26.0     4.603     -2.61                                        
  4766.361 106.00112     1.529    -3.512               3.464            AX34R125
  4766.400   25.0055     2.918    -0.462                                 LAWHFS 
  4766.400 106.00112     1.529    -3.570               3.464            AX34R135
  4766.408   25.0055     2.918    -1.380                                 LAWHFS 
  4766.413   25.0055     2.918    -0.602                                 LAWHFS 
  4766.415   25.0055     2.918    -2.598                                 LAWHFS 
  4766.419   25.0055     2.918    -1.204                                 LAWHFS 
  4766.424   25.0055     2.918    -0.760                                 LAWHFS 
  4766.425   25.0055     2.918    -2.246                                 LAWHFS 
  4766.429   25.0055     2.918    -1.178                                 LAWHFS 
  4766.432   25.0055     2.918    -0.944                                 LAWHFS 
  4766.433   25.0055     2.918    -2.120                                 LAWHFS 
  4766.436   25.0055     2.918    -1.245                                 LAWHFS 
  4766.438   25.0055     2.918    -1.166                                 LAWHFS 
  4766.438   25.0055     2.918    -2.200                                 LAWHFS 
  4766.440   25.0055     2.918    -1.421                                 LAWHFS 
  4766.442   25.0055     2.918    -1.451                                 LAWHFS 
  4766.448 106.00112     1.529    -5.135               3.464            AX34Q135
  4766.514      72.0     1.737     -1.01                                        
  4766.521   23.0051     2.357    -4.273                                 KURHFS 
  4766.521   23.0051     2.357    -4.528                                 KURHFS 
  4766.528   23.0051     2.357    -4.074                                 KURHFS 
  4766.528   23.0051     2.357    -4.273                                 KURHFS 
  4766.528   23.0051     2.357    -6.181                                 KURHFS 
  4766.539   23.0051     2.357    -4.010                                 KURHFS 
  4766.539   23.0051     2.357    -4.074                                 KURHFS 
  4766.539   23.0051     2.357    -4.938                                 KURHFS 
  4766.553   23.0051     2.357    -4.010                                 KURHFS 
  4766.553   23.0051     2.357    -4.041                                 KURHFS 
  4766.553   23.0051     2.357    -4.221                                 KURHFS 
  4766.570      22.0     3.421     -3.94                                        
  4766.571   23.0051     2.357    -3.815                                 KURHFS 
  4766.571   23.0051     2.357    -4.041                                 KURHFS 
  4766.571   23.0051     2.357    -4.222                                 KURHFS 
  4766.593   23.0051     2.357    -3.523                                 KURHFS 
  4766.593   23.0051     2.357    -4.222                                 KURHFS 
  4766.601      90.0     0.479     -2.08                                        
  4766.606      26.0     2.431     -6.05                                        
  4766.623      23.0     2.038     -0.12                                        
  4766.634      24.0     3.553     -0.92                                        
  4766.645      24.0     4.413     -3.93                                        
  4766.664      25.0     5.195     -0.56                                        
  4766.672       6.0     7.477     -2.31                                        
  4766.672      26.0     3.412     -4.79                                        
  4766.694      24.0     3.008     -3.33                                        
  4766.717 106.00113     1.570    -5.675               3.464            AX12R235
  4766.751      26.0     4.831     -3.41                                        
  4766.753      26.0     4.151     -2.42                                        
  4766.781 106.00113     1.570    -2.717               3.464            AX12Q245
  4766.786      41.0     2.144     -0.49                                        
  4766.787      26.0     4.590     -1.66                                        
  4766.845      23.0     3.064     -3.64                                        
  4766.861 106.00113     2.273    -4.511               3.464            AX55Q225
  4766.864 106.00113     1.570    -2.689               3.464            AX12Q235
  4766.866      26.0     3.417     -2.26                              NIST/E    
  4766.873      22.1     5.643     -2.19                                        
  4766.880      57.0     0.000     -1.11                                        
  4766.904 106.00113     2.273    -2.226               3.464            AX55P235
  4766.920      26.0     3.249     -6.04                                        
  4766.928 106.00113     1.570    -5.113               3.464            AX12P245
  4766.939 106.00113     2.273    -2.128               3.464            AX55P225
  4766.994      24.0     4.096     -3.37                                        
  4767.032   27.0059     4.055    -2.631                                 KURHFS 
  4767.038   27.0059     4.055    -2.346                                 KURHFS 
  4767.038   27.0059     4.055    -2.601                                 KURHFS 
  4767.052   27.0059     4.055    -2.158                                 KURHFS 
  4767.052   27.0059     4.055    -2.601                                 KURHFS 
  4767.052   27.0059     4.055    -2.652                                 KURHFS 
  4767.073   27.0059     4.055    -2.067                                 KURHFS 
  4767.073   27.0059     4.055    -2.213                                 KURHFS 
  4767.073   27.0059     4.055    -2.777                                 KURHFS 
  4767.101   27.0059     4.055    -1.958                                 KURHFS 
  4767.101   27.0059     4.055    -2.045                                 KURHFS 
  4767.101   27.0059     4.055    -2.999                                 KURHFS 
  4767.128 106.00113     1.362    -2.734               3.464            AX01Q255
  4767.135   27.0059     4.055    -1.760                                 KURHFS 
  4767.135   27.0059     4.055    -2.099                                 KURHFS 
  4767.135   27.0059     4.055    -3.409                                 KURHFS 
  4767.177   27.0059     4.055    -1.596                                 KURHFS 
  4767.177   27.0059     4.055    -2.295                                 KURHFS 
  4767.183 106.00113     1.362    -5.694               3.464            AX01R245
  4767.226   27.0059     4.055    -1.455                                 KURHFS 
  4767.248      64.0     0.927      0.26                                        
  4767.250      22.1     1.115     -6.82                                        
  4767.253      26.0     4.100     -3.89                                        
  4767.267      24.0     3.553     -1.02                                        
  4767.294 106.00113     1.362    -5.202               3.464            AX01P255
  4767.349 106.00113     1.362    -2.725               3.464            AX01Q245
  4767.393 106.00112     2.150    -5.211               3.464            AX50Q375
  4767.416      29.0     5.720     -0.81                                        
  4767.430      23.0     2.636     -2.81                                        
  4767.450 106.00112     1.576    -5.675               3.464            AX12R235
  4767.462 106.00113     2.038    -7.517               3.464            AX23R265
  4767.473      24.0     3.446     -2.87                                        
  4767.490 106.00113     2.038    -3.719               3.464            AX23Q275
  4767.496 106.00112     2.150    -7.717               3.464            AX50R365
  4767.516      27.0     4.237     -3.22                                        
  4767.536      26.0     4.604     -3.15                                        
  4767.537 106.00112     1.576    -2.717               3.464            AX12Q245
  4767.540   27.0059     4.055    -3.941                                 KURHFS 
  4767.544      22.0     3.177     -2.38                                        
  4767.550      23.0     2.576     -1.80                                        
  4767.552   27.0059     4.055    -3.737                                 KURHFS 
  4767.563   27.0059     4.055    -3.672                                 KURHFS 
  4767.574   27.0059     4.055    -3.679                                 KURHFS 
  4767.578 106.00113     2.106    -4.866               3.464            AX55P195
  4767.585   27.0059     4.055    -3.745                                 KURHFS 
  4767.589   27.0059     4.055    -3.038                                 KURHFS 
  4767.594   27.0059     4.055    -3.225                                 KURHFS 
  4767.594   27.0059     4.055    -3.883                                 KURHFS 
  4767.598   27.0059     4.055    -3.444                                 KURHFS 
  4767.602   27.0059     4.055    -3.707                                 KURHFS 
  4767.602 106.00112     1.576    -2.689               3.464            AX12Q235
  4767.603   27.0059     4.055    -4.163                                 KURHFS 
  4767.605   27.0059     4.055    -4.038                                 KURHFS 
  4767.608   27.0059     4.055    -4.485                                 KURHFS 
  4767.609   27.0059     4.055    -5.184                                 KURHFS 
  4767.617   27.0059     4.055    -4.163                                 KURHFS 
  4767.623   27.0059     4.055    -3.883                                 KURHFS 
  4767.627 106.00112     2.150    -9.022               3.464            AX50P375
  4767.629   27.0059     4.055    -3.745                                 KURHFS 
  4767.633   27.0059     4.055    -3.679                                 KURHFS 
  4767.636 106.00113     2.038    -3.428               3.464            AX23Q265
  4767.637   27.0059     4.055    -3.672                                 KURHFS 
  4767.640   27.0059     4.055    -3.737                                 KURHFS 
  4767.643   27.0059     4.055    -3.941                                 KURHFS 
  4767.660      60.1     0.559     -1.62                              DenHarto03
  4767.664 106.00113     2.038    -5.595               3.464            AX23P275
  4767.677      22.0     3.348     -4.05                                        
  4767.690 106.00112     1.576    -5.113               3.464            AX12P245
  4767.731 106.00112     2.150    -5.762               3.464            AX50Q365
  4767.814      25.0     4.662     -1.25                                        
  4767.856      24.0     3.553     -0.53                                        
  4767.932 106.00112     1.368    -2.734               3.464            AX01Q255
  4767.934      20.0     6.030     -3.46                                        
  4767.987      20.0     6.030     -3.15                                        
  4768.004 106.00112     1.368    -5.694               3.464            AX01R245
  4768.023   27.0059     3.189    -2.192                                 KURHFS 
  4768.023   27.0059     3.189    -2.447                                 KURHFS 
  4768.023   27.0059     3.189    -2.477                                 KURHFS 
  4768.034   27.0059     3.189    -2.004                                 KURHFS 
  4768.034   27.0059     3.189    -2.059                                 KURHFS 
  4768.034   27.0059     3.189    -2.447                                 KURHFS 
  4768.052   27.0059     3.189    -1.804                                 KURHFS 
  4768.052   27.0059     3.189    -1.913                                 KURHFS 
  4768.052   27.0059     3.189    -2.498                                 KURHFS 
  4768.076   27.0059     3.189    -1.606                                 KURHFS 
  4768.076   27.0059     3.189    -1.891                                 KURHFS 
  4768.076   27.0059     3.189    -2.623                                 KURHFS 
  4768.105   27.0059     3.189    -1.442                                 KURHFS 
  4768.105   27.0059     3.189    -1.945                                 KURHFS 
  4768.105   27.0059     3.189    -2.845                                 KURHFS 
  4768.114 106.00112     1.368    -5.201               3.464            AX01P255
  4768.141   27.0059     3.189    -1.301                                 KURHFS 
  4768.141   27.0059     3.189    -2.141                                 KURHFS 
  4768.141   27.0059     3.189    -3.255                                 KURHFS 
  4768.186 106.00112     1.368    -2.725               3.464            AX01Q245
  4768.205 106.00113     1.088    -6.296               3.464            BX02R165
  4768.262      74.1     3.123     -0.66                                        
  4768.320      26.0     3.686     -1.41                              DenHarto14
  4768.386 106.00113     1.689    -6.841               3.464            AX45R105
  4768.396      26.0     2.940     -2.27                              Ruffoni14 
  4768.407      25.1     5.393     -4.21                                        
  4768.444      22.0     1.732     -4.04                                        
  4768.501 106.00113     1.039    -6.352               3.464            BX02R155
  4768.578      24.0     4.102     -0.86                                        
  4768.664      92.0     0.077     -1.65                                        
  4768.698      24.0     5.107     -3.17                                        
  4768.699      26.0     4.073     -2.61                                        
  4768.699   23.0051     2.377    -3.812                                 KURHFS 
  4768.699   23.0051     2.377    -4.438                                 KURHFS 
  4768.699   23.0051     2.377    -5.303                                 KURHFS 
  4768.707   23.0051     2.377    -4.028                                 KURHFS 
  4768.707   23.0051     2.377    -4.277                                 KURHFS 
  4768.707   23.0051     2.377    -4.875                                 KURHFS 
  4768.714   23.0051     2.377    -4.285                                 KURHFS 
  4768.714   23.0051     2.377    -4.311                                 KURHFS 
  4768.714   23.0051     2.377    -4.625                                 KURHFS 
  4768.719   23.0051     2.377    -4.449                                 KURHFS 
  4768.719   23.0051     2.377    -4.449                                 KURHFS 
  4768.719   23.0051     2.377    -4.750                                 KURHFS 
  4768.742      20.0     6.031     -3.62                                        
  4768.781      24.0     4.385     -3.56                                        
  4768.791      58.1     0.869     -0.80                              Lawler09  
  4768.811      28.0     4.164     -2.44                                        
  4768.842      22.1     1.223     -5.74                                        
  4768.978      73.0     1.516     -1.18                                        
  4769.056      26.0     4.383     -3.11                                        
  4769.091      24.0     2.870     -5.78                                        
  4769.091 106.00113     1.690    -6.809               3.464            AX45R105
  4769.104      26.0     3.299     -2.69                                        
  4769.110      22.0     3.407     -3.10                                        
  4769.190 106.00113     0.835    -3.107               3.464            AX12R095
  4769.199      24.0     4.609     -2.10                                        
  4769.246      20.0     5.041     -3.00                                        
  4769.266      92.1     0.000     -2.29                                        
  4769.268   27.0059     4.055    -4.335                                 KURHFS 
  4769.269   27.0059     4.055    -4.197                                 KURHFS 
  4769.269   27.0059     4.055    -4.615                                 KURHFS 
  4769.273   27.0059     4.055    -4.131                                 KURHFS 
  4769.276   27.0059     4.055    -5.636                                 KURHFS 
  4769.280   27.0059     4.055    -4.124                                 KURHFS 
  4769.280   27.0059     4.055    -4.615                                 KURHFS 
  4769.282   27.0059     4.055    -4.937                                 KURHFS 
  4769.290   27.0059     4.055    -4.189                                 KURHFS 
  4769.290   27.0059     4.055    -4.335                                 KURHFS 
  4769.290   27.0059     4.055    -4.490                                 KURHFS 
  4769.301      25.1     5.516     -6.89                                        
  4769.301   27.0059     4.055    -4.159                                 KURHFS 
  4769.302   27.0059     4.055    -4.197                                 KURHFS 
  4769.303   27.0059     4.055    -4.393                                 KURHFS 
  4769.304      44.0     0.811     -1.74                                        
  4769.314 106.00113     2.112    -4.259               3.464            AX23Q285
  4769.315   27.0059     4.055    -3.896                                 KURHFS 
  4769.318   27.0059     4.055    -4.131                                 KURHFS 
  4769.332   27.0059     4.055    -3.677                                 KURHFS 
  4769.336   27.0059     4.055    -4.124                                 KURHFS 
  4769.352   27.0059     4.055    -3.490                                 KURHFS 
  4769.353      22.0     2.493     -3.05                                        
  4769.357   27.0059     4.055    -4.189                                 KURHFS 
  4769.360 106.00113     1.486    -3.469               3.464            AX34R115
  4769.381   27.0059     4.055    -4.393                                 KURHFS 
  4769.383   23.0051     2.284    -8.138                                 KURHFS 
  4769.383   23.0051     2.284    -8.205                                 KURHFS 
  4769.383   23.0051     2.284    -8.837                                 KURHFS 
  4769.390   23.0051     2.284    -7.942                                 KURHFS 
  4769.390   23.0051     2.284    -7.942                                 KURHFS 
  4769.390   23.0051     2.284    -8.682                                 KURHFS 
  4769.402   23.0051     2.284    -7.738                                 KURHFS 
  4769.402   23.0051     2.284    -7.837                                 KURHFS 
  4769.402   23.0051     2.284    -8.682                                 KURHFS 
  4769.417   23.0051     2.284    -7.568                                 KURHFS 
  4769.417   23.0051     2.284    -7.790                                 KURHFS 
  4769.417   23.0051     2.284    -8.779                                 KURHFS 
  4769.418      28.1     6.984     -3.64                                        
  4769.436   23.0051     2.284    -7.422                                 KURHFS 
  4769.436   23.0051     2.284    -7.796                                 KURHFS 
  4769.436   23.0051     2.284    -8.983                                 KURHFS 
  4769.439      23.0     2.636     -3.43                                        
  4769.444 106.00113     0.835    -3.085               3.464            AX12R105
  4769.447   23.0051     2.364    -7.000                                 KURHFS 
  4769.448   23.0051     2.364    -6.737                                 KURHFS 
  4769.448   23.0051     2.364    -6.933                                 KURHFS 
  4769.449   23.0051     2.364    -6.533                                 KURHFS 
  4769.449   23.0051     2.364    -6.737                                 KURHFS 
  4769.449   23.0051     2.364    -7.632                                 KURHFS 
  4769.449 106.00113     0.835    -4.725               3.464            AX12Q105
  4769.452   23.0051     2.364    -6.363                                 KURHFS 
  4769.452   23.0051     2.364    -6.632                                 KURHFS 
  4769.452   23.0051     2.364    -7.477                                 KURHFS 
  4769.454   23.0051     2.364    -6.217                                 KURHFS 
  4769.454   23.0051     2.364    -6.585                                 KURHFS 
  4769.454   23.0051     2.364    -7.477                                 KURHFS 
  4769.455      24.0     3.548     -4.21                                        
  4769.455 106.00113     2.112    -6.672               3.464            AX23R275
  4769.458   23.0051     2.364    -6.088                                 KURHFS 
  4769.458   23.0051     2.364    -6.591                                 KURHFS 
  4769.458   23.0051     2.364    -7.574                                 KURHFS 
  4769.459   23.0051     2.284    -7.293                                 KURHFS 
  4769.459   23.0051     2.284    -7.869                                 KURHFS 
  4769.459   23.0051     2.284    -9.381                                 KURHFS 
  4769.462   23.0051     2.364    -5.972                                 KURHFS 
  4769.462   23.0051     2.364    -6.664                                 KURHFS 
  4769.462   23.0051     2.364    -7.778                                 KURHFS 
  4769.467   23.0051     2.364    -5.867                                 KURHFS 
  4769.467   23.0051     2.364    -6.875                                 KURHFS 
  4769.467   23.0051     2.364    -8.176                                 KURHFS 
  4769.486   23.0051     2.284    -7.177                                 KURHFS 
  4769.486   23.0051     2.284    -8.080                                 KURHFS 
  4769.501      26.0     4.648     -4.28                                        
  4769.516   23.0051     2.284    -7.072                                 KURHFS 
  4769.521 106.00113     1.486    -3.509               3.464            AX34R125
  4769.524      26.0     2.756     -4.47                                        
  4769.531      22.0     2.504     -2.10                                        
  4769.540 106.00113     1.486    -5.081               3.464            AX34Q125
  4769.551 106.00113     2.112    -5.713               3.464            AX23P285
  4769.659 106.00113     0.708    -5.258               3.464            AX12R055
  4769.692 106.00113     2.112    -3.720               3.464            AX23Q275
  4769.765      22.0     2.254     -0.83                                 LAWLER 
  4769.770 106.00113     1.140    -6.237               3.464            BX02R175
  4769.782      58.1     0.459     -2.08                              Lawler09  
  4769.802      24.0     4.141     -1.33                                        
  4769.812      26.0     4.431     -2.88                                        
  4769.866      27.0     4.206     -2.63                                        
  4769.873 106.00113     0.708    -5.239               3.464            AX12R055
  4769.906      26.0     2.467     -7.80                                        
  4769.988      24.0     4.130     -1.71                                        
  4769.997 106.00113     2.275    -2.227               3.464            AX55P235
  4770.027       6.0     7.477     -2.72                                        
  4770.030      24.0     4.614     -0.80                                        
  4770.041      26.0     4.796     -2.77                              PK15THEOR 
  4770.055      26.0     4.730     -2.94                                        
  4770.069 106.00113     0.836    -3.107               3.464            AX12R095
  4770.071      28.0     3.495     -5.41                                        
  4770.084 106.00113     2.275    -4.548               3.464            AX55Q225
  4770.128 106.00113     2.269    -5.957               3.464            AX45R235
  4770.156 106.00113     2.275    -2.128               3.464            AX55P225
  4770.187      60.0     0.293     -0.17                                        
  4770.191      62.0     0.282     -0.60                                        
  4770.242 106.00113     0.836    -3.086               3.464            AX12R105
  4770.256 106.00113     0.836    -4.709               3.464            AX12Q105
  4770.302      24.0     3.099     -9.67                                        
  4770.337      24.0     4.609     -2.11                                        
  4770.342 106.00113     0.992    -6.403               3.464            BX02R145
  4770.351      25.1     5.394     -2.29                                        
  4770.380 106.00113     1.572    -2.718               3.464            AX12Q245
  4770.393      20.0     5.045     -3.09                                        
  4770.396 106.00112     0.838    -3.107               3.464            AX12R095
  4770.426      57.0     0.869     -0.92                                        
  4770.483 106.00113     1.572    -5.703               3.464            AX12R235
  4770.502 106.00113     1.487    -3.469               3.464            AX34R115
  4770.526 106.00113     1.572    -5.087               3.464            AX12P245
  4770.535      20.0     5.983     -3.05                                        
  4770.547 106.00113     1.487    -3.510               3.464            AX34R125
  4770.607 106.00113     1.487    -5.061               3.464            AX34Q125
  4770.615 106.00112     1.491    -3.469               3.464            AX34R115
  4770.630 106.00113     1.572    -2.690               3.464            AX12Q235
  4770.641 106.00112     0.838    -3.085               3.464            AX12R105
  4770.656 106.00112     0.838    -4.725               3.464            AX12Q105
  4770.673      24.0     3.011     -1.63                                        
  4770.768 106.00112     1.491    -3.509               3.464            AX34R125
  4770.803 106.00112     1.491    -5.081               3.464            AX34Q125
  4770.881 106.00112     0.710    -5.258               3.464            AX12R055
  4770.984      24.0     3.847     -3.80                                        
