a line list in the range:    4039.00   4051.00
  4039.003 106.00112     1.109    -3.491               3.464            AX43P095
  4039.009 106.00113     1.288    -4.644               3.464            AX54R045
  4039.035      28.0     1.934     -3.22                                        
  4039.039 106.00112     1.716    -8.862               3.464            CX03P225
  4039.039 106.00113     0.358    -2.143               3.464            BX11Q025
  4039.054 106.00113     0.358    -4.211               3.464            BX11R025
  4039.079 106.00113     1.688    -8.085               3.464            CX25Q105
  4039.080      41.0     1.428     -0.70                                        
  4039.090      24.0     3.847      0.39                                        
  4039.142   27.0059     3.277    -6.513                                 KURHFS 
  4039.146   27.0059     3.277    -6.513                                 KURHFS 
  4039.146   27.0059     3.277    -6.689                                 KURHFS 
  4039.153   27.0059     3.277    -6.349                                 KURHFS 
  4039.153   27.0059     3.277    -6.814                                 KURHFS 
  4039.153   27.0059     3.277    -6.939                                 KURHFS 
  4039.163   27.0059     3.277    -6.341                                 KURHFS 
  4039.163   27.0059     3.277    -6.375                                 KURHFS 
  4039.163   27.0059     3.277    -7.367                                 KURHFS 
  4039.175   27.0059     3.277    -6.092                                 KURHFS 
  4039.175   27.0059     3.277    -6.502                                 KURHFS 
  4039.187      26.0     4.257     -3.73                                        
  4039.189   27.0059     3.277    -5.876                                 KURHFS 
  4039.189 106.00112     1.345    -4.807               3.464            AX54R075
  4039.194      26.0     4.309     -2.28                                        
  4039.197 106.00113     1.688    -4.915               3.464            CX25R095
  4039.207      44.0     1.821     -0.32                                        
  4039.219   27.0059     2.784    -5.526                                 KURHFS 
  4039.219   27.0059     2.784    -5.593                                 KURHFS 
  4039.219   27.0059     2.784    -6.225                                 KURHFS 
  4039.220      28.0     1.949     -5.35                                        
  4039.228   27.0059     2.784    -5.330                                 KURHFS 
  4039.228   27.0059     2.784    -5.330                                 KURHFS 
  4039.228   27.0059     2.784    -6.070                                 KURHFS 
  4039.233   59.1141     0.204    -2.358                                 LI/LAW 
  4039.241   27.0059     2.784    -5.126                                 KURHFS 
  4039.241   27.0059     2.784    -5.225                                 KURHFS 
  4039.241   27.0059     2.784    -6.070                                 KURHFS 
  4039.250   59.1141     0.204    -1.367                                 LI/LAW 
  4039.254   59.1141     0.204    -2.160                                 LI/LAW 
  4039.258   27.0059     2.784    -4.956                                 KURHFS 
  4039.258   27.0059     2.784    -5.178                                 KURHFS 
  4039.258   27.0059     2.784    -6.167                                 KURHFS 
  4039.274   59.1141     0.204    -1.320                                 LI/LAW 
  4039.277 106.00112     1.148    -4.485               3.464            AX00R265
  4039.280   27.0059     2.784    -4.810                                 KURHFS 
  4039.280   27.0059     2.784    -5.184                                 KURHFS 
  4039.280   27.0059     2.784    -6.371                                 KURHFS 
  4039.280   59.1141     0.204    -2.108                                 LI/LAW 
  4039.287 106.00113     1.688    -4.837               3.464            CX25R105
  4039.290   59.1141     0.204    -2.358                                 LI/LAW 
  4039.292 106.00113     0.487    -2.169               3.464            BX11R085
  4039.296      24.0     3.847     -0.66                                        
  4039.300      25.0     4.675     -0.60                                        
  4039.303   59.1141     0.204    -1.250                                 LI/LAW 
  4039.307   27.0059     2.784    -4.681                                 KURHFS 
  4039.307   27.0059     2.784    -5.257                                 KURHFS 
  4039.307   27.0059     2.784    -6.769                                 KURHFS 
  4039.308   27.0059     3.277    -6.848                                 KURHFS 
  4039.308   27.0059     3.277    -7.103                                 KURHFS 
  4039.308   27.0059     3.277    -7.133                                 KURHFS 
  4039.310   59.1141     0.204    -2.154                                 LI/LAW 
  4039.313   27.0059     3.277    -6.660                                 KURHFS 
  4039.313   27.0059     3.277    -6.715                                 KURHFS 
  4039.313   27.0059     3.277    -7.103                                 KURHFS 
  4039.320   27.0059     3.277    -6.460                                 KURHFS 
  4039.320   27.0059     3.277    -6.569                                 KURHFS 
  4039.320   27.0059     3.277    -7.154                                 KURHFS 
  4039.323   59.1141     0.204    -2.160                                 LI/LAW 
  4039.329   27.0059     3.277    -6.262                                 KURHFS 
  4039.329   27.0059     3.277    -6.547                                 KURHFS 
  4039.329   27.0059     3.277    -7.279                                 KURHFS 
  4039.337   59.1141     0.204    -1.168                                 LI/LAW 
  4039.337 106.00112     1.424    -4.867               3.464            AX54R105
  4039.338   27.0059     2.784    -4.565                                 KURHFS 
  4039.338   27.0059     2.784    -5.468                                 KURHFS 
  4039.341   27.0059     3.277    -6.098                                 KURHFS 
  4039.341   27.0059     3.277    -6.601                                 KURHFS 
  4039.341   27.0059     3.277    -7.501                                 KURHFS 
  4039.347   59.1141     0.204    -2.349                                 LI/LAW 
  4039.355   27.0059     3.277    -5.957                                 KURHFS 
  4039.355   27.0059     3.277    -6.797                                 KURHFS 
  4039.355   27.0059     3.277    -7.911                                 KURHFS 
  4039.361   59.1141     0.204    -2.108                                 LI/LAW 
  4039.373   27.0059     2.784    -4.460                                 KURHFS 
  4039.377   59.1141     0.204    -1.080                                 LI/LAW 
  4039.394       6.0     7.940     -2.87                                        
  4039.404   59.1141     0.204    -2.154                                 LI/LAW 
  4039.422   59.1141     0.204    -0.991                                 LI/LAW 
  4039.453   59.1141     0.204    -2.349                                 LI/LAW 
  4039.486 106.00113     1.359    -5.632               3.464            AX21Q245
  4039.490      64.1     1.525     -0.34                                        
  4039.491   23.0051     1.944    -3.918                                 KURHFS 
  4039.494   23.0051     1.944    -3.918                                 KURHFS 
  4039.494   23.0051     1.944    -4.094                                 KURHFS 
  4039.499   23.0051     1.944    -3.754                                 KURHFS 
  4039.499   23.0051     1.944    -4.219                                 KURHFS 
  4039.499   23.0051     1.944    -4.344                                 KURHFS 
  4039.499 106.00113     0.341    -2.201               3.464            BX11P015
  4039.506   23.0051     1.944    -3.746                                 KURHFS 
  4039.506   23.0051     1.944    -3.780                                 KURHFS 
  4039.506   23.0051     1.944    -4.772                                 KURHFS 
  4039.510 106.00113     0.488    -6.433               3.464            BX11Q095
  4039.514   23.0051     1.944    -3.497                                 KURHFS 
  4039.514   23.0051     1.944    -3.907                                 KURHFS 
  4039.524      41.0     1.612     -0.05                                        
  4039.524   23.0051     1.944    -3.281                                 KURHFS 
  4039.529 106.00113     1.359    -3.869               3.464            AX21P255
  4039.529 607.01214     3.259    -3.055               7.724          1414Qc0075
  4039.537      25.0     4.604     -2.78                                        
  4039.540 607.01214     3.259    -0.980               7.724          1414Pb0075
  4039.548 106.00113     0.488    -2.154               3.464            BX11R095
  4039.550      60.1     0.559     -1.17                              DenHarto03
  4039.558      24.0     3.695     -1.52                                        
  4039.571      23.1     1.816     -2.11                                        
  4039.597      22.0     2.115     -2.42                                        
  4039.620 106.00113     1.359    -4.054               3.464            AX21P245
  4039.639      26.1     4.734     -4.67                                        
  4039.643      68.0     1.533      0.36                                        
  4039.653      26.1     4.612     -6.85                                        
  4039.664      64.1     1.496     -0.18                                        
  4039.665 106.00112     1.334    -4.540               3.464            AX43R145
  4039.667      26.0     2.996     -8.62                                        
  4039.677 106.00113     0.358    -3.960               3.464            BX11P035
  4039.681      25.1     5.394     -3.36                                        
  4039.689 106.00113     0.358    -2.021               3.464            BX11Q035
  4039.705 106.00112     1.334    -2.508               3.464            AX43Q145
  4039.709 607.01214     3.259    -0.926               7.724          1414Pa0085
  4039.744      92.0     0.947     -0.24                                        
  4039.775 106.00112     1.334    -2.434               3.464            AX43Q155
  4039.787 106.00113     1.572    -4.313               3.464            AX10P315
  4039.794 106.00113     1.709    -2.049               3.464            AX43R225
  4039.798      22.0     0.835     -3.08                                        
  4039.808      24.0     2.985     -4.67                                        
  4039.814 106.00112     1.197    -5.298               3.464            AX32Q175
  4039.815 106.00112     1.334    -4.932               3.464            AX43P155
  4039.822      39.0     0.000     -0.78                                        
  4039.857      74.0     2.351     -0.21                                        
  4039.860 106.00112     0.359    -2.143               3.464            BX11Q025
  4039.865      90.0     1.760      0.37                                        
  4039.867      26.0     3.299     -4.00                                        
  4039.872 106.00112     0.359    -4.211               3.464            BX11R025
  4039.873 106.00112     1.197    -3.678               3.464            AX32P175
  4039.874      58.1     1.089     -0.52                                        
  4039.876 106.00113     1.709    -4.466               3.464            AX43Q225
  4039.885 106.00113     1.572    -6.060               3.464            AX10Q305
  4039.905 106.00112     1.197    -3.577               3.464            AX32P185
  4039.920 106.00113     1.709    -2.111               3.464            AX43R215
  4039.938      26.0     2.725     -3.16                                        
  4040.012 106.00113     1.572    -4.658               3.464            AX10P305
  4040.021 106.00112     1.656    -2.104               3.464            AX43R215
  4040.028      27.1     3.405     -2.58                                        
  4040.032      24.0     4.444     -0.70                                        
  4040.052       6.0     7.940     -3.78                                        
  4040.08       26.0     2.5       -2.6                               fake
  4040.072      77.0     0.717     -2.31                                        
  4040.111 106.00112     1.656    -4.499               3.464            AX43Q215
  4040.134 106.00112     1.656    -2.168               3.464            AX43R205
  4040.186 106.00113     1.193    -5.298               3.464            AX32Q175
  4040.206 106.00112     0.489    -2.169               3.464            BX11R085
  4040.216 106.00113     1.193    -3.678               3.464            AX32P175
  4040.223 607.01214     3.262    -0.926               7.724          1414Pb0085
  4040.240      40.1     0.931     -1.65                                Ljung06 
  4040.247 106.00112     1.366    -5.631               3.464            AX21Q245
  4040.254 607.01214     3.262    -0.878               7.724          1414Pa0095
  4040.266 607.01214     3.262    -3.107               7.724          1414Qc0085
  4040.270 106.00113     1.193    -3.577               3.464            AX32P185
  4040.291      23.0     2.121     -1.00                               LAWNOHFS 
  4040.292 106.00112     1.647    -4.655               3.464            AX32R245
  4040.308 106.00112     0.342    -2.201               3.464            BX11P015
  4040.309 106.00112     1.366    -3.869               3.464            AX21P255
  4040.316      22.0     2.115     -0.55                                        
  4040.329 106.00112     1.366    -4.054               3.464            AX21P245
  4040.352 106.00112     1.648    -2.170               3.464            AX32Q255
  4040.385   23.0051     1.929    -7.049                                 KURHFS 
  4040.385   23.0051     1.929    -7.304                                 KURHFS 
  4040.385   23.0051     1.929    -7.334                                 KURHFS 
  4040.392   23.0051     1.929    -6.861                                 KURHFS 
  4040.392   23.0051     1.929    -6.916                                 KURHFS 
  4040.392   23.0051     1.929    -7.304                                 KURHFS 
  4040.404   23.0051     1.929    -6.661                                 KURHFS 
  4040.404   23.0051     1.929    -6.770                                 KURHFS 
  4040.404   23.0051     1.929    -7.355                                 KURHFS 
  4040.406 106.00112     1.647    -2.261               3.464            AX32Q245
  4040.407 106.00113     0.837   -11.138               3.464            AX21P165
  4040.415      25.0     4.341     -1.67                                        
  4040.418   23.0051     1.929    -6.463                                 KURHFS 
  4040.418   23.0051     1.929    -6.748                                 KURHFS 
  4040.418   23.0051     1.929    -7.480                                 KURHFS 
  4040.424 106.00112     0.489    -6.433               3.464            BX11Q095
  4040.434 106.00113     1.142    -4.485               3.464            AX00R265
  4040.437   23.0051     1.929    -6.299                                 KURHFS 
  4040.437   23.0051     1.929    -6.802                                 KURHFS 
  4040.437   23.0051     1.929    -7.702                                 KURHFS 
  4040.442      24.0     4.613     -1.61                                        
  4040.459   23.0051     1.929    -6.158                                 KURHFS 
  4040.459   23.0051     1.929    -6.998                                 KURHFS 
  4040.459   23.0051     1.929    -8.112                                 KURHFS 
  4040.461 106.00112     0.489    -2.154               3.464            BX11R095
  4040.464      44.0     2.790     -0.33                                        
  4040.466 106.00112     1.648    -5.186               3.464            AX32P255
  4040.476      41.0     0.267     -1.78                                        
  4040.485 106.00112     0.841   -11.138               3.464            AX21P165
  4040.501 106.00112     0.359    -3.960               3.464            BX11P035
  4040.513 106.00112     0.359    -2.021               3.464            BX11Q035
  4040.588      74.0     2.434     -0.61                                        
  4040.608      22.1     5.419     -3.60                                        
  4040.626      42.0     3.075     -1.50                                        
  4040.638      26.0     3.301     -1.08                              NIST/D+   
  4040.659      24.0     4.446     -3.41                                        
  4040.753      58.1     0.445      0.21                              Lawler09  
  4040.756      24.0     3.009     -2.98                                        
  4040.764      28.0     3.594     -5.22                                        
  4040.773   27.0059     2.278    -3.132                                 KURHFS 
  4040.780   27.0059     2.278    -2.655                                 KURHFS 
  4040.782   27.0059     2.278    -2.676                                 KURHFS 
  4040.787   27.0059     2.278    -2.655                                 KURHFS 
  4040.790      60.1     0.182      0.12                              DenHarto03
  4040.790   27.0059     2.278    -2.334                                 KURHFS 
  4040.794   27.0059     2.278    -2.801                                 KURHFS 
  4040.809 106.00112     1.324    -4.788               3.464            AX54R065
  4040.811      67.0     0.000      0.11                                        
  4040.828      26.0     3.639     -5.32                                        
  4040.855      20.0     5.963     -2.12                                        
  4040.866      73.0     0.696     -1.54                                        
  4040.880 106.00112     1.456    -4.909               3.464            AX54R115
  4040.923 106.00112     1.335    -4.559               3.464            AX43R145
  4040.930      79.0     2.656     -1.21                                        
  4040.961 106.00112     1.335    -2.434               3.464            AX43Q155
  4040.963 106.00112     1.335    -2.508               3.464            AX43Q145
  4041.001 106.00112     1.335    -4.915               3.464            AX43P155
  4041.012 106.00112     1.324    -4.767               3.464            AX54R065
  4041.025 607.01214     3.266    -0.878               7.724          1414Pb0095
  4041.029 607.01214     3.266    -3.154               7.724          1414Qc0095
  4041.034      24.0     3.077     -3.39                                        
  4041.037 607.01214     3.267    -0.834               7.724          1414Pa0105
  4041.054      73.0     0.000     -2.23                                        
  4041.060      60.1     0.471     -0.53                              DenHarto03
  4041.064 106.00112     1.580    -4.313               3.464            AX10P315
  4041.113      42.0     3.435     -0.92                                        
  4041.141 106.00112     1.580    -6.060               3.464            AX10Q305
  4041.181 106.00113     1.798    -8.110               3.464            CX14P195
  4041.204      90.1     1.345     -0.57                                        
  4041.228      24.0     2.542     -3.23                                        
  4041.269      58.1     0.739     -0.78                              Lawler09  
  4041.271      26.0     3.299     -1.99                                        
  4041.275 106.00112     1.580    -4.657               3.464            AX10P305
  4041.279      26.0     3.298     -3.65                                        
  4041.298 106.00113     1.451    -8.860               3.464            CX14Q115
  4041.321   25.0055     2.113    -1.531                                 LAWHFS 
  4041.323   25.0055     2.113    -0.887                                 LAWHFS 
  4041.327   25.0055     2.113    -1.334                                 LAWHFS 
  4041.329   25.0055     2.113    -0.833                                 LAWHFS 
  4041.331   25.0055     2.113    -1.531                                 LAWHFS 
  4041.332      25.0     5.083     -0.03                                        
  4041.336   25.0055     2.113    -1.278                                 LAWHFS 
  4041.338   25.0055     2.113    -0.727                                 LAWHFS 
  4041.340   25.0055     2.113    -1.334                                 LAWHFS 
  4041.347   25.0055     2.113    -1.319                                 LAWHFS 
  4041.350   25.0055     2.113    -0.603                                 LAWHFS 
  4041.352   25.0055     2.113    -1.278                                 LAWHFS 
  4041.360   25.0055     2.113    -1.509                                 LAWHFS 
  4041.364   25.0055     2.113    -0.475                                 LAWHFS 
  4041.366   25.0055     2.113    -1.319                                 LAWHFS 
  4041.380   25.0055     2.113    -0.350                                 LAWHFS 
  4041.384   25.0055     2.113    -1.509                                 LAWHFS 
  4041.469      23.0     2.614     -3.69                                        
  4041.471 106.00113     1.451    -5.574               3.464            CX14R105
  4041.478   23.0051     2.129    -2.587                                 KURHFS 
  4041.482      22.0     1.738     -3.18                                        
  4041.482   23.0051     2.129    -2.469                                 KURHFS 
  4041.482   23.0051     2.129    -3.039                                 KURHFS 
  4041.489   23.0051     2.129    -2.351                                 KURHFS 
  4041.489   23.0051     2.129    -2.828                                 KURHFS 
  4041.489   23.0051     2.129    -4.039                                 KURHFS 
  4041.497   23.0051     2.129    -2.239                                 KURHFS 
  4041.497   23.0051     2.129    -2.732                                 KURHFS 
  4041.497   23.0051     2.129    -3.832                                 KURHFS 
  4041.508   23.0051     2.129    -2.135                                 KURHFS 
  4041.508   23.0051     2.129    -2.696                                 KURHFS 
  4041.508   23.0051     2.129    -3.804                                 KURHFS 
  4041.521   23.0051     2.129    -2.039                                 KURHFS 
  4041.521   23.0051     2.129    -2.712                                 KURHFS 
  4041.521   23.0051     2.129    -3.884                                 KURHFS 
  4041.525 106.00112     1.456    -4.874               3.464            AX54R115
  4041.536   23.0051     2.129    -1.949                                 KURHFS 
  4041.536   23.0051     2.129    -2.794                                 KURHFS 
  4041.536   23.0051     2.129    -4.076                                 KURHFS 
  4041.554   23.0051     2.129    -1.865                                 KURHFS 
  4041.554   23.0051     2.129    -3.012                                 KURHFS 
  4041.554   23.0051     2.129    -4.465                                 KURHFS 
  4041.577 106.00113     1.451    -5.483               3.464            CX14R115
  4041.596      23.1     3.793     -3.02                                        
  4041.600      25.0     4.191     -1.80                                        
  4041.601 106.00112     1.199    -5.328               3.464            AX32Q175
  4041.606   27.0059     2.135    -7.094                                 KURHFS 
  4041.606 106.00112     1.199    -3.577               3.464            AX32P185
  4041.610   27.0059     2.135    -6.809                                 KURHFS 
  4041.610   27.0059     2.135    -7.064                                 KURHFS 
  4041.620   27.0059     2.135    -6.621                                 KURHFS 
  4041.620   27.0059     2.135    -7.064                                 KURHFS 
  4041.620   27.0059     2.135    -7.115                                 KURHFS 
  4041.622 106.00113     1.799    -4.496               3.464            CX14Q185
  4041.633   27.0059     2.135    -6.530                                 KURHFS 
  4041.633   27.0059     2.135    -6.676                                 KURHFS 
  4041.633   27.0059     2.135    -7.240                                 KURHFS 
  4041.640      40.0     1.883      0.01                                        
  4041.641      26.1     5.565     -3.13                                        
  4041.649      26.0     4.206     -0.51                                        
  4041.652   27.0059     2.135    -6.421                                 KURHFS 
  4041.652   27.0059     2.135    -6.508                                 KURHFS 
  4041.652   27.0059     2.135    -7.462                                 KURHFS 
  4041.659 106.00112     1.199    -3.678               3.464            AX32P175
  4041.670      62.1     0.188     -0.99                              Lawler06  
  4041.675   27.0059     2.135    -6.223                                 KURHFS 
  4041.675   27.0059     2.135    -6.562                                 KURHFS 
  4041.675   27.0059     2.135    -7.872                                 KURHFS 
  4041.679 106.00113     1.798    -4.416               3.464            CX14Q195
  4041.702   27.0059     2.135    -6.059                                 KURHFS 
  4041.702   27.0059     2.135    -6.758                                 KURHFS 
  4041.713      22.0     2.776     -2.48                                        
  4041.734   27.0059     2.135    -5.918                                 KURHFS 
  4041.743 607.01214     3.271    -0.834               7.724          1414Pb0105
  4041.797      24.0     2.542     -2.10                                        
  4041.811 106.00113     1.563    -4.918               3.464            AX54R145
  4041.816 607.01214     3.271    -0.795               7.724          1414Pa0115
  4041.818 607.01214     3.271    -3.196               7.724          1414Qc0105
  4041.847      26.1     2.340     -7.73                                        
  4041.850      23.0     1.798     -3.30                                        
  4041.865 106.00113     1.576    -7.240               3.464            CX25R055
  4041.903 106.00113     1.194    -3.577               3.464            AX32P185
  4041.909 106.00113     1.194    -5.328               3.464            AX32Q175
  4041.912      26.0     3.299     -3.05                                        
  4041.961      76.0     2.405     -0.25                                        
  4041.980      66.1     0.930     -0.90                              Wickliff00
  4042.004 106.00113     1.194    -3.678               3.464            AX32P175
  4042.018      25.0     3.380     -3.71                                        
  4042.043      26.0     2.422     -4.22                                        
  4042.075      22.1     5.028     -2.37                                        
  4042.120 106.00113     1.799    -8.365               3.464            CX14R185
  4042.128      58.1     1.106     -0.69                                        
  4042.165      24.0     4.614     -0.91                                        
  4042.230      40.0     1.395     -0.09                                        
  4042.242      24.0     2.543     -1.82                                        
  4042.262   25.0055     3.132    -9.144                                 KURHFS 
  4042.266   25.0055     3.132    -8.882                                 KURHFS 
  4042.266   25.0055     3.132    -9.144                                 KURHFS 
  4042.266   25.0055     3.132    -9.910                                 KURHFS 
  4042.272   25.0055     3.132    -8.780                                 KURHFS 
  4042.272   25.0055     3.132    -8.882                                 KURHFS 
  4042.272   25.0055     3.132    -9.211                                 KURHFS 
  4042.282   25.0055     3.132    -8.764                                 KURHFS 
  4042.282   25.0055     3.132    -8.780                                 KURHFS 
  4042.282   25.0055     3.132    -8.785                                 KURHFS 
  4042.295   25.0055     3.132    -8.433                                 KURHFS 
  4042.295   25.0055     3.132    -8.785                                 KURHFS 
  4042.295   25.0055     3.132    -8.948                                 KURHFS 
  4042.311   25.0055     3.132    -8.170                                 KURHFS 
  4042.311   25.0055     3.132    -8.948                                 KURHFS 
  4042.356      25.0     4.723     -4.07                                        
  4042.360      28.0     3.895     -1.48                                        
  4042.381      25.0     4.270     -2.08                                        
  4042.382      23.1     1.564     -3.95                                        
  4042.440      60.1     0.204     -1.33                              DenHarto03
  4042.473      24.0     2.980     -5.29                                        
  4042.480 106.00113     0.371    -2.021               3.464            BX11Q035
  4042.498 106.00113     0.371    -4.310               3.464            BX11R035
  4042.519      20.0     4.677     -5.02                                        
  4042.536      23.1     6.019     -2.59                                        
  4042.544 106.00113     1.362    -3.869               3.464            AX21P255
  4042.572      41.0     1.504     -0.62                                        
  4042.581      58.1     0.495      0.00                              Lawler09  
  4042.584 106.00113     1.362    -5.671               3.464            AX21Q245
  4042.595 106.00112     1.151    -4.412               3.464            AX00R265
  4042.604 106.00113     1.285    -9.781               3.464            CX03Q145
  4042.605      22.0     2.173     -2.33                                        
  4042.622 607.01214     3.276    -0.795               7.724          1414Pb0115
  4042.630      23.0     1.892     -0.57                               LAWNOHFS 
  4042.633 607.01214     3.276    -3.234               7.724          1414Qc0115
  4042.645 607.01214     3.276    -0.760               7.724          1414Pa0125
  4042.693 106.00113     1.362    -4.054               3.464            AX21P245
  4042.710      62.1     0.040     -0.99                              Lawler06  
  4042.750      92.0     0.077      0.05                                        
  4042.752      64.1     1.446     -0.65                                        
  4042.756      26.0     3.281     -3.27                                        
  4042.801 106.00113     1.564    -4.875               3.464            AX54R145
  4042.859   23.0051     0.000    -7.206                                 KURHFS 
  4042.859   23.0051     0.000    -7.206                                 KURHFS 
  4042.859   23.0051     0.000    -7.507                                 KURHFS 
  4042.867      42.0     3.165     -0.48                                        
  4042.868   23.0051     0.000    -7.042                                 KURHFS 
  4042.868   23.0051     0.000    -7.068                                 KURHFS 
  4042.868   23.0051     0.000    -7.382                                 KURHFS 
  4042.880   23.0051     0.000    -6.785                                 KURHFS 
  4042.880   23.0051     0.000    -7.034                                 KURHFS 
  4042.880   23.0051     0.000    -7.632                                 KURHFS 
  4042.895   23.0051     0.000    -6.569                                 KURHFS 
  4042.895   23.0051     0.000    -7.195                                 KURHFS 
  4042.895   23.0051     0.000    -8.060                                 KURHFS 
  4042.900      62.1     0.104     -0.72                              Lawler06  
  4042.901      57.1     0.926      0.27                                        
  4042.929      24.0     3.011     -3.96                                        
  4042.929 106.00113     1.285    -6.227               3.464            CX03R135
  4042.956 106.00113     0.371    -4.110               3.464            BX11P045
  4042.972 106.00113     0.371    -1.932               3.464            BX11Q045
  4042.989 106.00113     1.285    -6.175               3.464            CX03R145
  4043.008      68.1     0.669     -0.87                                        
  4043.036      58.1     0.736     -0.34                                BIEMONT 
  4043.072      60.1     1.293     -0.28                                        
  4043.080 106.00112     1.694    -4.915               3.464            CX25R095
  4043.119      20.0     4.677     -4.09                                        
  4043.120 106.00112     1.694    -4.836               3.464            CX25R105
  4043.130      90.1     0.230     -2.21                                        
  4043.156      41.0     1.893     -0.24                                        
  4043.162      68.1     0.636     -2.83                              Lawler08  
  4043.191 106.00112     1.694    -8.084               3.464            CX25Q105
  4043.208      25.0     4.791     -2.97                                        
  4043.232 106.00112     1.650    -2.171               3.464            AX32Q255
  4043.251      26.0     3.265     -4.47                                        
  4043.258      42.0     3.390     -1.49                                        
  4043.267      22.1     5.212     -4.80                                        
  4043.282 106.00112     1.650    -4.684               3.464            AX32R245
  4043.312 106.00112     1.368    -3.869               3.464            AX21P255
  4043.319 106.00113     1.276    -4.560               3.464            AX54R035
  4043.322      20.0     5.045     -1.02                                        
  4043.332 106.00112     0.372    -2.021               3.464            BX11Q035
  4043.346 106.00112     1.650    -5.159               3.464            AX32P255
  4043.347 106.00112     0.372    -4.310               3.464            BX11R035
  4043.360   25.0055     3.133    -8.312                                 KURHFS 
  4043.360   25.0055     3.133    -8.342                                 KURHFS 
  4043.360   25.0055     3.133    -9.090                                 KURHFS 
  4043.364   25.0055     3.133    -8.057                                 KURHFS 
  4043.364   25.0055     3.133    -8.136                                 KURHFS 
  4043.364   25.0055     3.133    -9.011                                 KURHFS 
  4043.364 106.00112     1.368    -5.671               3.464            AX21Q245
  4043.370 106.00113     1.276    -4.547               3.464            AX54R035
  4043.371   25.0055     3.133    -7.835                                 KURHFS 
  4043.371   25.0055     3.133    -8.069                                 KURHFS 
  4043.371   25.0055     3.133    -9.136                                 KURHFS 
  4043.381   25.0055     3.133    -7.651                                 KURHFS 
  4043.381   25.0055     3.133    -8.095                                 KURHFS 
  4043.381   25.0055     3.133    -9.488                                 KURHFS 
  4043.393   25.0055     3.133    -7.493                                 KURHFS 
  4043.393   25.0055     3.133    -8.271                                 KURHFS 
  4043.395      90.0     0.615     -0.77                                        
  4043.397 106.00112     1.650    -2.261               3.464            AX32Q245
  4043.407   25.0055     3.133    -7.353                                 KURHFS 
  4043.445 106.00112     1.368    -4.054               3.464            AX21P245
  4043.474 607.01214     3.281    -0.760               7.724          1414Pb0125
  4043.475 607.01214     3.281    -3.270               7.724          1414Qc0125
  4043.482      24.0     4.609     -4.39                                        
  4043.494 607.01214     3.281    -0.727               7.724          1414Pa0135
  4043.528 106.00112     1.306    -4.731               3.464            AX54R055
  4043.538 106.00113     0.770    -7.638               3.464            AX10P205
  4043.548 106.00113     0.347    -4.778               3.464            BX11Q015
  4043.549 106.00113     0.347    -2.196               3.464            BX11P015
  4043.559 106.00112     0.774    -7.638               3.464            AX10P205
  4043.590      60.1     0.320     -0.71                              DenHarto03
  4043.593      24.0     3.011     -3.41                                        
  4043.599      40.0     0.519     -0.37                                        
  4043.608      26.0     4.291     -3.96                                        
  4043.657      24.0     3.085     -1.52                                        
  4043.669      25.0     4.317     -2.14                                        
  4043.670 106.00112     1.306    -4.713               3.464            AX54R055
  4043.684      24.0     4.452     -2.86                                        
  4043.686      26.0     2.482     -3.83                                        
  4043.706      64.0     0.920      0.43                                        
  4043.717 106.00113     1.145    -4.412               3.464            AX00R265
  4043.756      26.0     3.632     -2.26                                        
  4043.757      22.0     2.159     -1.06                                 LAWLER 
  4043.766      23.0     1.798     -4.01                                        
  4043.809 106.00112     0.373    -4.110               3.464            BX11P045
  4043.812   27.0059     3.772    -2.851                                 KURHFS 
  4043.812   27.0059     3.772    -2.851                                 KURHFS 
  4043.812   27.0059     3.772    -3.152                                 KURHFS 
  4043.823   27.0059     3.772    -2.687                                 KURHFS 
  4043.823   27.0059     3.772    -2.713                                 KURHFS 
  4043.823   27.0059     3.772    -3.027                                 KURHFS 
  4043.825 106.00112     0.373    -1.932               3.464            BX11Q045
  4043.839   27.0059     3.772    -2.430                                 KURHFS 
  4043.839   27.0059     3.772    -2.679                                 KURHFS 
  4043.839   27.0059     3.772    -3.277                                 KURHFS 
  4043.858   27.0059     3.772    -2.214                                 KURHFS 
  4043.858   27.0059     3.772    -2.840                                 KURHFS 
  4043.858   27.0059     3.772    -3.705                                 KURHFS 
  4043.882   25.0055     2.918    -8.045                                 KURHFS 
  4043.882   25.0055     2.918    -8.823                                 KURHFS 
  4043.885      26.0     2.725     -6.93                                        
  4043.885   25.0055     2.918    -8.308                                 KURHFS 
  4043.885   25.0055     2.918    -8.660                                 KURHFS 
  4043.885   25.0055     2.918    -8.823                                 KURHFS 
  4043.887   25.0055     2.918    -8.639                                 KURHFS 
  4043.887   25.0055     2.918    -8.655                                 KURHFS 
  4043.887   25.0055     2.918    -8.660                                 KURHFS 
  4043.888   25.0055     2.918    -8.655                                 KURHFS 
  4043.888   25.0055     2.918    -8.757                                 KURHFS 
  4043.888   25.0055     2.918    -9.086                                 KURHFS 
  4043.889   25.0055     2.918    -8.757                                 KURHFS 
  4043.889   25.0055     2.918    -9.019                                 KURHFS 
  4043.889   25.0055     2.918    -9.019                                 KURHFS 
  4043.889   25.0055     2.918    -9.785                                 KURHFS 
  4043.893      74.0     2.385     -0.66                                        
  4043.897      26.0     3.241     -0.83                              NIST/D+   
  4043.898 106.00113     1.104    -8.922               3.464            CX03R095
  4043.933      25.1     5.414     -3.94                                        
  4043.977      26.0     3.239     -1.12                                        
  4044.012      26.1     5.566     -2.41                                        
  4044.024      64.0     0.066     -1.67                                        
  4044.037   27.0059     3.620    -4.623                                 KURHFS 
  4044.037   27.0059     3.620    -5.322                                 KURHFS 
  4044.060      62.1     0.248     -1.49                              Lawler06  
  4044.083 106.00113     1.135    -3.481               3.464            AX43P095
  4044.090   27.0059     3.620    -4.915                                 KURHFS 
  4044.090   27.0059     3.620    -5.141                                 KURHFS 
  4044.090   27.0059     3.620    -5.322                                 KURHFS 
  4044.106 106.00113     1.135    -4.839               3.464            AX43Q095
  4044.108      41.0     1.629     -0.22                                        
  4044.134   27.0059     3.620    -5.110                                 KURHFS 
  4044.134   27.0059     3.620    -5.141                                 KURHFS 
  4044.134   27.0059     3.620    -5.321                                 KURHFS 
  4044.136      19.0     0.000     -1.94                              NIST      
  4044.146   23.0051     2.357    -4.930                                 KURHFS 
  4044.146   23.0051     2.357    -5.185                                 KURHFS 
  4044.151      24.0     3.085     -3.67                                        
  4044.151   23.0051     2.357    -4.731                                 KURHFS 
  4044.151   23.0051     2.357    -4.930                                 KURHFS 
  4044.151   23.0051     2.357    -6.838                                 KURHFS 
  4044.159   23.0051     2.357    -4.667                                 KURHFS 
  4044.159   23.0051     2.357    -4.731                                 KURHFS 
  4044.159   23.0051     2.357    -5.595                                 KURHFS 
  4044.169   23.0051     2.357    -4.667                                 KURHFS 
  4044.169   23.0051     2.357    -4.698                                 KURHFS 
  4044.169   23.0051     2.357    -4.878                                 KURHFS 
  4044.169   27.0059     3.620    -5.110                                 KURHFS 
  4044.169   27.0059     3.620    -5.174                                 KURHFS 
  4044.169   27.0059     3.620    -6.038                                 KURHFS 
  4044.182   23.0051     2.357    -4.472                                 KURHFS 
  4044.182   23.0051     2.357    -4.698                                 KURHFS 
  4044.182   23.0051     2.357    -4.879                                 KURHFS 
  4044.195   27.0059     3.620    -5.174                                 KURHFS 
  4044.195   27.0059     3.620    -5.373                                 KURHFS 
  4044.195   27.0059     3.620    -7.281                                 KURHFS 
  4044.197   23.0051     2.357    -4.180                                 KURHFS 
  4044.197   23.0051     2.357    -4.879                                 KURHFS 
  4044.199 106.00112     1.491    -4.913               3.464            AX54R125
  4044.213   27.0059     3.620    -5.373                                 KURHFS 
  4044.213   27.0059     3.620    -5.628                                 KURHFS 
  4044.242      26.0     4.140     -3.43                                        
  4044.279      74.0     3.250      0.54                                        
  4044.280 106.00113     1.135    -3.415               3.464            AX43P105
  4044.334 607.01214     3.287    -0.727               7.724          1414Pb0135
  4044.343 607.01214     3.287    -3.303               7.724          1414Qc0135
  4044.354      60.1     0.204     -1.36                                        
  4044.369 607.01214     3.287    -0.696               7.724          1414Pa0145
  4044.373      72.0     2.002     -0.44                                        
  4044.378 106.00112     0.348    -2.196               3.464            BX11P015
  4044.385 106.00112     0.348    -4.778               3.464            BX11Q015
  4044.412      92.1     0.652     -0.55                                        
  4044.473      69.0     1.087     -0.08                                        
  4044.483 106.00113     1.376    -4.521               3.464            AX43R155
  4044.487      22.0     1.732     -3.63                                        
  4044.492      26.0     4.100     -1.22                                        
  4044.513      23.0     1.802     -3.69                                        
  4044.520 106.00113     0.348    -2.179               3.464            BX11P025
  4044.522 106.00113     1.376    -2.435               3.464            AX43Q155
  4044.545      26.0     3.265     -1.89                                        
  4044.567      40.0     0.603     -0.57                                        
  4044.575 106.00113     1.376    -2.363               3.464            AX43Q165
  4044.602 106.00113     0.360    -4.256               3.464            BX00P135
  4044.609      26.0     2.832     -1.22                              NIST/B    
  4044.615 106.00113     1.376    -4.912               3.464            AX43P165
  4044.676 106.00113     1.641    -4.655               3.464            AX32R245
  4044.691 106.00113     0.948    -6.828               3.464            AX32P125
  4044.701 106.00113     1.136    -3.480               3.464            AX43P095
  4044.713      41.0     1.674     -0.30                                        
  4044.717 106.00113     1.641    -2.169               3.464            AX32Q255
  4044.720      26.0     3.684     -3.08                                        
  4044.724 106.00113     1.136    -4.857               3.464            AX43Q095
  4044.742   59.1141     0.000    -0.908                                 LI/LAW 
  4044.772      25.0     5.108     -2.10                                        
  4044.772   59.1141     0.000    -2.080                                 LI/LAW 
  4044.779      24.0     3.110     -4.07                                        
  4044.781   59.1141     0.000    -1.001                                 LI/LAW 
  4044.798   59.1141     0.000    -3.579                                 LI/LAW 
  4044.807   59.1141     0.000    -1.890                                 LI/LAW 
  4044.814   59.1141     0.000    -1.100                                 LI/LAW 
  4044.821 106.00112     0.952    -6.828               3.464            AX32P125
  4044.829   59.1141     0.000    -3.251                                 LI/LAW 
  4044.832      22.0     2.316     -3.40                                        
  4044.836   59.1141     0.000    -1.848                                 LI/LAW 
  4044.842   59.1141     0.000    -1.205                                 LI/LAW 
  4044.854   59.1141     0.000    -3.164                                 LI/LAW 
  4044.855 106.00113     1.136    -3.415               3.464            AX43P105
  4044.860   59.1141     0.000    -1.902                                 LI/LAW 
  4044.864   59.1141     0.000    -1.314                                 LI/LAW 
  4044.874   59.1141     0.000    -3.310                                 LI/LAW 
  4044.878   59.1141     0.000    -2.092                                 LI/LAW 
  4044.881   59.1141     0.000    -1.423                                 LI/LAW 
  4044.896 106.00113     1.641    -2.260               3.464            AX32Q245
  4044.920 106.00112     1.806    -8.365               3.464            CX14R185
  4044.937 106.00113     1.641    -5.185               3.464            AX32P255
  4044.949      25.0     4.682     -3.08                                        
  4044.959 106.00112     1.491    -4.876               3.464            AX54R125
  4044.976      26.0     4.206     -2.58                                        
  4044.994 106.00112     1.806    -4.415               3.464            CX14Q195
  4045.009      64.0     0.000     -0.11                                        
  4045.026 106.00112     1.806    -4.495               3.464            CX14Q185
  4045.050      62.1     0.104     -1.38                              Lawler06  
  4045.061 106.00113     1.053    -5.849               3.464            AX43P065
  4045.064      20.0     3.907     -4.13                                        
  4045.065 106.00112     1.456    -5.573               3.464            CX14R105
  4045.084      24.0     2.913     -2.37                                        
  4045.085      24.0     2.870     -5.59                                        
  4045.096 106.00112     1.456    -5.482               3.464            CX14R115
  4045.100 106.00112     1.806    -8.109               3.464            CX14P195
  4045.113      26.0     4.257     -0.57                                        
  4045.114      25.0     4.329      0.25                                        
  4045.132 106.00113     1.659    -5.898               3.464            AX10Q315
  4045.140      64.1     0.556     -1.10                              DenHarto06
  4045.158 106.00113     1.659    -4.031               3.464            AX10P325
  4045.164 106.00112     1.456    -8.859               3.464            CX14Q115
  4045.193      25.0     4.229      0.04                                        
  4045.203      24.0     4.407     -2.37                                        
  4045.221      58.1     0.808     -0.56                                BIEMONT 
  4045.223      22.0     2.504     -3.82                                        
  4045.236 607.01214     3.293    -0.696               7.724          1414Pb0145
  4045.239 607.01214     3.293    -3.333               7.724          1414Qc0145
  4045.261 106.00113     1.659    -4.313               3.464            AX10P315
  4045.269 607.01214     3.293    -0.668               7.724          1414Pa0155
  4045.297   67.1165     0.000    -3.681                              Lawle04HFS
  4045.301   67.1165     0.000    -3.423                              Lawle04HFS
  4045.307   67.1165     0.000    -3.360                              Lawle04HFS
  4045.314   67.1165     0.000    -3.414                              Lawle04HFS
  4045.318      58.1     0.734     -0.95                              Lawler09  
  4045.322   67.1165     0.000    -3.588                              Lawle04HFS
  4045.331   67.1165     0.000    -3.960                              Lawle04HFS
  4045.335   67.1165     0.000    -2.229                              Lawle04HFS
  4045.343      22.0     0.825     -3.73                                        
  4045.346      58.1     1.278     -0.33                                        
  4045.346   27.0059     1.048    -3.096                                 KURHFS 
  4045.346   67.1165     0.000    -2.004                              Lawle04HFS
  4045.351   27.0059     1.048    -2.708                                 KURHFS 
  4045.351   27.0059     1.048    -2.841                                 KURHFS 
  4045.353   27.0059     1.048    -3.126                                 KURHFS 
  4045.356   23.0051     1.217    -3.506                                 KURHFS 
  4045.357   23.0051     1.217    -3.506                                 KURHFS 
  4045.357   23.0051     1.217    -3.682                                 KURHFS 
  4045.358   27.0059     1.048    -2.653                                 KURHFS 
  4045.358   67.1165     0.000    -1.910                              Lawle04HFS
  4045.359   23.0051     1.217    -3.342                                 KURHFS 
  4045.359   23.0051     1.217    -3.807                                 KURHFS 
  4045.359   23.0051     1.217    -3.932                                 KURHFS 
  4045.360   27.0059     1.048    -2.453                                 KURHFS 
  4045.361   23.0051     1.217    -3.334                                 KURHFS 
  4045.361   23.0051     1.217    -3.368                                 KURHFS 
  4045.361   23.0051     1.217    -4.360                                 KURHFS 
  4045.363   27.0059     1.048    -3.096                                 KURHFS 
  4045.363 106.00112     0.349    -2.179               3.464            BX11P025
  4045.365   23.0051     1.217    -3.085                                 KURHFS 
  4045.365   23.0051     1.217    -3.495                                 KURHFS 
  4045.366   67.1165     0.000    -1.226                              Lawle04HFS
  4045.367      26.0     3.600     -4.61                                        
  4045.368   23.0051     1.217    -2.869                                 KURHFS 
  4045.370   27.0059     1.048    -2.562                                 KURHFS 
  4045.372   27.0059     1.048    -2.255                                 KURHFS 
  4045.373   67.1165     0.000    -1.881                              Lawle04HFS
  4045.377      28.0     3.191     -2.08                                        
  4045.377   27.0059     1.048    -3.147                                 KURHFS 
  4045.377 106.00113     1.053    -5.870               3.464            AX43P065
  4045.384   27.0059     1.048    -2.540                                 KURHFS 
  4045.384   67.1165     0.000    -1.165                              Lawle04HFS
  4045.388   27.0059     1.048    -2.091                                 KURHFS 
  4045.388   67.1165     0.000    -1.904                              Lawle04HFS
  4045.394   27.0059     1.048    -3.272                                 KURHFS 
  4045.403   27.0059     1.048    -2.594                                 KURHFS 
  4045.403   67.1165     0.000    -1.102                              Lawle04HFS
  4045.404   67.1165     0.000    -1.995                              Lawle04HFS
  4045.408      58.1     0.587     -1.77                              Lawler09  
  4045.408   27.0059     1.048    -1.950                                 KURHFS 
  4045.410      60.1     0.182     -2.25                              DenHarto03
  4045.414      26.0     4.317     -2.35                                        
  4045.415   27.0059     1.048    -3.494                                 KURHFS 
  4045.420   67.1165     0.000    -2.221                              Lawle04HFS
  4045.424   27.0059     1.048    -2.790                                 KURHFS 
  4045.424   67.1165     0.000    -1.039                              Lawle04HFS
  4045.435      24.0     3.665     -2.74                                        
  4045.439   27.0059     1.048    -3.904                                 KURHFS 
  4045.447   67.1165     0.000    -0.978                              Lawle04HFS
  4045.453      24.0     3.090     -2.66                                        
  4045.470   67.1165     0.000    -0.918                              Lawle04HFS
  4045.493   67.1165     0.000    -0.860                              Lawle04HFS
  4045.517   67.1165     0.000    -0.803                              Lawle04HFS
  4045.535      42.0     2.834     -1.97                                        
  4045.594      26.0     3.211     -0.90                              NIST/C    
  4045.600      74.0     0.366     -1.34                                        
  4045.608 106.00113     1.660    -8.082               3.464            CX25Q095
  4045.613      40.1     0.710     -0.86                                Ljung06 
  4045.614      26.0     3.940     -2.67                                        
  4045.620      23.0     2.606     -5.61                                        
  4045.628      90.1     0.764     -1.83                                        
  4045.669      26.0     4.188     -2.13                                        
  4045.679 106.00113     1.660    -4.997               3.464            CX25R085
  4045.697      24.0     4.436     -3.04                                        
  4045.709 106.00113     0.949    -6.866               3.464            AX32P125
  4045.709 106.00113     1.647    -8.871               3.464            CX03P215
  4045.749 106.00112     0.362    -4.256               3.464            BX00P135
  4045.772      44.0     2.112     -0.28                                        
  4045.781      22.0     2.101     -5.95                                        
  4045.796 106.00113     1.660    -4.915               3.464            CX25R095
  4045.812      26.0     1.485      0.28                              NIST/A    
  4045.843 106.00112     0.952    -6.866               3.464            AX32P125
  4045.878      24.0     3.090     -2.49                                        
  4045.886      28.0     4.263     -3.05                                        
  4045.895 106.00112     1.139    -3.480               3.464            AX43P095
  4045.912 106.00112     1.139    -4.838               3.464            AX43Q095
  4045.928 106.00112     1.581    -7.240               3.464            CX25R055
  4045.972      66.0     0.000      0.79                                        
  4045.988 106.00113     1.377    -4.540               3.464            AX43R155
  4045.998 106.00113     0.772    -7.699               3.464            AX10P205
  4046.014 106.00113     1.377    -2.363               3.464            AX43Q165
  4046.031 106.00113     1.377    -2.435               3.464            AX43Q155
  4046.032 106.00112     1.290    -6.174               3.464            CX03R145
  4046.053 106.00112     0.776    -7.698               3.464            AX10P205
  4046.056 106.00113     1.377    -4.894               3.464            AX43P165
  4046.062      26.0     3.266     -1.30                              NIST/C+   
  4046.074 106.00112     1.290    -6.226               3.464            CX03R135
  4046.090 106.00112     1.139    -3.414               3.464            AX43P105
  4046.097 106.00113     0.520    -2.155               3.464            BX11R095
  4046.126 106.00112     1.290    -9.781               3.464            CX03Q145
  4046.150      23.1     3.796     -1.55                                        
  4046.160      62.1     0.104     -1.27                              Lawler06  
  4046.161 607.01214     3.299    -0.668               7.724          1414Pb0155
  4046.162 607.01214     3.299    -3.362               7.724          1414Qc0155
  4046.187      24.0     2.542     -2.23                                        
  4046.200 607.01214     3.299    -0.642               7.724          1414Pa0165
  4046.231       6.0     7.940     -4.07                                        
  4046.265 106.00113     1.647    -5.336               3.464            CX03Q205
  4046.268      23.1     3.121     -2.41                                        
  4046.291      26.0     4.291     -3.78                                        
  4046.291 106.00113     0.520    -6.528               3.464            BX11Q105
  4046.292      26.0     4.253     -3.57                                        
  4046.320 106.00113     1.647    -5.271               3.464            CX03Q215
  4046.333 106.00113     0.520    -2.152               3.464            BX11R105
  4046.338      58.1     0.553     -0.16                              Lawler09  
  4046.339      24.1     4.924     -4.81                                        
  4046.435      24.0     3.110     -5.61                                        
  4046.457      26.0     4.151     -2.25                                        
  4046.476 106.00112     1.069    -4.471               3.464            AX00R255
  4046.479      24.0     2.913     -3.82                                        
  4046.509 106.00112     1.139    -3.480               3.464            AX43P095
  4046.526 106.00112     1.139    -4.856               3.464            AX43Q095
  4046.559      80.0     4.664     -0.86                                        
  4046.632      25.0     4.791     -3.35                                        
  4046.654 106.00112     1.139    -3.415               3.464            AX43P105
  4046.665 106.00112     1.056    -5.849               3.464            AX43P065
  4046.695      24.0     4.437     -4.31                                        
  4046.701      25.0     4.229     -1.93                                        
  4046.704      25.0     4.255     -2.69                                        
  4046.704      74.0     1.654     -1.08                                        
  4046.711       6.0     7.940     -3.86                                        
  4046.743      23.0     3.242     -4.22                                        
  4046.746      28.0     4.085     -1.28                                        
  4046.755      26.0     4.280     -3.42                                        
  4046.757      24.0     2.542     -1.52                                        
  4046.777 106.00113     0.388    -1.933               3.464            BX11Q045
  4046.791 106.00113     1.319    -8.082               3.464            CX14R065
  4046.797 106.00113     0.388    -4.398               3.464            BX11R045
  4046.807      26.1     4.491     -4.10                                        
  4046.839      64.1     1.446     -0.03                                        
  4046.851      27.1     5.118     -5.69                                        
  4046.851      58.1     0.445     -1.88                              Lawler09  
  4046.853 106.00112     1.668    -5.898               3.464            AX10Q315
  4046.877      23.0     2.113     -1.00                               LAWNOHFS 
  4046.877 106.00113     1.647    -9.355               3.464            CX03R205
  4046.891       6.0     7.940     -3.09                                        
  4046.907 106.00112     1.668    -4.031               3.464            AX10P325
  4046.954      68.0     1.332      1.28                                        
  4046.987 106.00112     1.056    -5.870               3.464            AX43P065
  4046.988 106.00112     1.668    -4.312               3.464            AX10P315
  4046.994      25.0     4.350     -2.55                                        
  4047.000      60.1     0.380     -1.68                              DenHarto03
  4047.011      42.0     2.068     -2.76                                        
  4047.026 106.00112     1.291    -4.657               3.464            AX54R045
  4047.081      24.0     2.965     -6.69                                        
  4047.081      59.1     0.977      0.10                                        
  4047.086      64.0     0.948      0.28                                        
  4047.087 106.00112     0.522    -2.155               3.464            BX11R095
  4047.112 607.01214     3.306    -3.389               7.724          1414Qc0165
  4047.114 607.01214     3.306    -0.642               7.724          1414Pb0165
  4047.115      25.0     4.791     -0.94                                        
  4047.117 106.00112     1.291    -4.642               3.464            AX54R045
  4047.144      22.0     2.133     -2.58                                        
  4047.149 106.00113     0.388    -4.229               3.464            BX11P055
  4047.150      62.1     0.184     -0.92                              Lawler06  
  4047.162 607.01214     3.306    -0.617               7.724          1414Pa0175
  4047.170 106.00113     0.388    -1.865               3.464            BX11Q055
  4047.202      42.0     3.387     -1.44                                        
  4047.208      19.0     0.000     -2.28                              NIST      
  4047.215 106.00113     0.347    -3.313               3.464            BX11P015
  4047.228   23.0051     0.017    -7.597                                 KURHFS 
  4047.228   23.0051     0.017    -7.852                                 KURHFS 
  4047.228   23.0051     0.017    -7.882                                 KURHFS 
  4047.232   23.0051     0.017    -7.409                                 KURHFS 
  4047.232   23.0051     0.017    -7.464                                 KURHFS 
  4047.232   23.0051     0.017    -7.852                                 KURHFS 
  4047.237   23.0051     0.017    -7.209                                 KURHFS 
  4047.237   23.0051     0.017    -7.318                                 KURHFS 
  4047.237   23.0051     0.017    -7.903                                 KURHFS 
  4047.244   23.0051     0.017    -7.011                                 KURHFS 
  4047.244   23.0051     0.017    -7.296                                 KURHFS 
  4047.244   23.0051     0.017    -8.028                                 KURHFS 
  4047.253   23.0051     0.017    -6.847                                 KURHFS 
  4047.253   23.0051     0.017    -7.350                                 KURHFS 
  4047.253   23.0051     0.017    -8.250                                 KURHFS 
  4047.263   23.0051     0.017    -6.706                                 KURHFS 
  4047.263   23.0051     0.017    -7.546                                 KURHFS 
  4047.263   23.0051     0.017    -8.660                                 KURHFS 
  4047.272      58.1     0.655     -0.72                                BIEMONT 
  4047.276       6.0     7.940     -3.32                                        
  4047.282 106.00112     0.522    -6.528               3.464            BX11Q105
  4047.298      22.0     1.442     -3.89                                        
  4047.304      26.0     2.279     -2.80                              NIST/C    
  4047.318      26.0     3.632     -3.62                                        
  4047.323 106.00112     0.522    -2.151               3.464            BX11R105
  4047.339   23.0051     0.069    -4.565                                 KURHFS 
  4047.341   23.0051     0.069    -4.447                                 KURHFS 
  4047.341   23.0051     0.069    -5.017                                 KURHFS 
  4047.345   23.0051     0.069    -4.329                                 KURHFS 
  4047.345   23.0051     0.069    -4.806                                 KURHFS 
  4047.345   23.0051     0.069    -6.017                                 KURHFS 
  4047.350   23.0051     0.069    -4.217                                 KURHFS 
  4047.350   23.0051     0.069    -4.710                                 KURHFS 
  4047.350   23.0051     0.069    -5.810                                 KURHFS 
  4047.356   23.0051     0.069    -4.113                                 KURHFS 
  4047.356   23.0051     0.069    -4.674                                 KURHFS 
  4047.356   23.0051     0.069    -5.782                                 KURHFS 
  4047.364   23.0051     0.069    -4.017                                 KURHFS 
  4047.364   23.0051     0.069    -4.690                                 KURHFS 
  4047.364   23.0051     0.069    -5.862                                 KURHFS 
  4047.370      62.1     0.277     -1.50                              Lawler06  
  4047.372   23.0051     0.069    -3.927                                 KURHFS 
  4047.372   23.0051     0.069    -4.772                                 KURHFS 
  4047.372   23.0051     0.069    -6.054                                 KURHFS 
  4047.382   23.0051     0.069    -3.843                                 KURHFS 
  4047.382   23.0051     0.069    -4.990                                 KURHFS 
  4047.382   23.0051     0.069    -6.443                                 KURHFS 
  4047.395 106.00112     1.108    -8.921               3.464            CX03R095
  4047.421      23.0     1.802     -1.67                               LAWNOHFS 
  4047.456       6.0     7.940     -3.93                                        
  4047.515      25.0     5.334     -1.89                                        
  4047.548 106.00113     1.643    -2.170               3.464            AX32Q255
  4047.555      42.0     3.441     -1.12                                        
  4047.569 106.00113     1.643    -5.158               3.464            AX32P255
  4047.572      23.0     2.330     -5.28                                        
  4047.599      20.0     5.736     -4.84                                        
  4047.612      92.0     0.077     -0.34                                        
  4047.613      23.1     5.463     -3.70                                        
  4047.628      39.0     0.000     -0.43                                        
  4047.633 106.00113     1.643    -4.683               3.464            AX32R245
  4047.638 106.00113     1.063    -4.471               3.464            AX00R255
  4047.654 106.00113     1.643    -2.260               3.464            AX32Q245
  4047.667 106.00112     0.389    -1.932               3.464            BX11Q045
  4047.687 106.00112     0.389    -4.398               3.464            BX11R045
  4047.728      66.0     1.238     -0.02                                        
  4047.747      28.0     4.102     -1.58                                        
  4047.759      24.0     2.913     -4.03                                        
  4047.765 106.00112     1.381    -4.520               3.464            AX43R155
  4047.788   21.0045     0.021    -2.147                                 KURHFS 
  4047.790   21.0045     0.021    -2.147                                 KURHFS 
  4047.790   21.0045     0.021    -2.323                                 KURHFS 
  4047.792   21.0045     0.021    -1.983                                 KURHFS 
  4047.792   21.0045     0.021    -2.448                                 KURHFS 
  4047.792   21.0045     0.021    -2.573                                 KURHFS 
  4047.794   21.0045     0.021    -1.975                                 KURHFS 
  4047.794   21.0045     0.021    -2.009                                 KURHFS 
  4047.794   21.0045     0.021    -3.001                                 KURHFS 
  4047.797   21.0045     0.021    -1.726                                 KURHFS 
  4047.797   21.0045     0.021    -2.136                                 KURHFS 
  4047.800   21.0045     0.021    -1.510                                 KURHFS 
  4047.813      64.1     1.525     -0.18                                        
  4047.813 106.00112     1.381    -2.435               3.464            AX43Q155
  4047.866 106.00112     1.381    -2.362               3.464            AX43Q165
  4047.874      20.0     5.737     -3.43                                        
  4047.888   23.0051     2.377    -5.391                                 KURHFS 
  4047.888   23.0051     2.377    -6.017                                 KURHFS 
  4047.888   23.0051     2.377    -6.882                                 KURHFS 
  4047.894   23.0051     2.377    -5.607                                 KURHFS 
  4047.894   23.0051     2.377    -5.856                                 KURHFS 
  4047.894   23.0051     2.377    -6.454                                 KURHFS 
  4047.899   23.0051     2.377    -5.864                                 KURHFS 
  4047.899   23.0051     2.377    -5.890                                 KURHFS 
  4047.899   23.0051     2.377    -6.204                                 KURHFS 
  4047.902   23.0051     2.377    -6.028                                 KURHFS 
  4047.902   23.0051     2.377    -6.028                                 KURHFS 
  4047.902   23.0051     2.377    -6.329                                 KURHFS 
  4047.904      26.0     4.317     -3.77                                        
  4047.914 106.00112     1.381    -4.911               3.464            AX43P165
  4047.921      25.0     4.682     -2.32                                        
  4047.933      74.0     0.207     -2.81                                        
  4047.959      72.1     3.833      0.79                                        
  4048.018      24.1     5.666     -3.37                                        
  4048.043      27.1     2.679     -5.06                                        
  4048.043 106.00112     0.389    -4.229               3.464            BX11P055
  4048.054      76.0     1.907     -1.00                                        
  4048.062 106.00112     0.389    -1.865               3.464            BX11Q055
  4048.074 106.00112     0.348    -3.312               3.464            BX11P015
  4048.090 607.01214     3.314    -3.415               7.724          1414Qc0175
  4048.094 607.01214     3.314    -0.617               7.724          1414Pb0175
  4048.118 106.00113     0.684    -5.162               3.464            BX11R145
  4048.128      24.0     4.398     -2.73                                        
  4048.148 607.01214     3.314    -0.594               7.724          1414Pa0185
  4048.187      20.0     4.677     -4.80                                        
  4048.239 106.00113     1.606    -4.916               3.464            AX54R155
  4048.248 106.00113     0.577    -1.338               3.464            BX00P175
  4048.278 106.00113     1.746    -8.125               3.464            CX14P185
  4048.287      90.0     0.929     -0.76                                        
  4048.312 106.00113     0.577    -6.568               3.464            BX00Q175
  4048.342      68.1     0.886     -0.86                              Lawler08  
  4048.364      58.1     0.736     -1.35                              Lawler09  
  4048.404 106.00113     0.577    -1.342               3.464            BX00P185
  4048.407      45.0     1.731     -0.90                                        
  4048.410 106.00113     1.267    -4.422               3.464            AX54R025
  4048.432      90.0     1.501     -0.20                                        
  4048.432 106.00113     1.267    -4.412               3.464            AX54R025
  4048.526      25.0     4.265     -2.99                                        
  4048.552      26.0     4.309     -2.31                                        
  4048.569      22.1     5.028     -2.27                                        
  4048.574      24.0     3.847     -1.59                                        
  4048.584      64.1     1.126     -0.74                                        
  4048.613      62.1     0.434     -1.31                                        
  4048.614      23.0     0.017     -2.54                               LAWNOHFS 
  4048.666      40.1     0.802     -0.53                                Ljung06 
  4048.680 106.00113     1.747    -4.577               3.464            CX14Q175
  4048.718   25.0055     2.162    -1.803                                 LAWHFS 
  4048.720   25.0055     2.162    -1.481                                 LAWHFS 
  4048.722   25.0055     2.162    -1.849                                 LAWHFS 
  4048.725   25.0055     2.162    -1.657                                 LAWHFS 
  4048.727   25.0055     2.162    -1.326                                 LAWHFS 
  4048.729   25.0055     2.162    -2.025                                 LAWHFS 
  4048.732      26.0     3.651     -3.85                                        
  4048.734   25.0055     2.162    -1.247                                 LAWHFS 
  4048.736   25.0055     2.162    -1.305                                 LAWHFS 
  4048.740   25.0055     2.162    -2.406                                 LAWHFS 
  4048.742 106.00113     1.746    -4.497               3.464            CX14Q185
  4048.746   25.0055     2.162    -0.974                                 LAWHFS 
  4048.749   25.0055     2.162    -1.451                                 LAWHFS 
  4048.761   25.0055     2.162    -0.762                                 LAWHFS 
  4048.780      24.0     3.847      0.31                                        
  4048.787   23.0051     1.892    -3.924                                 KURHFS 
  4048.787   23.0051     1.892    -3.924                                 KURHFS 
  4048.787   23.0051     1.892    -4.225                                 KURHFS 
  4048.788      20.0     4.677     -3.91                                        
  4048.800   23.0051     1.892    -3.760                                 KURHFS 
  4048.800   23.0051     1.892    -3.786                                 KURHFS 
  4048.800   23.0051     1.892    -4.100                                 KURHFS 
  4048.810      60.1     1.337      0.44                                        
  4048.818   23.0051     1.892    -3.503                                 KURHFS 
  4048.818   23.0051     1.892    -3.752                                 KURHFS 
  4048.818   23.0051     1.892    -4.350                                 KURHFS 
  4048.832      26.1     5.565     -2.15                                        
  4048.840   23.0051     1.892    -3.287                                 KURHFS 
  4048.840   23.0051     1.892    -3.913                                 KURHFS 
  4048.840   23.0051     1.892    -4.778                                 KURHFS 
  4048.886      26.0     3.600     -4.68                                        
  4048.893 106.00112     1.528    -4.915               3.464            AX54R135
  4048.926      66.0     1.055      0.26                                        
  4048.935   25.0055     3.841    -4.626                                 KURHFS 
  4048.935 106.00113     1.770    -1.996               3.464            AX43R235
  4048.950      26.0     4.151     -2.87                                        
  4048.952   25.0055     3.841    -4.838                                 KURHFS 
  4048.952   25.0055     3.841    -5.315                                 KURHFS 
  4048.965   25.0055     3.841    -5.111                                 KURHFS 
  4048.965   25.0055     3.841    -5.169                                 KURHFS 
  4048.965   25.0055     3.841    -6.269                                 KURHFS 
  4048.969      28.0     3.594     -4.87                                        
  4048.975   25.0055     3.841    -5.190                                 KURHFS 
  4048.975   25.0055     3.841    -5.521                                 KURHFS 
  4048.975   25.0055     3.841    -5.889                                 KURHFS 
  4048.982   25.0055     3.841    -5.345                                 KURHFS 
  4048.982   25.0055     3.841    -5.713                                 KURHFS 
  4048.985      25.0     4.341      0.14                                        
  4048.985   25.0055     3.841    -5.667                                 KURHFS 
  4048.991 106.00113     1.770    -2.053               3.464            AX43R225
  4049.014      42.0     3.209     -2.04                                        
  4049.017      23.1     3.793     -1.48                                        
  4049.032   27.0059     1.048    -5.258                                 KURHFS 
  4049.033 106.00113     1.770    -4.466               3.464            AX43Q235
  4049.035      45.0     1.675     -1.35                                        
  4049.037      24.0     4.437     -2.50                                        
  4049.044   27.0059     1.048    -5.258                                 KURHFS 
  4049.044   27.0059     1.048    -5.434                                 KURHFS 
  4049.062   27.0059     1.048    -5.094                                 KURHFS 
  4049.062   27.0059     1.048    -5.559                                 KURHFS 
  4049.062   27.0059     1.048    -5.684                                 KURHFS 
  4049.087   27.0059     1.048    -5.086                                 KURHFS 
  4049.087   27.0059     1.048    -5.120                                 KURHFS 
  4049.087   27.0059     1.048    -6.112                                 KURHFS 
  4049.096 607.01214     3.321    -3.440               7.724          1414Qc0185
  4049.097      24.1     6.479     -0.86                                        
  4049.104 607.01214     3.321    -0.594               7.724          1414Pb0185
  4049.116   25.0055     3.841    -4.004                                 KURHFS 
  4049.116   25.0055     3.841    -4.782                                 KURHFS 
  4049.117   27.0059     1.048    -4.837                                 KURHFS 
  4049.117   27.0059     1.048    -5.247                                 KURHFS 
  4049.132   25.0055     3.841    -4.267                                 KURHFS 
  4049.132   25.0055     3.841    -4.619                                 KURHFS 
  4049.132   25.0055     3.841    -4.782                                 KURHFS 
  4049.144 106.00113     1.747    -8.394               3.464            CX14R175
  4049.145   25.0055     3.841    -4.598                                 KURHFS 
  4049.145   25.0055     3.841    -4.614                                 KURHFS 
  4049.145   25.0055     3.841    -4.619                                 KURHFS 
  4049.145 106.00113     1.770    -7.253               3.464            AX53P225
  4049.153   27.0059     1.048    -4.621                                 KURHFS 
  4049.156   25.0055     3.841    -4.614                                 KURHFS 
  4049.156   25.0055     3.841    -4.716                                 KURHFS 
  4049.156   25.0055     3.841    -5.045                                 KURHFS 
  4049.162   25.0055     3.841    -4.716                                 KURHFS 
  4049.162   25.0055     3.841    -4.978                                 KURHFS 
  4049.162   25.0055     3.841    -5.744                                 KURHFS 
  4049.165 607.01214     3.321    -0.572               7.724          1414Pa0195
  4049.166   25.0055     3.841    -4.978                                 KURHFS 
  4049.166 106.00112     1.654    -9.355               3.464            CX03R205
  4049.176 106.00112     1.382    -4.540               3.464            AX43R155
  4049.194      64.0     0.937      0.27                                        
  4049.201 106.00112     1.382    -2.362               3.464            AX43Q165
  4049.202 106.00113     0.892    -9.315               3.464            AX21P175
  4049.224 106.00112     1.382    -2.435               3.464            AX43Q155
  4049.234 106.00112     1.654    -5.270               3.464            CX03Q215
  4049.249 106.00112     1.382    -4.893               3.464            AX43P165
  4049.284 106.00112     1.654    -5.335               3.464            CX03Q205
  4049.327      26.0     2.588     -2.44                              NIST/B    
  4049.328 106.00112     0.896    -9.315               3.464            AX21P175
  4049.334      20.0     2.930     -2.08                                        
  4049.352 106.00112     1.654    -8.870               3.464            CX03P215
  4049.361 106.00113     1.607    -4.871               3.464            AX54R155
  4049.362      58.1     0.634     -1.31                              Lawler09  
  4049.363      66.0     0.512     -0.53                                        
  4049.393      22.0     2.133     -1.11                                        
  4049.414      44.0     1.865     -0.95                                        
  4049.417 106.00113     1.435    -5.549               3.464            AX21Q255
  4049.420      64.1     0.662     -0.08                              DenHarto06
  4049.422      25.0     3.769     -1.45                                        
  4049.424 106.00112     1.255    -5.251               3.464            AX32Q185
  4049.446      72.1     2.209     -0.54                                        
  4049.455 106.00113     1.435    -3.694               3.464            AX21P265
  4049.485      68.1     0.000     -1.59                                        
  4049.490 106.00112     1.255    -3.575               3.464            AX32P185
  4049.509 106.00112     1.255    -3.475               3.464            AX32P195
  4049.544 106.00113     1.662    -4.032               3.464            AX10P325
  4049.555 106.00112     0.580    -1.338               3.464            BX00P175
  4049.559   25.0055     3.841    -3.535                                 KURHFS 
  4049.559   25.0055     3.841    -4.453                                 KURHFS 
  4049.559   25.0055     3.841    -5.670                                 KURHFS 
  4049.560      62.1     0.248     -1.76                              Lawler06  
  4049.561 106.00113     1.435    -3.869               3.464            AX21P255
  4049.575   25.0055     3.841    -3.675                                 KURHFS 
  4049.575   25.0055     3.841    -4.277                                 KURHFS 
  4049.575   25.0055     3.841    -5.318                                 KURHFS 
  4049.588   25.0055     3.841    -3.833                                 KURHFS 
  4049.588   25.0055     3.841    -4.251                                 KURHFS 
  4049.588   25.0055     3.841    -5.193                                 KURHFS 
  4049.598   25.0055     3.841    -4.017                                 KURHFS 
  4049.598   25.0055     3.841    -4.318                                 KURHFS 
  4049.598   25.0055     3.841    -5.272                                 KURHFS 
  4049.605   25.0055     3.841    -4.239                                 KURHFS 
  4049.605   25.0055     3.841    -4.494                                 KURHFS 
  4049.609   25.0055     3.841    -4.524                                 KURHFS 
  4049.612      42.0     2.595     -1.76                                        
  4049.618 106.00112     1.071    -4.400               3.464            AX00R255
  4049.622 106.00112     1.666    -4.996               3.464            CX25R085
  4049.624 106.00112     0.580    -6.568               3.464            BX00Q175
  4049.646 106.00113     1.662    -5.946               3.464            AX10Q315
  4049.666      23.1     6.037     -4.58                                        
  4049.692 106.00112     1.666    -4.914               3.464            CX25R095
  4049.713      28.0     3.703     -2.65                                        
  4049.715 106.00112     0.580    -1.341               3.464            BX00P185
  4049.727   23.0051     2.377    -3.946                                 KURHFS 
  4049.727   23.0051     2.377    -4.572                                 KURHFS 
  4049.727   23.0051     2.377    -5.437                                 KURHFS 
  4049.733   23.0051     2.377    -4.162                                 KURHFS 
  4049.733   23.0051     2.377    -4.411                                 KURHFS 
  4049.733   23.0051     2.377    -5.009                                 KURHFS 
  4049.738   23.0051     2.377    -4.419                                 KURHFS 
  4049.738   23.0051     2.377    -4.445                                 KURHFS 
  4049.738   23.0051     2.377    -4.759                                 KURHFS 
  4049.742   23.0051     2.377    -4.583                                 KURHFS 
  4049.742   23.0051     2.377    -4.583                                 KURHFS 
  4049.742   23.0051     2.377    -4.884                                 KURHFS 
  4049.748      24.0     3.077     -4.26                                        
  4049.748      24.0     4.614     -2.00                                        
  4049.756      41.0     1.629     -0.20                                        
  4049.758 106.00112     1.666    -8.081               3.464            CX25Q095
  4049.771      26.0     3.637     -3.29                                        
  4049.774      24.0     3.847     -0.75                                        
  4049.775 106.00112     1.529    -4.875               3.464            AX54R135
  4049.776 106.00113     1.662    -4.313               3.464            AX10P315
  4049.788      25.1     4.932     -3.90                                        
  4049.803 106.00113     0.357    -2.178               3.464            BX11P025
  4049.812      62.1     0.000     -1.29                                        
  4049.816 106.00113     0.357    -5.476               3.464            BX11Q025
  4049.850      64.1     0.990      0.48                              DenHarto06
  4049.871   27.0059     2.135    -6.066                                 KURHFS 
  4049.875   27.0059     2.135    -5.786                                 KURHFS 
  4049.875   27.0059     2.135    -6.066                                 KURHFS 
  4049.875   27.0059     2.135    -7.087                                 KURHFS 
  4049.885   27.0059     2.135    -5.648                                 KURHFS 
  4049.885   27.0059     2.135    -5.786                                 KURHFS 
  4049.885   27.0059     2.135    -6.388                                 KURHFS 
  4049.899   27.0059     2.135    -5.582                                 KURHFS 
  4049.899   27.0059     2.135    -5.648                                 KURHFS 
  4049.899   27.0059     2.135    -5.941                                 KURHFS 
  4049.912 106.00112     0.776    -5.058               3.464            BX10P205
  4049.917   27.0059     2.135    -5.575                                 KURHFS 
  4049.917   27.0059     2.135    -5.582                                 KURHFS 
  4049.917   27.0059     2.135    -5.610                                 KURHFS 
  4049.940   27.0059     2.135    -5.347                                 KURHFS 
  4049.940   27.0059     2.135    -5.575                                 KURHFS 
  4049.940   27.0059     2.135    -5.640                                 KURHFS 
  4049.945      90.0     0.457     -1.04                                        
  4049.968   27.0059     2.135    -5.128                                 KURHFS 
  4049.968   27.0059     2.135    -5.640                                 KURHFS 
  4049.968   27.0059     2.135    -5.844                                 KURHFS 
  4049.990 106.00113     1.250    -5.251               3.464            AX32Q185
  4050.000   27.0059     2.135    -4.941                                 KURHFS 
  4050.000   27.0059     2.135    -5.844                                 KURHFS 
  4050.021 106.00113     1.419    -8.881               3.464            CX14Q105
  4050.022      24.0     2.542     -2.06                                        
  4050.023 106.00113     1.250    -3.575               3.464            AX32P185
  4050.041      92.1     0.000     -0.71                              Nils02/7% 
  4050.059 106.00112     1.716    -7.713               3.464            AX53P215
  4050.067 106.00113     1.250    -3.474               3.464            AX32P195
  4050.073      57.1     1.954      0.11                                        
  4050.090      42.0     2.596     -1.55                                        
  4050.130 607.01214     3.329    -3.463               7.724          1414Qc0195
  4050.138      24.0     4.436     -2.31                                        
  4050.141 607.01214     3.329    -0.572               7.724          1414Pb0195
  4050.147 106.00113     1.419    -5.665               3.464            CX14R095
  4050.170 607.01214     3.329    -0.551               7.724          1414Pa0205
  4050.192      42.0     2.678     -2.63                                        
  4050.275 106.00113     1.419    -5.574               3.464            CX14R105
  4050.288      25.0     4.317     -0.88                                        
  4050.320      40.1     0.713     -1.06                                Ljung06 
  4050.346      22.0     2.115     -2.23                                        
  4050.358      20.0     4.621     -2.82                                        
  4050.366      64.0     0.948      0.28                                        
  4050.375      25.0     4.317     -1.30                                        
  4050.388   23.0051     1.954    -3.931                                 KURHFS 
  4050.394   23.0051     1.954    -3.813                                 KURHFS 
  4050.394   23.0051     1.954    -4.383                                 KURHFS 
  4050.402   23.0051     1.954    -3.695                                 KURHFS 
  4050.402   23.0051     1.954    -4.172                                 KURHFS 
  4050.402   23.0051     1.954    -5.383                                 KURHFS 
  4050.414   23.0051     1.954    -3.583                                 KURHFS 
  4050.414   23.0051     1.954    -4.076                                 KURHFS 
  4050.414   23.0051     1.954    -5.176                                 KURHFS 
  4050.428   23.0051     1.954    -3.479                                 KURHFS 
  4050.428   23.0051     1.954    -4.040                                 KURHFS 
  4050.428   23.0051     1.954    -5.148                                 KURHFS 
  4050.444   23.0051     1.954    -3.383                                 KURHFS 
  4050.444   23.0051     1.954    -4.056                                 KURHFS 
  4050.444   23.0051     1.954    -5.228                                 KURHFS 
  4050.450      42.0     2.621     -2.23                                        
  4050.464      40.0     0.542     -1.02                                        
  4050.464   23.0051     1.954    -3.293                                 KURHFS 
  4050.464   23.0051     1.954    -4.138                                 KURHFS 
  4050.464   23.0051     1.954    -5.420                                 KURHFS 
  4050.475 106.00113     0.358    -2.126               3.464            BX11P035
  4050.486   23.0051     1.954    -3.209                                 KURHFS 
  4050.486   23.0051     1.954    -4.356                                 KURHFS 
  4050.486   23.0051     1.954    -5.809                                 KURHFS 
  4050.501      23.0     3.264     -4.35                                        
  4050.541      26.0     4.309     -3.44                                        
  4050.551 106.00112     1.442    -5.549               3.464            AX21Q255
  4050.570      66.1     0.590     -0.47                              Wickliff00
  4050.610 106.00112     1.442    -3.694               3.464            AX21P265
  4050.613      25.1     5.344     -5.28                                        
  4050.620      62.1     0.659     -1.56                              Lawler06  
  4050.629      29.0     5.720     -1.52                                        
  4050.634 106.00112     1.442    -3.868               3.464            AX21P255
  4050.649 106.00112     1.324    -8.081               3.464            CX14R065
  4050.674      26.0     4.188     -1.14                                        
  4050.685 106.00112     0.359    -2.177               3.464            BX11P025
  4050.695 106.00112     0.359    -5.476               3.464            BX11Q025
  4050.716      21.1     6.903     -1.28                                        
  4050.729      24.0     4.407     -4.03                                        
  4050.732      26.0     4.317     -3.70                                        
  4050.736      25.0     5.345     -2.52                                        
  4050.746 106.00113     1.065    -4.400               3.464            AX00R255
  4050.816      58.1     0.875     -0.73                                        
  4050.927      26.0     4.188     -2.57                                        
  4050.936      23.0     3.129     -3.18                                        
  4050.937   23.0051     2.129    -1.375                                 LAWLER 
  4050.937   23.0051     2.129    -1.596                                 LAWLER 
  4050.938   23.0051     2.129    -1.272                                 LAWLER 
  4050.939   23.0051     2.129    -1.229                                 LAWLER 
  4050.940   23.0051     2.129    -1.400                                 LAWLER 
  4050.941   23.0051     2.129    -1.240                                 LAWLER 
  4050.941   23.0051     2.129    -1.386                                 LAWLER 
  4050.943   23.0051     2.129    -1.248                                 LAWLER 
  4050.944   23.0051     2.129    -1.317                                 LAWLER 
  4050.944   23.0051     2.129    -1.596                                 LAWLER 
  4050.946      25.0     5.108     -2.60                                        
  4050.946   23.0051     2.129    -1.081                                 LAWLER 
  4050.948   23.0051     2.129    -1.375                                 LAWLER 
  4050.948   23.0051     2.129    -1.532                                 LAWLER 
  4050.950   23.0051     2.129    -0.912                                 LAWLER 
  4050.952   23.0051     2.129    -1.272                                 LAWLER 
  4050.954   23.0051     2.129    -0.753                                 LAWLER 
  4050.957   23.0051     2.129    -1.229                                 LAWLER 
  4050.959   23.0051     2.129    -0.605                                 LAWLER 
  4050.963   23.0051     2.129    -1.240                                 LAWLER 
  4050.965   23.0051     2.129    -0.469                                 LAWLER 
  4050.970   23.0051     2.129    -1.317                                 LAWLER 
  4050.977   23.0051     2.129    -1.532                                 LAWLER 
  4050.982      20.1     7.042     -5.02                                        
  4050.997      25.0     4.791     -3.02                                        
