a line list in the range:    4289.00   4301.00
  4289.014 106.00113     0.704    -1.012               3.464            AX00Q205
  4289.020      23.0     3.281     -3.18                                        
  4289.036 106.00113     0.704    -3.546               3.464            AX00R195
  4289.062 106.00112     0.708    -3.544               3.464            AX00P205
  4289.068      23.1     6.524     -2.07                                        
  4289.070      22.0     0.818     -0.28                                 LAWLER 
  4289.081      24.0     4.437     -1.32                                        
  4289.081 106.00112     0.708    -1.029               3.464            AX00Q195
  4289.082      26.0     3.368     -1.17                              DenHarto14
  4289.101      25.0     4.662     -3.07                                        
  4289.114 106.00113     0.704    -3.544               3.464            AX00P205
  4289.139 106.00113     0.704    -1.029               3.464            AX00Q195
  4289.152      40.1     1.827     -1.68                                Ljung06 
  4289.170 106.00112     0.958    -5.367               3.464            BX01R195
  4289.228      20.0     4.776     -2.64                                        
  4289.295      26.0     2.422     -4.00                                        
  4289.321      23.0     2.357     -9.62                                        
  4289.358 106.00113     0.727    -1.769               3.464            AX22R055
  4289.360      20.0     1.879     -0.30                              NIST/C+   
  4289.389 106.00112     0.729    -1.769               3.464            AX22R055
  4289.392      22.0     1.995     -3.98                                        
  4289.393 607.01214     3.276    -4.659               7.724          1314Qc0115
  4289.405      42.0     2.621     -0.70                                        
  4289.417      24.0     3.435     -4.57                                        
  4289.420 607.01214     3.276    -2.170               7.724          1314Pa0125
  4289.434      41.0     0.739     -1.13                                        
  4289.447      58.1     0.445     -0.75                              Lawler09  
  4289.457 607.01214     3.276    -2.204               7.724          1314Pb0115
  4289.592 106.00112     0.410    -5.307               3.464            BX01R065
  4289.598      25.1     5.369     -3.31                                        
  4289.641 106.00113     0.727    -1.769               3.464            AX22R055
  4289.674 106.00112     0.730    -1.769               3.464            AX22R055
  4289.718 106.00113     0.727    -3.083               3.464            AX22Q065
  4289.731      24.0     0.000     -0.37                                 SOBECK 
  4289.752 106.00112     0.730    -3.083               3.464            AX22Q065
  4289.766      42.0     3.221     -1.38                                        
  4289.770 106.00113     0.727    -1.704               3.464            AX22R065
  4289.807 106.00112     0.730    -1.704               3.464            AX22R065
  4289.807 106.00112     1.951    -5.718               3.464            AX32P285
  4289.814      20.0     6.017     -2.46                                        
  4289.840      22.0     2.235     -1.83                                        
  4289.878      64.1     1.674     -0.59                                        
  4289.880      59.1     0.422     -1.00                                LINOHFS 
  4289.909      22.0     2.173     -0.63                                 LAWLER 
  4289.915      26.0     3.397     -1.74                              DenHarto14
  4289.932      58.1     0.327      0.11                              Lawler09  
  4289.960      24.0     3.008     -3.11                                        
  4289.964 106.00113     0.728    -3.073               3.464            AX22Q065
  4289.981 106.00113     0.670    -3.424               3.464            AX22R025
  4290.001 106.00112     0.730    -3.073               3.464            AX22Q065
  4290.007 106.00112     0.672    -3.424               3.464            AX22R025
  4290.008 106.00113     0.670    -3.415               3.464            AX22R025
  4290.017 106.00113     0.728    -1.705               3.464            AX22R065
  4290.033 106.00112     0.672    -3.415               3.464            AX22R025
  4290.056 106.00112     0.730    -1.705               3.464            AX22R065
  4290.066      25.0     4.662     -0.95                                        
  4290.096      24.0     5.130     -4.24                                        
  4290.170      42.0     2.678     -0.81                                        
  4290.177      24.0     4.204     -2.94                                        
  4290.187      68.1     1.350     -2.36                              Lawler08  
  4290.188 607.01214     3.281    -4.698               7.724          1314Qc0125
  4290.194      22.0     2.406     -2.01                                        
  4290.215      22.1     1.164     -0.87                                 LAWLER 
  4290.217 607.01214     3.281    -2.140               7.724          1314Pa0135
  4290.227      26.0     3.414     -3.57                                        
  4290.256 607.01214     3.281    -2.170               7.724          1314Pb0125
  4290.264      28.0     3.396     -2.29                                        
  4290.289      24.0     3.142     -3.04                                        
  4290.311      23.0     2.503     -6.82                                        
  4290.317      26.0     3.414     -2.56                                        
  4290.353      22.1     2.060     -1.53                                        
  4290.379      26.0     2.990     -1.72                              NIST/C+   
  4290.396      24.0     4.571     -3.88                                        
  4290.403      23.0     1.871     -6.18                                        
  4290.428      26.0     4.151     -1.86                                        
  4290.428      58.1     0.559     -1.57                              Lawler09  
  4290.458      22.0     2.152     -2.29                                        
  4290.534      24.0     3.844     -2.57                                        
  4290.594      58.1     0.559     -1.48                              Lawler09  
  4290.620      25.0     4.329     -2.52                                        
  4290.624      26.0     3.632     -4.66                                        
  4290.729      23.1     1.702     -3.69                                        
  4290.734      22.0     3.059     -3.41                                        
  4290.760      20.0     6.017     -3.64                                        
  4290.813      20.0     6.017     -3.01                                        
  4290.821      62.0     0.282     -1.94                                        
  4290.840 106.00112     0.580    -3.477               3.464            AX00R175
  4290.865      26.0     2.832     -2.13                              NIST/C+   
  4290.914 106.00113     0.577    -3.477               3.464            AX00R175
  4290.929      22.0     0.812     -0.41                                 LAWLER 
  4290.930 106.00112     0.580    -1.069               3.464            AX00Q175
  4290.944 106.00112     0.580    -1.049               3.464            AX00Q185
  4290.950      60.1     1.401     -0.27                                        
  4290.974      20.0     6.035     -4.44                                        
  4290.977      24.0     4.609     -1.91                                        
  4290.979      22.0     2.295     -2.89                                        
  4290.990      59.1     1.050     -0.71                                        
  4291.000 607.01214     3.287    -4.735               7.724          1314Qc0135
  4291.002 106.00112     0.644    -1.030               3.464            AX00Q195
  4291.002 106.00113     0.577    -1.069               3.464            AX00Q175
  4291.005      11.0     2.103     -2.89                                        
  4291.011 106.00112     0.644    -3.523               3.464            AX00R185
  4291.015 106.00113     0.577    -1.049               3.464            AX00Q185
  4291.031 607.01214     3.287    -2.112               7.724          1314Pa0145
  4291.041 106.00112     0.580    -3.518               3.464            AX00P185
  4291.051      22.1     5.643     -3.85                                        
  4291.056 106.00113     0.640    -1.030               3.464            AX00Q195
  4291.067 106.00113     0.640    -3.523               3.464            AX00R185
  4291.071 607.01214     3.287    -2.140               7.724          1314Pb0135
  4291.084 106.00112     0.359    -1.965               3.464            AX11R025
  4291.104 106.00112     0.644    -3.522               3.464            AX00P195
  4291.105 106.00113     0.577    -3.518               3.464            AX00P185
  4291.111 106.00112     0.644    -1.048               3.464            AX00Q185
  4291.114 106.00113     0.357    -1.965               3.464            AX11R025
  4291.118 106.00112     0.021    -1.924               3.464            AX00R025
  4291.126      22.0     2.266      0.02                                 LAWLER 
  4291.150 106.00113     0.640    -3.522               3.464            AX00P195
  4291.161 106.00113     0.640    -1.048               3.464            AX00Q185
  4291.171      75.0     2.059     -0.94                                        
  4291.172 106.00112     0.359    -1.965               3.464            AX11R025
  4291.178      40.0     0.542     -1.37                                        
  4291.183      41.0     1.042     -0.96                                        
  4291.185 106.00113     0.021    -1.924               3.464            AX00R025
  4291.195      42.0     3.075     -0.73                                        
  4291.196      22.0     1.738     -2.34                                        
  4291.206      22.1     5.634     -4.18                                        
  4291.208 106.00112     0.021    -1.924               3.464            AX00R025
  4291.209 106.00113     0.358    -1.965               3.464            AX11R025
  4291.251      20.0     2.930     -1.37                                        
  4291.271 106.00113     0.021    -1.924               3.464            AX00R025
  4291.288      23.0     1.852     -0.80                               LAWNOHFS 
  4291.296      25.0     4.265     -3.44                                        
  4291.299      22.0     0.835     -3.96                                        
  4291.345      42.0     2.068     -2.81                                        
  4291.347      40.0     0.519     -1.39                                        
  4291.428      26.0     2.725     -3.00                                        
  4291.464      26.0     0.052     -4.08                              NIST/B    
  4291.473      26.0     1.556     -3.74                                        
  4291.475      23.0     2.372     -7.38                                        
  4291.493      22.0     2.343     -1.71                                        
  4291.594      26.0     4.412     -3.22                                        
  4291.668      75.0     1.811     -1.36                                        
  4291.679      24.0     2.965     -5.77                                        
  4291.718 106.00113     0.892    -2.198               3.464            BX11P175
  4291.735      26.0     2.938     -6.25                                        
  4291.763      24.0     4.613     -2.57                                        
  4291.790 106.00113     0.892    -7.122               3.464            BX11Q175
  4291.806      23.0     2.136      0.41                               LAWNOHFS 
  4291.810      90.0     1.021     -0.77                                        
  4291.827 106.00112     0.359    -2.775               3.464            AX11Q035
  4291.829 607.01214     3.293    -4.770               7.724          1314Qc0145
  4291.849      25.0     4.265     -3.83                                        
  4291.850 106.00113     0.358    -2.775               3.464            AX11Q035
  4291.855      22.0     2.316     -1.53                                        
  4291.863      25.1     7.376     -3.40                                        
  4291.863 607.01214     3.293    -2.086               7.724          1314Pa0155
  4291.874      58.1     0.674     -2.28                              Lawler09  
  4291.889 106.00113     0.892    -2.333               3.464            BX11P185
  4291.892 106.00112     0.359    -2.770               3.464            AX11Q035
  4291.893 106.00112     0.021    -2.751               3.464            AX00Q035
  4291.904 607.01214     3.293    -2.112               7.724          1314Pb0145
  4291.914   27.0059     3.565    -3.508                                 KURHFS 
  4291.915 106.00113     0.358    -2.770               3.464            AX11Q035
  4291.918   27.0059     3.565    -3.223                                 KURHFS 
  4291.918   27.0059     3.565    -3.478                                 KURHFS 
  4291.926   27.0059     3.565    -3.035                                 KURHFS 
  4291.926   27.0059     3.565    -3.478                                 KURHFS 
  4291.926   27.0059     3.565    -3.529                                 KURHFS 
  4291.938   27.0059     3.565    -2.944                                 KURHFS 
  4291.938   27.0059     3.565    -3.090                                 KURHFS 
  4291.938   27.0059     3.565    -3.654                                 KURHFS 
  4291.954   27.0059     3.565    -2.835                                 KURHFS 
  4291.954   27.0059     3.565    -2.922                                 KURHFS 
  4291.954   27.0059     3.565    -3.876                                 KURHFS 
  4291.954 106.00113     0.021    -2.751               3.464            AX00Q035
  4291.955      66.0     0.512     -0.59                                        
  4291.957      24.0     3.419     -0.48                                        
  4291.960      24.0     3.875     -1.03                                        
  4291.961 106.00112     0.021    -2.746               3.464            AX00Q035
  4291.975   27.0059     3.565    -2.637                                 KURHFS 
  4291.975   27.0059     3.565    -2.976                                 KURHFS 
  4291.975   27.0059     3.565    -4.286                                 KURHFS 
  4291.975 106.00112     0.359    -1.834               3.464            AX11R035
  4291.995 106.00113     0.358    -1.834               3.464            AX11R035
  4291.999   27.0059     3.565    -2.473                                 KURHFS 
  4291.999   27.0059     3.565    -3.172                                 KURHFS 
  4292.020 106.00113     0.021    -2.746               3.464            AX00Q035
  4292.027   27.0059     3.565    -2.332                                 KURHFS 
  4292.029      41.0     0.049     -1.41                                        
  4292.040 106.00113     1.837    -5.527               3.464            AX43P235
  4292.041 106.00112     0.021    -1.793               3.464            AX00R035
  4292.041 106.00112     0.359    -1.835               3.464            AX11R035
  4292.044   23.0051     2.357    -5.240                                 KURHFS 
  4292.050   23.0051     2.357    -5.240                                 KURHFS 
  4292.050   23.0051     2.357    -5.416                                 KURHFS 
  4292.059   23.0051     2.357    -5.076                                 KURHFS 
  4292.059   23.0051     2.357    -5.541                                 KURHFS 
  4292.059   23.0051     2.357    -5.666                                 KURHFS 
  4292.068 106.00113     0.358    -1.835               3.464            AX11R035
  4292.069      28.0     4.086     -1.04                                        
  4292.071   23.0051     2.357    -5.068                                 KURHFS 
  4292.071   23.0051     2.357    -5.102                                 KURHFS 
  4292.071   23.0051     2.357    -6.094                                 KURHFS 
  4292.085   23.0051     2.357    -4.819                                 KURHFS 
  4292.085   23.0051     2.357    -5.229                                 KURHFS 
  4292.102   23.0051     2.357    -4.603                                 KURHFS 
  4292.102 106.00113     0.021    -1.793               3.464            AX00R035
  4292.110 106.00112     0.021    -1.794               3.464            AX00R035
  4292.117      26.0     2.174     -3.04                                        
  4292.134      42.0     1.381     -1.02                              NIST/B+   
  4292.163      26.0     2.586     -3.37                                        
  4292.170 106.00113     0.021    -1.794               3.464            AX00R035
  4292.180      62.1     0.333     -0.91                              Lawler06  
  4292.184   27.0059     2.784    -4.119                                 KURHFS 
  4292.186   27.0059     2.784    -3.964                                 KURHFS 
  4292.189   27.0059     2.784    -3.420                                 KURHFS 
  4292.191   27.0059     2.784    -3.487                                 KURHFS 
  4292.191   27.0059     2.784    -3.964                                 KURHFS 
  4292.194   27.0059     2.784    -3.224                                 KURHFS 
  4292.198   27.0059     2.784    -4.061                                 KURHFS 
  4292.199   27.0059     2.784    -3.224                                 KURHFS 
  4292.201   27.0059     2.784    -3.119                                 KURHFS 
  4292.207   27.0059     2.784    -4.265                                 KURHFS 
  4292.209   27.0059     2.784    -3.020                                 KURHFS 
  4292.210   27.0059     2.784    -3.072                                 KURHFS 
  4292.212 106.00113     1.865    -9.198               3.464            CX15R155
  4292.219   27.0059     2.784    -4.663                                 KURHFS 
  4292.221   27.0059     2.784    -2.850                                 KURHFS 
  4292.222   27.0059     2.784    -3.078                                 KURHFS 
  4292.234   23.0051     2.377    -2.118                                 KURHFS 
  4292.235   27.0059     2.784    -2.704                                 KURHFS 
  4292.237      25.1     5.376     -2.23                                        
  4292.237   27.0059     2.784    -3.151                                 KURHFS 
  4292.241   23.0051     2.377    -2.439                                 KURHFS 
  4292.241   23.0051     2.377    -2.585                                 KURHFS 
  4292.246   23.0051     2.377    -2.439                                 KURHFS 
  4292.246   23.0051     2.377    -2.916                                 KURHFS 
  4292.250   23.0051     2.377    -2.460                                 KURHFS 
  4292.252   27.0059     2.784    -2.575                                 KURHFS 
  4292.254   27.0059     2.784    -3.362                                 KURHFS 
  4292.272   27.0059     2.784    -2.459                                 KURHFS 
  4292.285      26.0     2.196     -2.78                                        
  4292.293   23.0051     2.377    -6.642                                 KURHFS 
  4292.293   23.0051     2.377    -7.268                                 KURHFS 
  4292.293   23.0051     2.377    -8.133                                 KURHFS 
  4292.293   27.0059     2.784    -2.354                                 KURHFS 
  4292.300   23.0051     2.377    -6.858                                 KURHFS 
  4292.300   23.0051     2.377    -7.107                                 KURHFS 
  4292.300   23.0051     2.377    -7.705                                 KURHFS 
  4292.305   23.0051     2.377    -7.115                                 KURHFS 
  4292.305   23.0051     2.377    -7.141                                 KURHFS 
  4292.305   23.0051     2.377    -7.455                                 KURHFS 
  4292.306      23.0     3.284     -3.85                                        
  4292.309   23.0051     2.377    -7.279                                 KURHFS 
  4292.309   23.0051     2.377    -7.279                                 KURHFS 
  4292.309   23.0051     2.377    -7.580                                 KURHFS 
  4292.313      26.0     2.431     -4.71                                        
  4292.341      28.0     3.895     -1.16                                        
  4292.374 106.00112     0.992    -1.403               3.464            BX10P235
  4292.383      25.1     5.516     -2.96                                        
  4292.420      27.1     5.171     -6.43                                        
  4292.436   27.0059     3.927    -5.681                                 KURHFS 
  4292.436   27.0059     3.927    -5.748                                 KURHFS 
  4292.436   27.0059     3.927    -6.380                                 KURHFS 
  4292.441   27.0059     3.927    -5.485                                 KURHFS 
  4292.441   27.0059     3.927    -5.485                                 KURHFS 
  4292.441   27.0059     3.927    -6.225                                 KURHFS 
  4292.450   27.0059     3.927    -5.281                                 KURHFS 
  4292.450   27.0059     3.927    -5.380                                 KURHFS 
  4292.450   27.0059     3.927    -6.225                                 KURHFS 
  4292.462   27.0059     3.927    -5.111                                 KURHFS 
  4292.462   27.0059     3.927    -5.333                                 KURHFS 
  4292.462   27.0059     3.927    -6.322                                 KURHFS 
  4292.467 106.00112     0.992    -5.850               3.464            BX10Q235
  4292.473      41.0     1.120     -0.88                                        
  4292.477   27.0059     3.927    -4.965                                 KURHFS 
  4292.477   27.0059     3.927    -5.339                                 KURHFS 
  4292.477   27.0059     3.927    -6.526                                 KURHFS 
  4292.496   27.0059     3.927    -4.836                                 KURHFS 
  4292.496   27.0059     3.927    -5.412                                 KURHFS 
  4292.496   27.0059     3.927    -6.924                                 KURHFS 
  4292.517   27.0059     3.927    -4.720                                 KURHFS 
  4292.517   27.0059     3.927    -5.623                                 KURHFS 
  4292.518      25.1     5.105     -4.80                                        
  4292.535 106.00112     0.992    -1.057               3.464            BX10P245
  4292.540      20.0     6.018     -4.67                                        
  4292.542   27.0059     3.927    -4.615                                 KURHFS 
  4292.572      28.0     4.085     -2.98                                        
  4292.580      58.1     0.807     -0.74                              Lawler09  
  4292.668      22.0     1.045     -1.80                                        
  4292.669      20.0     6.036     -3.41                                        
  4292.676 607.01214     3.299    -4.803               7.724          1314Qc0155
  4292.712 607.01214     3.299    -2.063               7.724          1314Pa0165
  4292.754 607.01214     3.299    -2.086               7.724          1314Pb0155
  4292.763      22.0     2.394     -2.35                                        
  4292.764      58.1     0.560     -0.85                              Lawler09  
  4292.885      30.0     4.027     -3.53                                        
  4292.900      58.1     0.674     -1.35                              Lawler09  
  4292.957      26.0     4.473     -2.45                              PK15THEOR 
  4293.005 106.00112     0.521    -3.453               3.464            AX00R165
  4293.021 106.00112     0.581    -3.498               3.464            AX00R175
  4293.025 106.00112     0.581    -1.049               3.464            AX00Q185
  4293.051      26.0     4.206     -4.01                                        
  4293.067 106.00113     0.518    -3.453               3.464            AX00R165
  4293.068 106.00113     0.578    -3.498               3.464            AX00R175
  4293.073 106.00113     0.578    -1.049               3.464            AX00Q185
  4293.088 106.00112     0.521    -1.091               3.464            AX00Q165
  4293.108 106.00112     0.581    -1.069               3.464            AX00Q175
  4293.117 106.00112     0.521    -1.069               3.464            AX00Q175
  4293.117 106.00112     0.581    -3.499               3.464            AX00P185
  4293.125      40.1     1.743     -1.01                                Ljung06 
  4293.147 106.00113     0.518    -1.091               3.464            AX00Q165
  4293.149 106.00113     0.578    -1.069               3.464            AX00Q175
  4293.156 106.00113     0.578    -3.499               3.464            AX00P185
  4293.168      23.0     1.802     -2.89                                        
  4293.179 106.00113     0.518    -1.069               3.464            AX00Q175
  4293.206 106.00112     0.521    -3.493               3.464            AX00P175
  4293.210      22.0     3.152     -2.52                                        
  4293.215      42.0     1.420     -0.80                              NIST/B+   
  4293.245      26.0     3.692     -8.57                                        
  4293.260 106.00113     0.518    -3.493               3.464            AX00P175
  4293.265      24.0     4.204     -3.26                                        
  4293.279      23.0     2.330     -2.72                                        
  4293.281      44.0     1.122     -1.15                                        
  4293.327      23.1     3.796     -4.36                                        
  4293.330      22.0     3.152     -2.39                                        
  4293.378      24.0     4.204     -1.22                                        
  4293.403      22.0     2.493     -3.13                                        
  4293.441      22.0     2.425     -1.02                                        
  4293.505      22.0     3.168     -3.06                                        
  4293.540 607.01214     3.306    -4.835               7.724          1314Qc0165
  4293.543      24.0     2.911     -1.20                                 SOBECK 
  4293.578 607.01214     3.306    -2.042               7.724          1314Pa0175
  4293.621 607.01214     3.306    -2.063               7.724          1314Pb0165
  4293.734      42.0     3.387     -0.91                                        
  4293.735      42.0     2.079     -1.83                                        
  4293.736      62.0     0.185     -1.36                                        
  4293.744      23.0     3.284     -2.44                                        
  4293.761 106.00113     1.013    -3.810               3.464            AX33R055
  4293.798      26.0     2.431     -3.48                                        
  4293.823      22.0     3.125     -3.87                                        
  4293.853      22.0     2.343     -4.74                                        
  4293.880      42.0     1.359     -1.32                              NIST/B+   
  4293.883      20.0     4.765     -3.01                                        
  4293.924 106.00113     1.013    -3.791               3.464            AX33R055
  4293.940 106.00112     1.954    -5.793               3.464            AX32P285
  4293.941 106.00112     1.016    -3.810               3.464            AX33R055
  4293.948      76.0     1.840     -0.61                                        
  4293.958      26.0     4.298     -3.82                                        
  4293.997      15.0     6.980     -2.00                                        
  4294.038      26.0     2.557     -2.64                                        
  4294.066      25.1     5.376     -6.22                                        
  4294.094 106.00113     0.708    -1.832               3.464            AX22R045
  4294.099      22.1     1.083     -1.11                                        
  4294.099      74.0     1.649     -1.10                                        
  4294.109 106.00112     1.016    -3.791               3.464            AX33R055
  4294.125      26.0     1.485     -1.11                              NIST/B+   
  4294.151 106.00112     0.710    -1.832               3.464            AX22R045
  4294.177      60.1     0.932     -0.73                                        
  4294.186      25.0     4.255     -3.80                                        
  4294.272      22.0     2.316     -1.76                                        
  4294.297 106.00113     0.708    -1.832               3.464            AX22R045
  4294.337      23.0     3.275     -4.39                                        
  4294.356 106.00112     0.710    -1.832               3.464            AX22R045
  4294.380      73.0     1.654     -1.24                                        
  4294.423 607.01214     3.314    -4.866               7.724          1314Qc0175
  4294.452      22.0     3.176     -1.57                                        
  4294.457      25.0     5.345     -3.54                                        
  4294.463 607.01214     3.314    -2.022               7.724          1314Pa0185
  4294.506 607.01214     3.314    -2.042               7.724          1314Pb0175
  4294.526 106.00113     0.708    -3.006               3.464            AX22Q055
  4294.553      27.1     5.171     -6.56                                        
  4294.583 106.00112     0.710    -3.006               3.464            AX22Q055
  4294.602 106.00113     0.708    -1.754               3.464            AX22R055
  4294.610      74.0     0.366     -0.77                              DenHarto87
  4294.621 106.00113     1.065    -4.424               3.464            BX10P245
  4294.660 106.00112     0.710    -1.754               3.464            AX22R055
  4294.688      22.1     5.203     -2.75                                        
  4294.699 106.00113     0.708    -2.998               3.464            AX22Q055
  4294.708      22.0     2.304     -2.25                                        
  4294.754 106.00113     0.388    -5.273               3.464            BX01R055
  4294.758 106.00112     0.710    -2.998               3.464            AX22Q055
  4294.764   21.1045     0.605    -2.616                              LAWKURHFS 
  4294.764   21.1045     0.605    -2.642                              LAWKURHFS 
  4294.764   21.1045     0.605    -2.669                              LAWKURHFS 
  4294.764   21.1045     0.605    -2.864                              LAWKURHFS 
  4294.765   21.1045     0.605    -2.741                              LAWKURHFS 
  4294.765   21.1045     0.605    -2.963                              LAWKURHFS 
  4294.766   21.1045     0.605    -3.440                              LAWKURHFS 
  4294.766   21.1045     0.605    -3.586                              LAWKURHFS 
  4294.767   21.1045     0.605    -2.570                              LAWKURHFS 
  4294.767   21.1045     0.605    -2.956                              LAWKURHFS 
  4294.767   21.1045     0.605    -2.963                              LAWKURHFS 
  4294.768   21.1045     0.605    -2.056                              LAWKURHFS 
  4294.768   21.1045     0.605    -2.284                              LAWKURHFS 
  4294.768   21.1045     0.605    -2.741                              LAWKURHFS 
  4294.769   21.1045     0.605    -2.642                              LAWKURHFS 
  4294.770   21.1045     0.605    -2.616                              LAWKURHFS 
  4294.771   21.1045     0.605    -2.669                              LAWKURHFS 
  4294.772   21.1045     0.605    -2.864                              LAWKURHFS 
  4294.775 106.00113     0.708    -1.754               3.464            AX22R055
  4294.782      72.0     0.292     -1.31                                        
  4294.789      40.0     0.686     -0.53                                        
  4294.789      44.0     1.062     -1.21                                        
  4294.833      24.0     3.090     -2.20                                        
  4294.834 106.00112     0.710    -1.754               3.464            AX22R055
  4294.897      58.1     0.807     -1.40                              Lawler09  
  4294.907      26.0     3.265     -2.73                                        
  4294.930      66.1     2.090      0.04                              Wickliff00
  4294.988 106.00112     0.522    -3.473               3.464            AX00R165
  4294.996      22.0     2.238     -1.62                                        
  4295.006 106.00112     0.522    -1.070               3.464            AX00Q175
  4295.013      26.0     4.188     -4.46                                        
  4295.025 106.00113     0.519    -3.473               3.464            AX00R165
  4295.036      90.1     2.202     -0.28                                        
  4295.041 106.00113     0.519    -1.070               3.464            AX00Q175
  4295.068 106.00112     0.522    -1.091               3.464            AX00Q165
  4295.086      24.0     3.165     -2.97                                        
  4295.088 106.00112     0.522    -3.475               3.464            AX00P175
  4295.104 106.00113     0.519    -1.091               3.464            AX00Q165
  4295.105      23.0     2.573     -1.75                                        
  4295.111 106.00112     0.465    -3.427               3.464            AX00R155
  4295.119 106.00113     0.519    -3.475               3.464            AX00P175
  4295.138   23.0051     1.349    -6.918                                 KURHFS 
  4295.138 106.00112     1.704    -5.213               3.464            AX54P165
  4295.141   23.0051     1.349    -6.633                                 KURHFS 
  4295.141   23.0051     1.349    -6.888                                 KURHFS 
  4295.146   23.0051     1.349    -6.445                                 KURHFS 
  4295.146   23.0051     1.349    -6.888                                 KURHFS 
  4295.146   23.0051     1.349    -6.939                                 KURHFS 
  4295.153   23.0051     1.349    -6.354                                 KURHFS 
  4295.153   23.0051     1.349    -6.500                                 KURHFS 
  4295.153   23.0051     1.349    -7.064                                 KURHFS 
  4295.161 106.00113     0.462    -3.427               3.464            AX00R155
  4295.163   23.0051     1.349    -6.245                                 KURHFS 
  4295.163   23.0051     1.349    -6.332                                 KURHFS 
  4295.163   23.0051     1.349    -7.286                                 KURHFS 
  4295.175   23.0051     1.349    -6.047                                 KURHFS 
  4295.175   23.0051     1.349    -6.386                                 KURHFS 
  4295.175   23.0051     1.349    -7.696                                 KURHFS 
  4295.184 106.00112     0.465    -1.115               3.464            AX00Q155
  4295.190   23.0051     1.349    -5.883                                 KURHFS 
  4295.190   23.0051     1.349    -6.582                                 KURHFS 
  4295.207   23.0051     1.349    -5.742                                 KURHFS 
  4295.220      60.1     0.742     -1.36                              DenHarto03
  4295.230 106.00113     0.462    -1.115               3.464            AX00Q155
  4295.239 106.00112     0.465    -1.092               3.464            AX00Q165
  4295.285 106.00113     0.462    -1.092               3.464            AX00Q165
  4295.299      24.1     3.884     -5.37                                        
  4295.312 106.00112     0.465    -3.467               3.464            AX00P165
  4295.324 607.01214     3.321    -4.895               7.724          1314Qc0185
  4295.355 106.00113     0.462    -3.467               3.464            AX00P165
  4295.367 607.01214     3.321    -2.004               7.724          1314Pa0195
  4295.378      23.0     1.375     -5.56                                        
  4295.396      24.0     4.614     -1.46                                        
  4295.407      26.0     4.214     -3.04                                        
  4295.408 607.01214     3.321    -2.022               7.724          1314Pb0185
  4295.462      22.0     2.304     -2.11                                        
  4295.631      41.0     1.531     -0.61                                        
  4295.708      62.1     0.434     -1.95                                        
  4295.749      22.0     0.812     -0.42                                 LAWLER 
  4295.749      24.0     2.706     -0.72                                        
  4295.764      22.0     1.967     -2.62                                        
  4295.768      25.0     4.662     -2.20                                        
  4295.807      22.0     3.109     -3.31                                        
  4295.821      26.0     4.206     -3.14                                        
  4295.828      24.0     3.102     -2.17                                        
  4295.881      28.0     3.838     -0.48                                        
  4295.903   23.0051     1.852    -3.809                                 KURHFS 
  4295.906   23.0051     1.852    -3.691                                 KURHFS 
  4295.906   23.0051     1.852    -4.261                                 KURHFS 
  4295.911   23.0051     1.852    -3.573                                 KURHFS 
  4295.911   23.0051     1.852    -4.050                                 KURHFS 
  4295.911   23.0051     1.852    -5.261                                 KURHFS 
  4295.917   23.0051     1.852    -3.461                                 KURHFS 
  4295.917   23.0051     1.852    -3.954                                 KURHFS 
  4295.917   23.0051     1.852    -5.054                                 KURHFS 
  4295.924      22.0     3.177     -1.46                                        
  4295.925   23.0051     1.852    -3.357                                 KURHFS 
  4295.925   23.0051     1.852    -3.918                                 KURHFS 
  4295.925   23.0051     1.852    -5.026                                 KURHFS 
  4295.926      44.0     1.130     -0.84                                        
  4295.935   23.0051     1.852    -3.261                                 KURHFS 
  4295.935   23.0051     1.852    -3.934                                 KURHFS 
  4295.935   23.0051     1.852    -5.106                                 KURHFS 
  4295.946   23.0051     1.852    -3.171                                 KURHFS 
  4295.946   23.0051     1.852    -4.016                                 KURHFS 
  4295.946   23.0051     1.852    -5.298                                 KURHFS 
  4295.959   23.0051     1.852    -3.087                                 KURHFS 
  4295.959   23.0051     1.852    -4.234                                 KURHFS 
  4295.959   23.0051     1.852    -5.687                                 KURHFS 
  4296.002      71.0     0.926     -0.65                                        
  4296.028   23.0051     2.113    -2.915                                 KURHFS 
  4296.028   23.0051     2.113    -3.207                                 KURHFS 
  4296.028   23.0051     2.113    -3.402                                 KURHFS 
  4296.028   23.0051     2.113    -3.402                                 KURHFS 
  4296.028   23.0051     2.113    -3.433                                 KURHFS 
  4296.028   23.0051     2.113    -3.433                                 KURHFS 
  4296.028   23.0051     2.113    -3.466                                 KURHFS 
  4296.028   23.0051     2.113    -3.466                                 KURHFS 
  4296.028   23.0051     2.113    -3.613                                 KURHFS 
  4296.028   23.0051     2.113    -3.614                                 KURHFS 
  4296.028   23.0051     2.113    -3.614                                 KURHFS 
  4296.028   23.0051     2.113    -3.665                                 KURHFS 
  4296.028   23.0051     2.113    -3.665                                 KURHFS 
  4296.028   23.0051     2.113    -3.920                                 KURHFS 
  4296.028   23.0051     2.113    -4.330                                 KURHFS 
  4296.028   23.0051     2.113    -5.573                                 KURHFS 
  4296.051      58.1     0.822     -0.85                              Lawler09  
  4296.051   23.0051     2.129    -1.016                                 KURHFS 
  4296.054      57.1     0.772     -0.58                                        
  4296.056   23.0051     2.129    -0.898                                 KURHFS 
  4296.056   23.0051     2.129    -1.468                                 KURHFS 
  4296.057 106.00113     1.944    -5.716               3.464            AX32P285
  4296.058 106.00112     0.389    -5.272               3.464            BX01R055
  4296.060      64.1     0.499     -0.54                              DenHarto06
  4296.063   23.0051     2.129    -0.780                                 KURHFS 
  4296.063   23.0051     2.129    -1.257                                 KURHFS 
  4296.063   23.0051     2.129    -2.468                                 KURHFS 
  4296.073   23.0051     2.129    -0.668                                 KURHFS 
  4296.073   23.0051     2.129    -1.161                                 KURHFS 
  4296.073   23.0051     2.129    -2.261                                 KURHFS 
  4296.083      58.1     1.106     -0.23                                BIEMONT 
  4296.085   23.0051     2.129    -0.564                                 KURHFS 
  4296.085   23.0051     2.129    -1.125                                 KURHFS 
  4296.085   23.0051     2.129    -2.233                                 KURHFS 
  4296.087      14.0     4.950     -2.73                                        
  4296.087      24.0     4.613     -0.65                                        
  4296.100   23.0051     2.129    -0.468                                 KURHFS 
  4296.100   23.0051     2.129    -1.141                                 KURHFS 
  4296.100   23.0051     2.129    -2.313                                 KURHFS 
  4296.111      23.0     3.296     -3.73                                        
  4296.117   23.0051     2.129    -0.378                                 KURHFS 
  4296.117   23.0051     2.129    -1.223                                 KURHFS 
  4296.117   23.0051     2.129    -2.505                                 KURHFS 
  4296.137   23.0051     2.129    -0.294                                 KURHFS 
  4296.137   23.0051     2.129    -1.441                                 KURHFS 
  4296.137   23.0051     2.129    -2.894                                 KURHFS 
  4296.158      42.0     3.165     -0.84                                        
  4296.181 106.00113     0.347    -2.119               3.464            AX11R015
  4296.184 106.00112     0.348    -2.119               3.464            AX11R015
  4296.187      27.1     3.007     -4.82                                        
  4296.198      24.1     5.326     -5.35                                        
  4296.223 106.00113     0.347    -2.118               3.464            AX11R015
  4296.224      76.0     1.656     -1.71                                        
  4296.226 106.00112     0.348    -2.118               3.464            AX11R015
  4296.244 607.01214     3.329    -4.924               7.724          1314Qc0195
  4296.276      24.0     3.090     -1.58                                        
  4296.286      25.1     5.832     -5.72                                        
  4296.289 607.01214     3.329    -1.988               7.724          1314Pa0205
  4296.306      64.1     1.657     -0.20                                        
  4296.329 607.01214     3.329    -2.004               7.724          1314Pb0195
  4296.337 106.00113     1.286    -3.637               3.464            AX11R235
  4296.366      58.1     0.808     -0.71                                BIEMONT 
  4296.380      24.0     3.847     -2.65                                        
  4296.391 106.00113     1.286    -1.002               3.464            AX11Q245
  4296.392      26.0     4.188     -3.83                                        
  4296.452      72.0     0.684     -1.68                                        
  4296.456 106.00113     1.286    -1.014               3.464            AX11Q235
  4296.464 106.00113     1.214    -3.616               3.464            AX11R225
  4296.466 106.00113     1.064    -4.929               3.464            BX00P245
  4296.472 106.00113     1.359    -3.657               3.464            AX11R245
  4296.480 106.00112     1.292    -3.637               3.464            AX11R235
  4296.511 106.00113     1.286    -3.685               3.464            AX11P245
  4296.520 106.00113     1.359    -0.991               3.464            AX11Q255
  4296.525      26.0     4.555     -3.18                                        
  4296.525 106.00113     1.214    -1.014               3.464            AX11Q235
  4296.553 106.00112     1.292    -1.002               3.464            AX11Q245
  4296.572      26.1     2.702     -3.01                                        
  4296.576      26.0     4.217     -3.39                                        
  4296.578 106.00113     1.214    -1.027               3.464            AX11Q225
  4296.581      28.0     4.161     -3.19                                        
  4296.583 106.00112     1.220    -3.616               3.464            AX11R225
  4296.596 106.00113     1.359    -1.002               3.464            AX11Q245
  4296.604 106.00112     1.292    -1.014               3.464            AX11Q235
  4296.608 106.00112     0.010    -2.075               3.464            AX00R015
  4296.612      24.0     3.847     -1.00                                        
  4296.619      42.0     2.068     -1.89                                        
  4296.638 106.00113     1.214    -3.664               3.464            AX11P235
  4296.641 106.00113     0.010    -2.075               3.464            AX00R015
  4296.645 106.00113     1.359    -3.705               3.464            AX11P255
  4296.646 106.00112     1.366    -3.657               3.464            AX11R245
  4296.653 106.00112     0.010    -2.075               3.464            AX00R015
  4296.660 106.00112     1.220    -1.014               3.464            AX11Q235
  4296.677 106.00112     1.292    -3.684               3.464            AX11P245
  4296.681      58.1     0.516      0.17                              Lawler09  
  4296.681 106.00113     0.010    -2.075               3.464            AX00R015
  4296.701 106.00112     1.220    -1.027               3.464            AX11Q225
  4296.707      38.1     6.602     -0.72                                        
  4296.715 106.00112     1.366    -0.991               3.464            AX11Q255
  4296.733      40.1     1.756     -1.01                                Ljung06 
  4296.739      62.0     0.498      0.87                                        
  4296.759      26.0     4.206     -4.26                                        
  4296.763      45.0     1.675     -1.23                                        
  4296.774      26.0     4.280     -4.11                                        
  4296.776 106.00112     1.366    -1.002               3.464            AX11Q245
  4296.778 106.00112     1.220    -3.664               3.464            AX11P235
  4296.779      58.1     0.857     -0.04                              Lawler09  
  4296.806 106.00113     1.425    -1.485               3.464            AX33R165
  4296.809 106.00113     1.145    -3.595               3.464            AX11R215
  4296.826 106.00112     1.705    -5.261               3.464            AX54P165
  4296.845 106.00112     1.366    -3.704               3.464            AX11P255
  4296.864 106.00113     1.425    -1.470               3.464            AX33R175
  4296.876 106.00113     1.145    -1.027               3.464            AX11Q225
  4296.900 106.00112     0.466    -3.445               3.464            AX00R155
  4296.901 106.00113     1.425    -3.584               3.464            AX33Q175
  4296.910 106.00112     1.150    -3.595               3.464            AX11R215
  4296.917 106.00113     1.145    -1.041               3.464            AX11Q215
  4296.918      23.1     6.529     -2.92                                        
  4296.918 106.00113     1.435    -3.678               3.464            AX11R255
  4296.928 106.00113     0.463    -3.445               3.464            AX00R155
  4296.932 106.00112     0.466    -1.092               3.464            AX00Q165
  4296.955 106.00113     1.376    -1.501               3.464            AX33R155
  4296.961 106.00113     1.435    -0.982               3.464            AX11Q265
  4296.962 106.00113     0.463    -1.092               3.464            AX00Q165
  4296.970      28.0     4.150     -1.58                                        
  4296.971 106.00112     0.466    -1.115               3.464            AX00Q155
  4296.982      24.0     0.941     -5.79                                        
  4296.984 106.00113     1.145    -3.643               3.464            AX11P225
  4296.992 106.00112     1.150    -1.027               3.464            AX11Q225
  4296.999 106.00113     0.463    -1.115               3.464            AX00Q155
  4297.006 106.00112     0.466    -3.450               3.464            AX00P165
  4297.022 106.00112     1.150    -1.041               3.464            AX11Q215
  4297.025 106.00113     1.376    -1.483               3.464            AX33R165
  4297.029 106.00113     0.463    -3.450               3.464            AX00P165
  4297.046      24.0     2.707     -1.03                                        
  4297.047 106.00113     1.435    -0.991               3.464            AX11Q255
  4297.057 106.00112     1.872    -9.197               3.464            CX15R155
  4297.059 106.00113     1.376    -3.554               3.464            AX33Q165
  4297.082      23.1     6.551     -4.73                                        
  4297.089 106.00113     1.435    -3.724               3.464            AX11P265
  4297.090      22.0     3.164     -3.06                                        
  4297.097 106.00112     1.431    -1.485               3.464            AX33R165
  4297.099      23.0     1.891     -1.60                                        
  4297.104 106.00112     1.150    -3.643               3.464            AX11P225
  4297.105      92.1     0.036     -1.80                                        
  4297.128 106.00112     1.431    -1.470               3.464            AX33R175
  4297.132 106.00112     1.442    -3.678               3.464            AX11R255
  4297.145 106.00112     0.411    -3.399               3.464            AX00R145
  4297.170      64.1     1.405     -0.19                              DenHarto06
  4297.183 106.00113     0.409    -3.399               3.464            AX00R145
  4297.183 607.01214     3.338    -4.952               7.724          1314Qc0205
  4297.186      27.1     3.083     -5.24                                        
  4297.199 106.00112     1.442    -0.982               3.464            AX11Q265
  4297.203 106.00112     1.431    -3.584               3.464            AX33Q175
  4297.208 106.00112     0.411    -1.141               3.464            AX00Q145
  4297.230 607.01214     3.338    -1.973               7.724          1314Pa0215
  4297.235 106.00112     1.381    -1.501               3.464            AX33R155
  4297.243 106.00113     0.409    -1.141               3.464            AX00Q145
  4297.267 106.00112     1.442    -0.991               3.464            AX11Q255
  4297.269 607.01214     3.338    -1.988               7.724          1314Pb0205
  4297.273 106.00113     1.477    -1.472               3.464            AX33R175
  4297.277 106.00113     0.348    -2.627               3.464            AX11Q025
  4297.284 106.00112     1.381    -1.483               3.464            AX33R165
  4297.285 106.00112     0.349    -2.627               3.464            AX11Q025
  4297.285 106.00112     0.411    -1.116               3.464            AX00Q155
  4297.304 106.00113     0.348    -2.623               3.464            AX11Q025
  4297.306      90.0     1.387     -0.41                                        
  4297.315 106.00112     0.349    -2.623               3.464            AX11Q025
  4297.320 106.00113     0.409    -1.116               3.464            AX00Q155
  4297.320 106.00113     1.477    -1.460               3.464            AX33R185
  4297.333 106.00113     1.078    -3.573               3.464            AX11R205
  4297.334 106.00112     1.442    -3.724               3.464            AX11P265
  4297.340      60.1     0.204     -1.52                              DenHarto03
  4297.348 106.00112     0.411    -3.439               3.464            AX00P155
  4297.350 106.00112     1.381    -3.554               3.464            AX33Q165
  4297.359 106.00113     1.477    -3.614               3.464            AX33Q185
  4297.380 106.00113     0.409    -3.439               3.464            AX00P155
  4297.402      23.1     6.453     -2.23                                        
  4297.408 106.00113     1.078    -1.041               3.464            AX11Q215
  4297.422 106.00112     1.083    -3.573               3.464            AX11R205
  4297.435 106.00113     1.078    -1.057               3.464            AX11Q205
  4297.479 106.00113     0.348    -1.918               3.464            AX11R025
  4297.493      26.0     4.368     -3.49                                        
  4297.494 106.00112     0.349    -1.918               3.464            AX11R025
  4297.505 106.00112     1.071    -4.929               3.464            BX00P245
  4297.508 106.00112     1.083    -1.041               3.464            AX11Q215
  4297.510 106.00113     0.348    -1.918               3.464            AX11R025
  4297.510 106.00113     1.078    -3.621               3.464            AX11P215
  4297.517      28.0     3.396     -3.24                                        
  4297.523 106.00112     0.349    -1.918               3.464            AX11R025
  4297.527 106.00112     1.083    -1.057               3.464            AX11Q205
  4297.596 106.00112     1.483    -1.472               3.464            AX33R175
  4297.610      56.1     5.693     -3.65                                        
  4297.612 106.00112     1.483    -1.460               3.464            AX33R185
  4297.614 106.00112     1.083    -3.621               3.464            AX11P215
  4297.634      42.0     3.221     -1.31                                        
  4297.656 106.00113     1.329    -1.519               3.464            AX33R145
  4297.672      23.0     2.121      0.24                               LAWNOHFS 
  4297.695 106.00112     1.483    -3.614               3.464            AX33Q185
  4297.708      44.0     1.002     -0.05                                        
  4297.730 106.00113     1.513    -3.698               3.464            AX11R265
  4297.732      24.0     3.847      0.25                                        
  4297.740 106.00113     1.329    -1.498               3.464            AX33R155
  4297.755 106.00112     0.011    -2.602               3.464            AX00Q025
  4297.768 106.00113     1.513    -0.974               3.464            AX11Q275
  4297.770      59.1     0.000     -0.43                                LINOHFS 
  4297.771 106.00113     1.329    -3.523               3.464            AX33Q155
  4297.780      60.1     0.380     -0.82                              DenHarto03
  4297.780 106.00113     0.011    -2.602               3.464            AX00Q025
  4297.787 106.00112     0.011    -2.598               3.464            AX00Q025
  4297.811 106.00113     0.011    -2.598               3.464            AX00Q025
  4297.863 106.00113     1.513    -0.982               3.464            AX11Q265
  4297.894   27.0059     3.772    -2.863                                 KURHFS 
  4297.894   27.0059     3.772    -2.863                                 KURHFS 
  4297.894   27.0059     3.772    -3.164                                 KURHFS 
  4297.901 106.00113     1.513    -3.743               3.464            AX11P275
  4297.907   27.0059     3.772    -2.699                                 KURHFS 
  4297.907   27.0059     3.772    -2.725                                 KURHFS 
  4297.907   27.0059     3.772    -3.039                                 KURHFS 
  4297.924   27.0059     3.772    -2.442                                 KURHFS 
  4297.924   27.0059     3.772    -2.691                                 KURHFS 
  4297.924   27.0059     3.772    -3.289                                 KURHFS 
  4297.939 106.00112     1.334    -1.519               3.464            AX33R145
  4297.946   27.0059     3.772    -2.226                                 KURHFS 
  4297.946   27.0059     3.772    -2.852                                 KURHFS 
  4297.946   27.0059     3.772    -3.717                                 KURHFS 
  4297.968 106.00112     0.011    -1.875               3.464            AX00R025
  4297.977 106.00113     0.011    -1.875               3.464            AX00R025
  4297.998 106.00112     1.520    -3.698               3.464            AX11R265
  4297.999 106.00112     0.011    -1.876               3.464            AX00R025
  4298.004 106.00113     1.013    -3.551               3.464            AX11R195
  4298.006 106.00112     1.334    -1.498               3.464            AX33R155
  4298.025      23.0     2.113      0.11                               LAWNOHFS 
  4298.030 106.00113     0.011    -1.876               3.464            AX00R025
  4298.035      24.0     4.614     -0.19                                        
  4298.036      26.0     3.047     -1.43                              NIST/B    
  4298.062 106.00112     1.521    -0.974               3.464            AX11Q275
  4298.063 106.00112     1.334    -3.523               3.464            AX33Q155
  4298.082 106.00112     1.018    -3.551               3.464            AX11R195
  4298.086 106.00113     1.013    -1.057               3.464            AX11Q205
  4298.097      26.0     3.045     -5.89                                        
  4298.099 106.00113     1.013    -1.074               3.464            AX11Q195
  4298.138 106.00112     1.520    -0.982               3.464            AX11Q265
  4298.141 607.01214     3.347    -4.980               7.724          1314Qc0215
  4298.171      24.0     4.443     -0.80                                        
  4298.175 106.00112     1.018    -1.057               3.464            AX11Q205
  4298.178      22.0     3.059     -2.18                                        
  4298.179      20.0     4.776     -3.39                                        
  4298.181 106.00113     1.013    -3.599               3.464            AX11P205
  4298.188      20.0     4.760     -2.47                                        
  4298.190 607.01214     3.347    -1.959               7.724          1314Pa0225
  4298.193 106.00112     1.018    -1.074               3.464            AX11Q195
  4298.201      26.0     3.109     -1.52                                        
  4298.202 106.00112     1.521    -3.743               3.464            AX11P275
  4298.222      23.0     2.573     -1.33                                        
  4298.227 607.01214     3.347    -1.973               7.724          1314Pb0215
  4298.263      25.0     4.270     -1.04                                        
  4298.273 106.00112     1.018    -3.599               3.464            AX11P205
  4298.283      74.1     2.879     -1.36                                        
  4298.296      28.0     3.594     -4.56                                        
  4298.328      30.0     5.791     -2.13                                        
  4298.340      20.0     6.022     -6.49                                        
  4298.352      28.0     3.895     -1.77                                        
  4298.364      69.0     1.625     -0.05                                        
  4298.369      22.0     2.504     -2.79                                        
  4298.424 106.00113     1.531    -1.462               3.464            AX33R185
  4298.429      64.1     1.710     -0.65                                        
  4298.462 106.00113     1.531    -1.453               3.464            AX33R195
  4298.500 106.00113     1.531    -3.643               3.464            AX33Q195
  4298.507      28.0     3.838     -1.39                                        
  4298.580      60.1     0.559     -1.97                              DenHarto03
  4298.623 106.00113     1.377    -1.483               3.464            AX33R165
  4298.663 106.00113     1.426    -1.470               3.464            AX33R175
  4298.666      22.0     0.818     -0.11                                 LAWLER 
  4298.695      25.0     4.270     -2.85                                        
  4298.698      26.0     3.366     -2.75                                        
  4298.701 106.00113     1.377    -1.501               3.464            AX33R155
  4298.729      63.0     1.707      0.24                                        
  4298.730 106.00113     1.377    -3.527               3.464            AX33Q165
  4298.746      24.0     2.965     -2.65                                        
  4298.747 106.00112     0.412    -3.417               3.464            AX00R145
  4298.760      28.0     0.422     -4.65                                        
  4298.766 106.00113     0.410    -3.417               3.464            AX00R145
  4298.772 106.00113     1.426    -1.485               3.464            AX33R165
  4298.785 106.00113     1.426    -3.556               3.464            AX33Q175
  4298.789 106.00112     1.382    -1.483               3.464            AX33R165
  4298.789 106.00113     0.952    -3.527               3.464            AX11R185
  4298.797 106.00112     0.412    -1.116               3.464            AX00Q155
  4298.801 106.00112     1.432    -1.470               3.464            AX33R175
  4298.811 106.00113     0.410    -1.116               3.464            AX00Q155
  4298.813 106.00112     0.412    -1.141               3.464            AX00Q145
  4298.821 106.00112     1.538    -1.462               3.464            AX33R185
  4298.822 106.00112     1.538    -1.453               3.464            AX33R195
  4298.822 106.00113     0.410    -1.141               3.464            AX00Q145
  4298.826 106.00112     1.382    -1.501               3.464            AX33R155
  4298.828      90.1     1.547     -1.01                                        
  4298.849 106.00113     0.692    -1.909               3.464            AX22R035
  4298.853 106.00113     1.285    -1.540               3.464            AX33R135
  4298.855 106.00112     1.382    -3.527               3.464            AX33Q165
  4298.859 106.00112     0.412    -3.423               3.464            AX00P155
  4298.860 106.00112     1.432    -1.485               3.464            AX33R165
  4298.861 106.00112     0.956    -3.527               3.464            AX11R185
  4298.874 106.00113     0.410    -3.423               3.464            AX00P155
  4298.876 106.00112     1.432    -3.556               3.464            AX33Q175
  4298.877 106.00113     0.952    -1.092               3.464            AX11Q185
  4298.880 106.00113     0.952    -1.074               3.464            AX11Q195
  4298.884      42.0     2.258     -1.95                                        
  4298.908      66.0     1.238     -0.18                                        
  4298.913 106.00112     1.538    -3.643               3.464            AX33Q195
  4298.926 106.00112     0.694    -1.909               3.464            AX22R035
  4298.954 106.00113     1.285    -1.516               3.464            AX33R145
  4298.962 106.00112     0.956    -1.074               3.464            AX11Q195
  4298.962 106.00112     0.956    -1.092               3.464            AX11Q185
  4298.968 106.00113     0.952    -3.575               3.464            AX11P195
  4298.973 106.00113     1.593    -3.719               3.464            AX11R275
  4298.981 106.00113     1.285    -3.491               3.464            AX33Q145
  4298.989 106.00113     0.692    -1.909               3.464            AX22R035
  4298.990      20.0     1.886     -0.41                              NIST/C+   
  4299.006 106.00113     1.593    -0.967               3.464            AX11Q285
  4299.051 106.00112     0.956    -3.575               3.464            AX11P195
  4299.068 106.00112     0.694    -1.909               3.464            AX22R035
  4299.072      23.0     2.576     -0.47                                        
  4299.087      58.1     0.495     -1.11                              Lawler09  
  4299.098 106.00112     0.361    -3.369               3.464            AX00R135
  4299.108 106.00113     1.697   -11.972               3.464            CX04R175
  4299.109      23.1     3.800     -4.44                                        
  4299.110 106.00113     1.593    -0.974               3.464            AX11Q275
  4299.118      26.0     4.188     -2.56                                        
  4299.118 607.01214     3.356    -5.007               7.724          1314Qc0225
  4299.124 106.00113     0.359    -3.369               3.464            AX00R135
  4299.133      62.0     0.036     -1.19                                        
  4299.142 106.00113     1.593    -3.763               3.464            AX11P285
  4299.144 106.00112     1.289    -1.540               3.464            AX33R135
  4299.146 607.01314     3.439    -2.409               7.724          1415Rb0155
  4299.149 106.00112     0.361    -1.170               3.464            AX00Q135
  4299.149 106.00113     1.330    -1.498               3.464            AX33R155
  4299.150 607.01314     3.446    -2.393               7.724          1415Rb0165
  4299.170 607.01214     3.356    -1.947               7.724          1314Pa0235
  4299.173 106.00113     0.359    -1.170               3.464            AX00Q135
  4299.176      22.0     0.825     -3.94                                        
  4299.196 607.01314     3.439    -5.133               7.724          1415Qd0165
  4299.197 106.00113     1.330    -1.519               3.464            AX33R145
  4299.203 607.01214     3.356    -1.959               7.724          1314Pb0225
  4299.203 607.01314     3.446    -5.165               7.724          1415Qd0175
  4299.206      22.0     1.748     -0.12                                 LAWLER 
  4299.219 607.01314     3.433    -2.428               7.724          1415Rb0145
  4299.231 106.00112     1.289    -1.516               3.464            AX33R145
  4299.235      26.0     2.425     -0.41                              NIST/B+   
  4299.240      26.0     3.265     -2.54                                        
  4299.241 106.00113     1.330    -3.498               3.464            AX33Q155
  4299.246 607.01314     3.453    -2.378               7.724          1415Rb0175
  4299.251 106.00112     0.361    -1.142               3.464            AX00Q145
  4299.266 607.01314     3.433    -5.100               7.724          1415Qd0155
  4299.274 106.00113     0.359    -1.142               3.464            AX00Q145
  4299.279 106.00112     1.289    -3.491               3.464            AX33Q145
  4299.291      64.0     0.790      0.23                                        
  4299.302 106.00112     0.361    -3.410               3.464            AX00P145
  4299.302 607.01314     3.453    -5.196               7.724          1415Qd0185
  4299.310 106.00112     1.601    -3.719               3.464            AX11R275
  4299.324 106.00113     0.359    -3.410               3.464            AX00P145
  4299.332 106.00113     1.478    -1.460               3.464            AX33R185
  4299.349 106.00112     1.335    -1.498               3.464            AX33R155
  4299.350      62.1     0.543     -1.51                              Lawler06  
  4299.354 607.01314     3.439    -2.393               7.724          1415Ra0165
  4299.357      58.1     0.175     -0.56                              Lawler09  
  4299.357 607.01314     3.427    -2.449               7.724          1415Rb0135
  4299.363 106.00112     1.335    -1.519               3.464            AX33R145
  4299.372 106.00112     1.601    -0.967               3.464            AX11Q285
  4299.382   23.0051     2.364    -7.867                                 KURHFS 
  4299.382 607.01314     3.446    -2.378               7.724          1415Ra0175
  4299.383   23.0051     2.364    -7.604                                 KURHFS 
  4299.383   23.0051     2.364    -7.800                                 KURHFS 
  4299.384   23.0051     2.364    -7.400                                 KURHFS 
  4299.384   23.0051     2.364    -7.604                                 KURHFS 
  4299.384   23.0051     2.364    -8.499                                 KURHFS 
  4299.386   23.0051     2.364    -7.230                                 KURHFS 
  4299.386   23.0051     2.364    -7.499                                 KURHFS 
  4299.386   23.0051     2.364    -8.344                                 KURHFS 
  4299.388   23.0051     2.364    -7.084                                 KURHFS 
  4299.388   23.0051     2.364    -7.452                                 KURHFS 
  4299.388   23.0051     2.364    -8.344                                 KURHFS 
  4299.390 106.00113     0.692    -2.915               3.464            AX22Q045
  4299.391   23.0051     2.364    -6.955                                 KURHFS 
  4299.391   23.0051     2.364    -7.458                                 KURHFS 
  4299.391   23.0051     2.364    -8.441                                 KURHFS 
  4299.395   23.0051     2.364    -6.839                                 KURHFS 
  4299.395   23.0051     2.364    -7.531                                 KURHFS 
  4299.395   23.0051     2.364    -8.645                                 KURHFS 
  4299.399   23.0051     2.364    -6.734                                 KURHFS 
  4299.399   23.0051     2.364    -7.742                                 KURHFS 
  4299.399   23.0051     2.364    -9.043                                 KURHFS 
  4299.400 607.01314     3.427    -5.065               7.724          1415Qd0145
  4299.405 607.01314     3.433    -2.409               7.724          1415Ra0155
  4299.406 106.00112     1.335    -3.498               3.464            AX33Q155
  4299.442 106.00113     0.339    -2.331               3.464            AX11R005
  4299.451 607.01314     3.460    -2.365               7.724          1415Rb0185
  4299.454 106.00112     1.601    -0.974               3.464            AX11Q275
  4299.458 106.00112     1.484    -1.460               3.464            AX33R185
  4299.466 106.00113     0.339    -2.331               3.464            AX11R005
  4299.467      26.0     3.249     -3.09                                        
  4299.471 106.00112     0.694    -2.915               3.464            AX22Q045
  4299.471 106.00113     1.478    -1.472               3.464            AX33R175
  4299.471 106.00113     1.478    -3.584               3.464            AX33Q185
  4299.482 106.00112     0.340    -2.331               3.464            AX11R005
  4299.493 106.00113     0.692    -1.811               3.464            AX22R045
  4299.502 106.00112     0.340    -2.331               3.464            AX11R005
  4299.502 106.00113     0.692    -2.908               3.464            AX22Q045
  4299.503 607.01314     3.453    -2.365               7.724          1415Ra0185
  4299.506 106.00113     1.216    -1.014               3.464            AX11Q235
  4299.509 607.01314     3.460    -5.227               7.724          1415Qd0195
  4299.513      24.0     4.204     -1.83                                        
  4299.516 106.00112     1.601    -3.763               3.464            AX11P285
  4299.522 607.01314     3.427    -2.428               7.724          1415Ra0145
  4299.537 106.00112     1.484    -1.472               3.464            AX33R175
  4299.540 106.00113     1.216    -3.642               3.464            AX11R225
  4299.541 106.00112     1.484    -3.584               3.464            AX33Q185
  4299.549 607.01314     3.422    -2.473               7.724          1415Rb0125
  4299.561      24.0     4.444     -4.18                                        
  4299.578 106.00112     0.694    -1.811               3.464            AX22R045
  4299.580 106.00113     1.288    -1.002               3.464            AX11Q245
  4299.584 106.00112     0.694    -2.908               3.464            AX22Q045
  4299.586 106.00113     1.015    -5.810               3.464            BX11R205
  4299.588      41.0     0.656     -0.74                                        
  4299.590 607.01314     3.422    -5.029               7.724          1415Qd0135
  4299.603      22.1     5.229     -2.30                                        
  4299.605 106.00113     0.692    -1.812               3.464            AX22R045
  4299.619 106.00113     1.216    -3.640               3.464            AX11P235
  4299.620 106.00113     1.288    -3.664               3.464            AX11R235
  4299.629      22.0     0.825     -0.91                                 LAWLER 
  4299.629      26.0     3.018     -2.18                              NIST/B    
  4299.645       6.0     7.940     -3.88                                        
  4299.652 106.00113     1.147    -1.027               3.464            AX11Q225
  4299.654 106.00113     1.216    -1.027               3.464            AX11Q225
  4299.660 106.00112     1.222    -1.014               3.464            AX11Q235
  4299.664 106.00113     0.892    -3.503               3.464            AX11R175
  4299.680 106.00113     1.147    -3.620               3.464            AX11R215
  4299.689 106.00112     0.694    -1.812               3.464            AX22R045
  4299.690      60.1     0.182     -1.34                              DenHarto03
  4299.696 607.01314     3.422    -2.449               7.724          1415Ra0135
  4299.699 106.00113     1.288    -3.659               3.464            AX11P245
  4299.702      24.0     2.897     -1.04                                 SOBECK 
  4299.704 106.00112     1.222    -3.642               3.464            AX11R225
  4299.731 106.00112     0.896    -3.503               3.464            AX11R175
  4299.736 607.01314     3.460    -2.354               7.724          1415Ra0195
  4299.739 106.00113     1.288    -1.014               3.464            AX11Q235
  4299.742 106.00113     0.892    -1.112               3.464            AX11Q175
  4299.757 106.00112     1.294    -1.002               3.464            AX11Q245
  4299.760 106.00113     1.147    -3.620               3.464            AX11P225
  4299.764 106.00113     0.892    -1.092               3.464            AX11Q185
  4299.777 106.00112     1.222    -3.640               3.464            AX11P235
  4299.784 607.01314     3.468    -2.354               7.724          1415Rb0195
  4299.788 106.00113     1.147    -1.041               3.464            AX11Q215
  4299.788 607.01314     3.417    -2.499               7.724          1415Rb0115
  4299.789 106.00112     1.152    -1.027               3.464            AX11Q225
  4299.809 106.00112     1.294    -3.664               3.464            AX11R235
  4299.822 106.00112     1.222    -1.027               3.464            AX11Q225
  4299.825 106.00112     1.152    -3.620               3.464            AX11R215
  4299.825 607.01314     3.417    -4.991               7.724          1415Qd0125
  4299.826 106.00112     0.896    -1.112               3.464            AX11Q175
  4299.839      90.0     1.387     -0.22                                        
  4299.840 106.00113     0.663    -3.188               3.464            AX22R015
  4299.840 106.00113     0.663    -3.194               3.464            AX22R015
  4299.844 106.00112     0.896    -1.092               3.464            AX11Q185
  4299.844 106.00113     0.892    -3.551               3.464            AX11P185
  4299.846 607.01314     3.468    -5.257               7.724          1415Qd0205
  4299.880 106.00112     1.294    -3.659               3.464            AX11P245
  4299.892      24.0     3.102     -1.84                                        
  4299.900 106.00112     1.152    -3.620               3.464            AX11P225
  4299.916      75.0     2.968     -0.65                                        
  4299.918 106.00112     0.665    -3.194               3.464            AX22R015
  4299.918 106.00113     1.362    -0.992               3.464            AX11Q255
  4299.918 607.01314     3.417    -2.473               7.724          1415Ra0125
  4299.921 106.00112     0.665    -3.188               3.464            AX22R015
  4299.921 106.00112     0.896    -3.551               3.464            AX11P185
  4299.931 106.00112     1.294    -1.014               3.464            AX11Q235
  4299.936 106.00112     1.152    -1.041               3.464            AX11Q215
  4299.963 106.00113     1.362    -3.686               3.464            AX11R245
  4299.981 106.00113     1.080    -1.041               3.464            AX11Q215
  4300.001 106.00113     1.080    -3.597               3.464            AX11R205
  4300.002 106.00113     1.946    -5.792               3.464            AX32P285
  4300.042      22.1     1.179     -0.46                                 LAWLER 
  4300.042 106.00113     1.362    -3.679               3.464            AX11P255
  4300.066 607.01314     3.412    -2.529               7.724          1415Rb0105
  4300.083 106.00113     1.080    -3.599               3.464            AX11P215
  4300.087 106.00113     1.362    -1.002               3.464            AX11Q245
  4300.101 607.01314     3.412    -4.952               7.724          1415Qd0115
  4300.103 106.00113     1.080    -1.057               3.464            AX11Q205
  4300.104 106.00112     1.085    -1.041               3.464            AX11Q215
  4300.116 607.01214     3.366    -5.034               7.724          1314Qc0235
  4300.121      26.0     3.036     -6.25                                        
  4300.123 106.00112     1.368    -0.992               3.464            AX11Q255
  4300.125      24.0     4.102     -3.67                                        
  4300.131 106.00112     1.085    -3.597               3.464            AX11R205
  4300.169 607.01214     3.366    -1.936               7.724          1314Pa0245
  4300.172      20.0     5.916     -3.93                                        
  4300.179   27.0059     3.927    -3.389                                 KURHFS 
  4300.180 607.01314     3.412    -2.499               7.724          1415Ra0115
  4300.182 106.00112     1.368    -3.686               3.464            AX11R245
  4300.185   27.0059     3.927    -3.271                                 KURHFS 
  4300.185   27.0059     3.927    -3.841                                 KURHFS 
  4300.186 106.00113     1.286    -1.516               3.464            AX33R145
  4300.189      25.0     4.636     -0.62                                        
  4300.194   27.0059     3.927    -3.153                                 KURHFS 
  4300.194   27.0059     3.927    -3.630                                 KURHFS 
  4300.194   27.0059     3.927    -4.841                                 KURHFS 
  4300.200 607.01214     3.366    -1.947               7.724          1314Pb0235
  4300.203 106.00113     1.286    -1.540               3.464            AX33R135
  4300.206   27.0059     3.927    -3.041                                 KURHFS 
  4300.206   27.0059     3.927    -3.534                                 KURHFS 
  4300.206   27.0059     3.927    -4.634                                 KURHFS 
  4300.207      26.0     3.882     -1.79                              NIST/E    
  4300.209 106.00112     1.085    -3.599               3.464            AX11P215
  4300.221   27.0059     3.927    -2.937                                 KURHFS 
  4300.221   27.0059     3.927    -3.498                                 KURHFS 
  4300.221   27.0059     3.927    -4.606                                 KURHFS 
  4300.236 106.00112     1.085    -1.057               3.464            AX11Q205
  4300.240   27.0059     3.927    -2.841                                 KURHFS 
  4300.240   27.0059     3.927    -3.514                                 KURHFS 
  4300.240   27.0059     3.927    -4.686                                 KURHFS 
  4300.249      25.1     5.376     -2.88                                        
  4300.252 106.00112     1.368    -3.678               3.464            AX11P255
  4300.261   27.0059     3.927    -2.751                                 KURHFS 
  4300.261   27.0059     3.927    -3.596                                 KURHFS 
  4300.261   27.0059     3.927    -4.878                                 KURHFS 
  4300.264 106.00113     1.286    -3.467               3.464            AX33Q145
  4300.265      24.0     4.201     -1.46                                        
  4300.283 106.00113     0.002    -2.291               3.464            AX00R005
  4300.286   27.0059     3.927    -2.667                                 KURHFS 
  4300.286   27.0059     3.927    -3.814                                 KURHFS 
  4300.286   27.0059     3.927    -5.267                                 KURHFS 
  4300.301 106.00112     0.002    -2.291               3.464            AX00R005
  4300.310 106.00112     1.368    -1.002               3.464            AX11Q245
  4300.321 106.00113     0.002    -2.291               3.464            AX00R005
  4300.324 106.00112     0.002    -2.291               3.464            AX00R005
  4300.328      58.1     0.445     -0.21                              Lawler09  
  4300.332      25.1     5.811     -4.76                                        
  4300.333 106.00113     1.588    -1.455               3.464            AX33R195
  4300.364 106.00113     1.588    -1.449               3.464            AX33R205
  4300.379 607.01314     3.408    -2.562               7.724          1415Rb0095
  4300.402 106.00113     1.588    -3.673               3.464            AX33Q205
  4300.403      24.0     4.614     -2.55                                        
  4300.407 106.00112     1.290    -1.540               3.464            AX33R135
  4300.410 607.01314     3.408    -4.909               7.724          1415Qd0105
  4300.413   57.1139     0.000    -2.802                              Lawle01HFS
  4300.414   57.1139     0.000    -2.978                              Lawle01HFS
  4300.418 106.00112     1.290    -1.516               3.464            AX33R145
  4300.419   57.1139     0.000    -2.629                              Lawle01HFS
  4300.419   57.1139     0.000    -4.729                              Lawle01HFS
  4300.420   57.1139     0.000    -2.802                              Lawle01HFS
  4300.426   57.1139     0.000    -2.618                              Lawle01HFS
  4300.427      22.0     3.173     -1.67                                        
  4300.427   57.1139     0.000    -3.300                              Lawle01HFS
  4300.428   57.1139     0.000    -2.629                              Lawle01HFS
  4300.436   57.1139     0.000    -2.776                              Lawle01HFS
  4300.437   57.1139     0.000    -2.604                              Lawle01HFS
  4300.438   57.1139     0.000    -2.618                              Lawle01HFS
  4300.446      20.0     6.041     -1.13                                        
  4300.446      23.1     5.533     -2.93                                        
  4300.450   57.1139     0.000    -2.206                              Lawle01HFS
  4300.451   57.1139     0.000    -2.776                              Lawle01HFS
  4300.459 106.00113     1.015    -1.057               3.464            AX11Q205
  4300.465      23.1     6.096     -4.69                                        
  4300.466 106.00112     1.290    -3.467               3.464            AX33Q145
  4300.471 106.00113     1.015    -3.574               3.464            AX11R195
  4300.479 607.01314     3.408    -2.529               7.724          1415Ra0105
  4300.485      22.0     2.159     -0.63                                 LAWLER 
  4300.496 106.00113     1.243    -1.563               3.464            AX33R125
  4300.502      24.0     3.432     -0.43                                        
  4300.519      20.0     6.024     -4.91                                        
  4300.519 106.00112     0.362    -3.386               3.464            AX00R135
  4300.520      26.0     2.607     -3.89                                        
  4300.526      26.0     3.234     -7.14                                        
  4300.528 106.00113     0.360    -3.386               3.464            AX00R135
  4300.554      22.0     0.825      0.10                                 LAWLER 
  4300.555 106.00113     1.015    -3.578               3.464            AX11P205
  4300.566 106.00113     1.015    -1.074               3.464            AX11Q195
  4300.568 106.00112     0.362    -1.170               3.464            AX00Q135
  4300.569 106.00113     1.438    -0.982               3.464            AX11Q265
  4300.572 106.00112     1.020    -1.057               3.464            AX11Q205
  4300.580 106.00113     0.360    -1.170               3.464            AX00Q135
  4300.583      20.0     6.041     -4.09                                        
  4300.585 106.00112     0.362    -1.142               3.464            AX00Q145
  4300.588 106.00112     1.020    -3.574               3.464            AX11R195
  4300.597 106.00113     0.360    -1.142               3.464            AX00Q145
  4300.603 106.00113     0.836    -3.478               3.464            AX11R165
  4300.616 106.00113     1.243    -1.536               3.464            AX33R135
  4300.618 106.00113     1.438    -3.707               3.464            AX11R255
  4300.638 106.00113     1.243    -3.457               3.464            AX33Q135
  4300.639 106.00112     0.362    -3.395               3.464            AX00P145
  4300.643      20.0     6.041     -3.48                                        
  4300.645 106.00113     0.360    -3.395               3.464            AX00P145
  4300.652      22.1     5.212     -2.96                                        
  4300.667 106.00112     0.840    -3.478               3.464            AX11R165
  4300.669 106.00112     1.020    -3.578               3.464            AX11P205
  4300.675 106.00113     0.836    -1.134               3.464            AX11Q165
  4300.686 106.00112     1.020    -1.074               3.464            AX11Q195
  4300.698 106.00113     1.438    -3.697               3.464            AX11P265
  4300.699 106.00113     1.533    -1.453               3.464            AX33R195
  4300.712 106.00113     0.836    -1.112               3.464            AX11Q175
  4300.718 106.00113     1.675    -3.740               3.464            AX11R285
  4300.721 607.01314     3.404    -2.600               7.724          1415Rb0085
  4300.745 106.00113     1.675    -0.962               3.464            AX11Q295
  4300.747 106.00112     0.840    -1.134               3.464            AX11Q165
  4300.747 106.00113     1.438    -0.992               3.464            AX11Q255
  4300.750 607.01314     3.404    -4.863               7.724          1415Qd0095
  4300.780      23.0     3.313     -4.06                                        
  4300.782 106.00112     0.840    -1.112               3.464            AX11Q175
  4300.785 106.00113     0.836    -3.526               3.464            AX11P175
  4300.794 106.00112     1.247    -1.563               3.464            AX33R125
  4300.808 607.01314     3.404    -2.563               7.724          1415Ra0095
  4300.811 106.00112     1.445    -0.982               3.464            AX11Q265
  4300.824      26.0     3.981     -1.19                                        
  4300.846 106.00112     1.539    -1.453               3.464            AX33R195
  4300.854 106.00113     1.533    -3.612               3.464            AX33Q195
  4300.857 106.00112     0.840    -3.526               3.464            AX11P175
  4300.858 106.00113     1.675    -0.968               3.464            AX11Q285
  4300.860 106.00112     1.595    -1.449               3.464            AX33R205
  4300.863      58.1     0.811     -1.07                              Lawler09  
  4300.867 106.00113     1.533    -1.462               3.464            AX33R185
  4300.873 106.00112     1.595    -1.455               3.464            AX33R195
  4300.875 106.00112     1.445    -3.707               3.464            AX11R255
  4300.876 106.00113     1.748    -5.198               3.464            AX54P175
  4300.886 106.00113     1.675    -3.782               3.464            AX11P295
  4300.904 106.00112     1.248    -1.536               3.464            AX33R135
  4300.937 106.00112     1.539    -3.612               3.464            AX33Q195
  4300.943 106.00112     1.248    -3.457               3.464            AX33Q135
  4300.944 106.00112     1.445    -3.697               3.464            AX11P265
  4300.944 106.00112     1.539    -1.462               3.464            AX33R185
  4300.959 106.00112     0.314    -3.338               3.464            AX00R125
  4300.959 106.00112     1.595    -3.673               3.464            AX33Q205
  4300.973 106.00113     0.312    -3.338               3.464            AX00R125
  4300.981      41.0     0.739     -0.66                                        
  4300.994   27.0059     3.620    -1.827                                 KURHFS 
  4300.994   27.0059     3.620    -2.526                                 KURHFS 
  4300.999 106.00112     0.314    -1.201               3.464            AX00Q125
