a line list in the range:    4209.00   4221.00
  4209.038 607.01214     0.253    -2.778               7.724          0001Qc0005
  4209.039 607.01214     0.254    -2.477               7.724          0001Pa0015
  4209.094      24.1     5.315     -3.42                                        
  4209.096      20.0     6.013     -3.77                                        
  4209.098 106.00113     0.871    -4.109               3.464            AX22R115
  4209.099      23.1     4.017     -1.83                                        
  4209.116      22.0     2.486     -5.44                                        
  4209.137      25.1     5.544     -3.67                                        
  4209.155 106.00112     1.611    -4.313               3.464            AX54Q145
  4209.162      23.1     6.491     -2.99                                        
  4209.176      24.0     3.847     -1.27                                        
  4209.187 106.00112     1.611    -2.571               3.464            AX54P145
  4209.203      20.0     5.827     -4.53                                        
  4209.209      24.0     4.821     -3.12                                        
  4209.220 607.01314     2.858    -4.329               7.724          1112Qc0205
  4209.237 607.01314     2.858    -1.383               7.724          1112Pb0205
  4209.248      23.0     2.676     -2.51                                        
  4209.248 607.01314     2.858    -1.364               7.724          1112Pa0215
  4209.267 106.00112     1.611    -2.511               3.464            AX54P155
  4209.362      24.0     3.847     -0.26                                        
  4209.370 607.01214     0.689    -4.531               7.724          0001Qc0425
  4209.388      23.1     5.808     -4.48                                        
  4209.401   27.0059     3.512    -4.240                                 KURHFS 
  4209.401   27.0059     3.512    -4.307                                 KURHFS 
  4209.401   27.0059     3.512    -4.939                                 KURHFS 
  4209.406      58.1     0.683     -0.61                              Lawler09  
  4209.410   27.0059     3.512    -4.044                                 KURHFS 
  4209.410   27.0059     3.512    -4.044                                 KURHFS 
  4209.410   27.0059     3.512    -4.784                                 KURHFS 
  4209.425   27.0059     3.512    -3.840                                 KURHFS 
  4209.425   27.0059     3.512    -3.939                                 KURHFS 
  4209.425   27.0059     3.512    -4.784                                 KURHFS 
  4209.425 607.01214     0.689    -0.945               7.724          0001Pa0435
  4209.444   27.0059     3.512    -3.670                                 KURHFS 
  4209.444   27.0059     3.512    -3.892                                 KURHFS 
  4209.444   27.0059     3.512    -4.881                                 KURHFS 
  4209.468   27.0059     3.512    -3.524                                 KURHFS 
  4209.468   27.0059     3.512    -3.898                                 KURHFS 
  4209.468   27.0059     3.512    -5.085                                 KURHFS 
  4209.486 106.00112     0.958    -1.311               3.464            AX11R195
  4209.490 607.01214     0.689    -0.956               7.724          0001Pb0425
  4209.497   27.0059     3.512    -3.395                                 KURHFS 
  4209.497   27.0059     3.512    -3.971                                 KURHFS 
  4209.497   27.0059     3.512    -5.483                                 KURHFS 
  4209.517 607.01214     2.820    -2.597               7.724          1112Ra0005
  4209.522 607.01214     2.820    -2.898               7.724          1112Qd0005
  4209.530   27.0059     3.512    -3.279                                 KURHFS 
  4209.530   27.0059     3.512    -4.182                                 KURHFS 
  4209.568   27.0059     3.512    -3.174                                 KURHFS 
  4209.571      20.0     5.979     -4.20                                        
  4209.581 106.00112     0.958    -3.532               3.464            AX11Q195
  4209.586 106.00112     0.958    -1.328               3.464            AX11R185
  4209.601      24.1     6.280     -2.87                                        
  4209.601      26.0     4.100     -3.06                                        
  4209.616 106.00112     2.221    -7.108               3.464            CX25P215
  4209.642      42.1     3.111     -1.00                                        
  4209.659      24.0     4.532     -2.50                                        
  4209.667      20.0     5.979     -4.94                                        
  4209.669 607.01214     0.254    -3.176               7.724          0001Qc0015
  4209.673 607.01214     0.254    -2.221               7.724          0001Pa0025
  4209.673 607.01214     0.254    -2.477               7.724          0001Pb0015
  4209.674      25.0     4.675     -1.52                                        
  4209.715      24.0     3.102     -2.66                                        
  4209.743      72.0     1.802     -0.38                                        
  4209.759      23.1     1.674     -1.94                                        
  4209.807      24.1     5.666     -1.81                                        
  4209.829      26.0     4.317     -1.55                                        
  4209.847   25.0055     2.939    -6.537                                 KURHFS 
  4209.847   25.0055     2.939    -7.014                                 KURHFS 
  4209.847 106.00112     1.755    -4.183               3.464            AX54R175
  4209.848   25.0055     2.939    -6.912                                 KURHFS 
  4209.848   25.0055     2.939    -6.912                                 KURHFS 
  4209.848   25.0055     2.939    -7.014                                 KURHFS 
  4209.848   25.0055     2.939    -7.044                                 KURHFS 
  4209.848   25.0055     2.939    -7.044                                 KURHFS 
  4209.848   25.0055     2.939    -7.086                                 KURHFS 
  4209.848   25.0055     2.939    -7.412                                 KURHFS 
  4209.848   25.0055     2.939    -8.621                                 KURHFS 
  4209.849 106.00112     1.755    -1.860               3.464            AX54Q185
  4209.850 106.00113     0.953    -1.311               3.464            AX11R195
  4209.853      23.0     0.300     -1.38                               LAWNOHFS 
  4209.861 106.00112     0.734    -1.976               3.464            BX11P145
  4209.874      20.0     5.828     -3.75                                        
  4209.881 607.01314     2.867    -4.352               7.724          1112Qc0215
  4209.898 607.01314     2.867    -1.364               7.724          1112Pb0215
  4209.907      22.0     1.748     -3.65                                        
  4209.907 106.00113     1.641    -6.070               3.464            AX32P245
  4209.907 607.01314     2.867    -1.347               7.724          1112Pa0225
  4209.910      26.0     4.100     -2.21                                        
  4209.910 106.00112     1.755    -1.912               3.464            AX54Q175
  4209.912 106.00112     1.755    -4.352               3.464            AX54P185
  4209.917 106.00112     0.734    -6.936               3.464            BX11Q145
  4209.941 106.00113     0.953    -1.328               3.464            AX11R185
  4209.942 106.00113     0.953    -3.532               3.464            AX11Q195
  4209.956      24.0     3.885     -4.19                                        
  4209.989 607.01214     0.670    -4.521               7.724          0001Qc0415
  4209.992      58.1     0.655     -1.10                                        
  4210.022      26.0     3.271     -6.74                                        
  4210.023      22.0     2.159     -2.88                                        
  4210.031 106.00113     1.523    -5.267               3.464            AX54P125
  4210.043 607.01214     0.670    -0.956               7.724          0001Pa0425
  4210.045 106.00112     0.734    -2.021               3.464            BX11P155
  4210.074   27.0059     3.710    -2.205                                 KURHFS 
  4210.074   27.0059     3.710    -2.460                                 KURHFS 
  4210.075   27.0059     3.710    -2.848                                 KURHFS 
  4210.076   27.0059     3.710    -2.007                                 KURHFS 
  4210.078   27.0059     3.710    -1.843                                 KURHFS 
  4210.081   27.0059     3.710    -2.593                                 KURHFS 
  4210.082   27.0059     3.710    -1.702                                 KURHFS 
  4210.084   27.0059     3.710    -2.405                                 KURHFS 
  4210.084   27.0059     3.710    -2.878                                 KURHFS 
  4210.087   27.0059     3.710    -2.314                                 KURHFS 
  4210.090   27.0059     3.710    -2.848                                 KURHFS 
  4210.092   27.0059     3.710    -2.292                                 KURHFS 
  4210.097   27.0059     3.710    -2.899                                 KURHFS 
  4210.098   27.0059     3.710    -2.346                                 KURHFS 
  4210.105   27.0059     3.710    -2.542                                 KURHFS 
  4210.105   27.0059     3.710    -3.024                                 KURHFS 
  4210.106 607.01214     0.670    -0.967               7.724          0001Pb0415
  4210.114   27.0059     3.710    -3.246                                 KURHFS 
  4210.125   27.0059     3.710    -3.656                                 KURHFS 
  4210.127      28.0     4.102     -2.48                                        
  4210.146 106.00112     1.780    -4.526               3.464            AX43Q225
  4210.179      23.1     5.471     -2.14                                        
  4210.198      28.0     3.831     -3.35                                        
  4210.216 106.00112     1.780    -2.414               3.464            AX43P235
  4210.233      58.1     0.792     -1.44                              Lawler09  
  4210.244 106.00112     1.780    -2.495               3.464            AX43P225
  4210.250      24.0     3.847      0.22                                        
  4210.251      26.0     4.383     -2.78                                        
  4210.271 607.01214     0.256    -3.368               7.724          0001Qc0025
  4210.277 607.01214     0.256    -2.066               7.724          0001Pa0035
  4210.277 607.01214     0.256    -2.221               7.724          0001Pb0025
  4210.296 106.00112     0.126    -3.998               3.464            AX00R085
  4210.340      62.1     0.104     -0.96                              Lawler06  
  4210.344      26.0     2.482     -0.93                              NIST/B    
  4210.383      26.0     3.071     -1.24                              NIST/B    
  4210.393   23.0051     2.294    -2.642                                 KURHFS 
  4210.394   23.0051     2.294    -2.524                                 KURHFS 
  4210.394   23.0051     2.294    -3.094                                 KURHFS 
  4210.395   23.0051     2.294    -2.406                                 KURHFS 
  4210.395   23.0051     2.294    -2.883                                 KURHFS 
  4210.395   23.0051     2.294    -4.094                                 KURHFS 
  4210.397   23.0051     2.294    -2.294                                 KURHFS 
  4210.397   23.0051     2.294    -2.787                                 KURHFS 
  4210.397   23.0051     2.294    -3.887                                 KURHFS 
  4210.399   23.0051     2.294    -2.190                                 KURHFS 
  4210.399   23.0051     2.294    -2.751                                 KURHFS 
  4210.399   23.0051     2.294    -3.859                                 KURHFS 
  4210.401   23.0051     2.294    -2.094                                 KURHFS 
  4210.401   23.0051     2.294    -2.767                                 KURHFS 
  4210.401   23.0051     2.294    -3.939                                 KURHFS 
  4210.404   23.0051     2.294    -2.004                                 KURHFS 
  4210.404   23.0051     2.294    -2.849                                 KURHFS 
  4210.404   23.0051     2.294    -4.131                                 KURHFS 
  4210.407   23.0051     2.294    -1.920                                 KURHFS 
  4210.407   23.0051     2.294    -3.067                                 KURHFS 
  4210.407   23.0051     2.294    -4.520                                 KURHFS 
  4210.433      23.0     1.891     -2.09                                        
  4210.437      24.0     3.847     -2.27                                        
  4210.441      92.1     0.217     -1.86                                        
  4210.464 106.00112     1.612    -4.339               3.464            AX54Q145
  4210.493      25.0     4.350     -3.87                                        
  4210.495      23.1     1.686     -5.01                                        
  4210.496 106.00112     1.612    -2.571               3.464            AX54P145
  4210.501 106.00112     1.612    -2.511               3.464            AX54P155
  4210.514      25.0     4.675     -1.36                                        
  4210.550 607.01314     2.876    -4.375               7.724          1112Qc0225
  4210.568 607.01314     2.876    -1.347               7.724          1112Pb0225
  4210.571      25.0     4.350     -1.68                                        
  4210.577 607.01214     0.650    -4.511               7.724          0001Qc0405
  4210.579 607.01314     2.876    -1.331               7.724          1112Pa0235
  4210.587 106.00112     1.650    -6.139               3.464            AX32P245
  4210.609      40.1     1.665     -1.19                                Ljung06 
  4210.629 607.01214     0.650    -0.967               7.724          0001Pa0415
  4210.667 106.00112     0.641    -4.719               3.464            BX11P125
  4210.680 607.01214     2.821    -2.898               7.724          1112Qc0005
  4210.692 607.01214     0.650    -0.978               7.724          0001Pb0405
  4210.716 607.01214     2.821    -2.596               7.724          1112Pa0015
  4210.747 106.00112     0.126    -3.970               3.464            AX00R085
  4210.759      24.0     2.998     -1.98                                        
  4210.759      25.0     4.350     -2.88                                        
  4210.761   23.0051     2.276    -3.867                                 KURHFS 
  4210.761   23.0051     2.276    -4.147                                 KURHFS 
  4210.761   23.0051     2.276    -4.147                                 KURHFS 
  4210.761   23.0051     2.276    -5.168                                 KURHFS 
  4210.762   23.0051     2.276    -3.729                                 KURHFS 
  4210.762   23.0051     2.276    -3.867                                 KURHFS 
  4210.762   23.0051     2.276    -4.469                                 KURHFS 
  4210.763   23.0051     2.276    -3.663                                 KURHFS 
  4210.763   23.0051     2.276    -3.729                                 KURHFS 
  4210.763   23.0051     2.276    -4.022                                 KURHFS 
  4210.765      90.0     0.966     -0.79                                        
  4210.765   23.0051     2.276    -3.656                                 KURHFS 
  4210.765   23.0051     2.276    -3.663                                 KURHFS 
  4210.765   23.0051     2.276    -3.691                                 KURHFS 
  4210.767   23.0051     2.276    -3.428                                 KURHFS 
  4210.767   23.0051     2.276    -3.656                                 KURHFS 
  4210.767   23.0051     2.276    -3.721                                 KURHFS 
  4210.770   23.0051     2.276    -3.209                                 KURHFS 
  4210.770   23.0051     2.276    -3.721                                 KURHFS 
  4210.770   23.0051     2.276    -3.925                                 KURHFS 
  4210.773   23.0051     2.276    -3.022                                 KURHFS 
  4210.773   23.0051     2.276    -3.925                                 KURHFS 
  4210.777      28.0     3.844     -2.18                                        
  4210.801      24.0     2.542     -8.48                                        
  4210.822 106.00113     0.125    -3.998               3.464            AX00R085
  4210.843 607.01214     0.258    -3.499               7.724          0001Qc0035
  4210.848      23.1     6.141     -2.02                                        
  4210.851      23.0     2.579     -0.69                                        
  4210.851 607.01214     0.258    -1.953               7.724          0001Pa0045
  4210.851 607.01214     0.258    -2.066               7.724          0001Pb0035
  4210.885      26.0     4.470     -1.65                                        
  4210.891      42.0     2.932     -1.85                                        
  4210.923      90.0     0.000     -1.37                                        
  4210.938 106.00112     0.465    -1.343               3.464            AX00R155
  4210.956      47.0     3.775     -0.38                                        
  4210.987 106.00112     0.465    -1.320               3.464            AX00R165
  4211.011      23.1     6.097     -4.43                                        
  4211.015      42.0     2.075     -1.84                                        
  4211.030 106.00113     0.837    -2.007               3.464            BX11Q165
  4211.035 106.00113     1.524    -5.304               3.464            AX54P125
  4211.048      21.0     4.183     -1.55                                        
  4211.051 106.00113     0.837    -5.439               3.464            BX11P175
  4211.065 106.00112     0.465    -3.463               3.464            AX00Q165
  4211.080      24.1     5.326     -3.45                                        
  4211.100 106.00113     0.837    -5.708               3.464            BX11R165
  4211.120   23.0051     2.284    -4.211                                 KURHFS 
  4211.120   23.0051     2.284    -4.407                                 KURHFS 
  4211.120 106.00113     0.837    -2.150               3.464            BX11Q175
  4211.126   23.0051     2.284    -4.186                                 KURHFS 
  4211.126   23.0051     2.284    -4.197                                 KURHFS 
  4211.126   23.0051     2.284    -4.407                                 KURHFS 
  4211.134 607.01214     0.632    -4.501               7.724          0001Qc0395
  4211.135   23.0051     2.284    -4.059                                 KURHFS 
  4211.135   23.0051     2.284    -4.083                                 KURHFS 
  4211.135   23.0051     2.284    -4.186                                 KURHFS 
  4211.140      45.0     0.706     -0.37                              DL85/NI/C+
  4211.147   23.0051     2.284    -3.892                                 KURHFS 
  4211.147   23.0051     2.284    -4.040                                 KURHFS 
  4211.147   23.0051     2.284    -4.083                                 KURHFS 
  4211.162   23.0051     2.284    -3.723                                 KURHFS 
  4211.162   23.0051     2.284    -4.040                                 KURHFS 
  4211.162   23.0051     2.284    -4.051                                 KURHFS 
  4211.180   23.0051     2.284    -3.564                                 KURHFS 
  4211.180   23.0051     2.284    -4.051                                 KURHFS 
  4211.180   23.0051     2.284    -4.128                                 KURHFS 
  4211.186 607.01214     0.632    -0.978               7.724          0001Pa0405
  4211.198   67.1165     0.725    -3.695                              Lawle04HFS
  4211.200   67.1165     0.725    -2.439                              Lawle04HFS
  4211.201   23.0051     2.284    -3.416                                 KURHFS 
  4211.201   23.0051     2.284    -4.128                                 KURHFS 
  4211.201   23.0051     2.284    -4.343                                 KURHFS 
  4211.224   23.0051     2.284    -3.280                                 KURHFS 
  4211.224   23.0051     2.284    -4.343                                 KURHFS 
  4211.228 607.01314     2.886    -4.397               7.724          1112Qc0235
  4211.242   67.1165     0.725    -3.472                              Lawle04HFS
  4211.245   67.1165     0.725    -2.535                              Lawle04HFS
  4211.246 607.01314     2.886    -1.331               7.724          1112Pb0235
  4211.247   67.1165     0.725    -3.695                              Lawle04HFS
  4211.247 607.01214     0.632    -0.989               7.724          0001Pb0395
  4211.258 607.01314     2.886    -1.316               7.724          1112Pa0245
  4211.266 607.01214     2.822    -3.296               7.724          1112Qc0015
  4211.267 106.00113     0.125    -3.970               3.464            AX00R085
  4211.271      22.0     1.886     -3.16                                        
  4211.271 607.01214     2.822    -2.596               7.724          1112Pb0015
  4211.279   67.1165     0.725    -3.386                              Lawle04HFS
  4211.283   67.1165     0.725    -2.634                              Lawle04HFS
  4211.286   67.1165     0.725    -3.472                              Lawle04HFS
  4211.290      60.1     0.204     -0.86                              DenHarto03
  4211.301   23.0051     2.136    -4.841                                 KURHFS 
  4211.301   23.0051     2.136    -5.293                                 KURHFS 
  4211.301   23.0051     2.136    -6.293                                 KURHFS 
  4211.310      24.0     3.011     -0.69                                        
  4211.310   23.0051     2.136    -4.723                                 KURHFS 
  4211.310   23.0051     2.136    -5.082                                 KURHFS 
  4211.310   23.0051     2.136    -6.086                                 KURHFS 
  4211.312   67.1165     0.725    -3.366                              Lawle04HFS
  4211.316   67.1165     0.725    -2.734                              Lawle04HFS
  4211.318      40.0     1.821     -0.23                                        
  4211.320   67.1165     0.725    -3.386                              Lawle04HFS
  4211.321   23.0051     2.136    -4.605                                 KURHFS 
  4211.321   23.0051     2.136    -4.986                                 KURHFS 
  4211.321   23.0051     2.136    -6.058                                 KURHFS 
  4211.324 607.01214     2.822    -2.340               7.724          1112Pa0025
  4211.334   23.0051     2.136    -4.493                                 KURHFS 
  4211.334   23.0051     2.136    -4.950                                 KURHFS 
  4211.334   23.0051     2.136    -6.138                                 KURHFS 
  4211.339   67.1165     0.725    -3.399                              Lawle04HFS
  4211.342 106.00113     1.651    -4.308               3.464            AX54Q155
  4211.343   67.1165     0.725    -2.832                              Lawle04HFS
  4211.347   67.1165     0.725    -3.366                              Lawle04HFS
  4211.351   23.0051     2.136    -4.389                                 KURHFS 
  4211.351   23.0051     2.136    -4.966                                 KURHFS 
  4211.351   23.0051     2.136    -6.330                                 KURHFS 
  4211.359 106.00113     1.651    -2.512               3.464            AX54P155
  4211.362   67.1165     0.725    -3.495                              Lawle04HFS
  4211.366      24.0     3.085     -1.20                                        
  4211.366   67.1165     0.725    -2.921                              Lawle04HFS
  4211.370   23.0051     2.136    -4.293                                 KURHFS 
  4211.370   23.0051     2.136    -5.048                                 KURHFS 
  4211.370   23.0051     2.136    -6.719                                 KURHFS 
  4211.370   67.1165     0.725    -3.399                              Lawle04HFS
  4211.380   67.1165     0.725    -3.717                              Lawle04HFS
  4211.384   67.1165     0.725    -2.990                              Lawle04HFS
  4211.385 607.01214     0.260    -3.598               7.724          0001Qc0045
  4211.387   67.1165     0.725    -3.495                              Lawle04HFS
  4211.391 607.01214     0.260    -1.864               7.724          0001Pa0055
  4211.391 607.01214     0.260    -1.953               7.724          0001Pb0045
  4211.392   23.0051     2.136    -4.203                                 KURHFS 
  4211.392   23.0051     2.136    -5.266                                 KURHFS 
  4211.397   67.1165     0.725    -3.018                              Lawle04HFS
  4211.400   67.1165     0.725    -3.717                              Lawle04HFS
  4211.417   23.0051     2.136    -4.119                                 KURHFS 
  4211.418      24.0     2.542     -7.03                                        
  4211.437 106.00113     1.651    -2.453               3.464            AX54P165
  4211.443 106.00113     0.462    -1.343               3.464            AX00R155
  4211.482   23.0051     2.129    -3.569                                 KURHFS 
  4211.486   23.0051     2.129    -3.451                                 KURHFS 
  4211.486   23.0051     2.129    -4.021                                 KURHFS 
  4211.490 106.00113     0.462    -1.320               3.464            AX00R165
  4211.493   23.0051     2.129    -3.333                                 KURHFS 
  4211.493   23.0051     2.129    -3.810                                 KURHFS 
  4211.493   23.0051     2.129    -5.021                                 KURHFS 
  4211.503   23.0051     2.129    -3.221                                 KURHFS 
  4211.503   23.0051     2.129    -3.714                                 KURHFS 
  4211.503   23.0051     2.129    -4.814                                 KURHFS 
  4211.515      26.0     4.309     -2.86                                        
  4211.515   23.0051     2.129    -3.117                                 KURHFS 
  4211.515   23.0051     2.129    -3.678                                 KURHFS 
  4211.515   23.0051     2.129    -4.786                                 KURHFS 
  4211.526      24.0     2.980     -1.68                                        
  4211.529   23.0051     2.129    -3.021                                 KURHFS 
  4211.529   23.0051     2.129    -3.694                                 KURHFS 
  4211.529   23.0051     2.129    -4.866                                 KURHFS 
  4211.545   23.0051     2.129    -2.931                                 KURHFS 
  4211.545   23.0051     2.129    -3.776                                 KURHFS 
  4211.545   23.0051     2.129    -5.058                                 KURHFS 
  4211.564   23.0051     2.129    -2.847                                 KURHFS 
  4211.564   23.0051     2.129    -3.994                                 KURHFS 
  4211.564   23.0051     2.129    -5.447                                 KURHFS 
  4211.565 106.00113     0.462    -3.463               3.464            AX00Q165
  4211.571      24.0     3.886     -3.90                                        
  4211.602      20.0     5.963     -4.55                                        
  4211.624      26.0     4.140     -4.06                                        
  4211.632      20.0     4.760     -3.37                                        
  4211.647      26.0     4.214     -3.31                                        
  4211.647      28.0     3.831     -3.08                                        
  4211.654      22.0     3.102     -2.83                                        
  4211.658      92.1     0.568     -1.04                                        
  4211.662 607.01214     0.613    -4.490               7.724          0001Qc0385
  4211.667 106.00112     1.914    -8.332               3.464            CX03P245
  4211.667 106.00113     1.834    -4.491               3.464            AX43Q235
  4211.676      22.0     3.110     -2.61                                        
  4211.685      23.0     2.721     -6.07                                        
  4211.707 106.00113     1.834    -2.338               3.464            AX43P245
  4211.712 607.01214     0.613    -0.989               7.724          0001Pa0395
  4211.717      66.0     0.000      0.96                                        
  4211.720      22.0     2.486     -0.44                                        
  4211.741      20.0     4.776     -4.45                                        
  4211.742      25.0     4.265     -0.44                                        
  4211.767 106.00113     1.834    -2.419               3.464            AX43P235
  4211.772 607.01214     0.613    -1.001               7.724          0001Pb0385
  4211.791      26.0     4.470     -2.85                                        
  4211.801      26.1     2.640     -5.10                                        
  4211.814      24.1     6.280     -4.48                                        
  4211.825      26.0     4.280     -2.10                                        
  4211.853      76.0     2.907      0.82                                        
  4211.857 607.01214     2.823    -3.488               7.724          1112Qc0025
  4211.860      59.1     0.550     -0.64                                LINOHFS 
  4211.866 607.01214     2.823    -2.340               7.724          1112Pb0025
  4211.877      40.1     0.527     -1.04                                Ljung06 
  4211.881 106.00112     0.896    -1.345               3.464            AX11R175
  4211.896 607.01214     0.263    -3.679               7.724          0001Qc0055
  4211.902      24.0     2.543     -5.39                                        
  4211.905 607.01214     0.263    -1.790               7.724          0001Pa0065
  4211.907      40.1     0.526     -1.08                                        
  4211.908 106.00112     0.896    -1.326               3.464            AX11R185
  4211.910 607.01214     0.263    -1.864               7.724          0001Pb0055
  4211.915 607.01314     2.896    -4.418               7.724          1112Qc0245
  4211.934 607.01314     2.896    -1.316               7.724          1112Pb0245
  4211.938 607.01214     2.823    -2.185               7.724          1112Pa0035
  4211.940      25.0     4.709     -3.24                                        
  4211.947 607.01314     2.896    -1.302               7.724          1112Pa0255
  4211.948      24.0     3.382     -4.08                                        
  4211.960      24.0     4.821     -3.34                                        
  4211.984 106.00112     0.896    -3.538               3.464            AX11Q185
  4212.010      64.1     0.425     -0.5                               adj-0.42
  4212.049      41.0     1.608     -0.59                                        
  4212.063      44.0     0.811      0.14                                        
  4212.065      26.0     3.414     -4.17                                        
  4212.158 607.01214     0.595    -4.479               7.724          0001Qc0375
  4212.177   23.0051     1.944    -3.516                                 KURHFS 
  4212.177   23.0051     1.944    -3.771                                 KURHFS 
  4212.181   23.0051     1.944    -3.317                                 KURHFS 
  4212.181   23.0051     1.944    -3.516                                 KURHFS 
  4212.181   23.0051     1.944    -5.424                                 KURHFS 
  4212.186   23.0051     1.944    -3.253                                 KURHFS 
  4212.186   23.0051     1.944    -3.317                                 KURHFS 
  4212.186   23.0051     1.944    -4.181                                 KURHFS 
  4212.194   23.0051     1.944    -3.253                                 KURHFS 
  4212.194   23.0051     1.944    -3.284                                 KURHFS 
  4212.194   23.0051     1.944    -3.464                                 KURHFS 
  4212.203   23.0051     1.944    -3.058                                 KURHFS 
  4212.203   23.0051     1.944    -3.284                                 KURHFS 
  4212.203   23.0051     1.944    -3.465                                 KURHFS 
  4212.207 607.01214     0.595    -1.001               7.724          0001Pa0385
  4212.214   23.0051     1.944    -2.766                                 KURHFS 
  4212.214   23.0051     1.944    -3.465                                 KURHFS 
  4212.253      92.1     0.548     -0.81                              Nils02/9% 
  4212.259 106.00113     0.892    -1.345               3.464            AX11R175
  4212.266 607.01214     0.595    -1.013               7.724          0001Pb0375
  4212.270 106.00113     0.892    -1.326               3.464            AX11R185
  4212.355 106.00113     0.892    -3.538               3.464            AX11Q185
  4212.377 607.01214     0.266    -3.746               7.724          0001Qc0065
  4212.389 607.01214     0.266    -1.727               7.724          0001Pa0075
  4212.394 607.01214     0.266    -1.790               7.724          0001Pb0065
  4212.419   25.0055     2.939    -3.742                                 KURHFS 
  4212.420   25.0055     2.939    -4.106                                 KURHFS 
  4212.420   25.0055     2.939    -4.106                                 KURHFS 
  4212.420   25.0055     2.939    -4.203                                 KURHFS 
  4212.420   25.0055     2.939    -4.219                                 KURHFS 
  4212.420   25.0055     2.939    -4.650                                 KURHFS 
  4212.453 607.01214     2.825    -3.619               7.724          1112Qc0035
  4212.465 607.01214     2.825    -2.186               7.724          1112Pb0035
  4212.524      41.0     1.353     -0.84                                        
  4212.529      24.0     3.008     -2.26                                        
  4212.556 607.01214     2.825    -2.073               7.724          1112Pa0045
  4212.597      40.0     1.349     -0.70                                        
  4212.612 106.00112     0.466    -1.321               3.464            AX00R165
  4212.614 607.01314     2.906    -4.439               7.724          1112Qc0255
  4212.624 607.01214     0.578    -4.468               7.724          0001Qc0365
  4212.633 607.01314     2.906    -1.302               7.724          1112Pb0255
  4212.647 607.01314     2.906    -1.288               7.724          1112Pa0265
  4212.657 106.00112     0.466    -1.343               3.464            AX00R155
  4212.672 607.01214     0.578    -1.013               7.724          0001Pa0375
  4212.692 106.00112     0.466    -3.437               3.464            AX00Q165
  4212.730 607.01214     0.578    -1.025               7.724          0001Pb0365
  4212.746      60.1     0.182     -1.53                                        
  4212.790      69.1     1.086     -2.32                              Wickliff97
  4212.795 106.00113     1.652    -4.336               3.464            AX54Q155
  4212.810 106.00113     1.652    -2.512               3.464            AX54P155
  4212.814      47.0     3.775     -1.33                                        
  4212.815 106.00113     1.652    -2.453               3.464            AX54P165
  4212.828 607.01214     0.270    -3.805               7.724          0001Qc0075
  4212.834      28.0     3.844     -1.13                                        
  4212.852 607.01214     0.270    -1.672               7.724          0001Pa0085
  4212.857 607.01214     0.270    -1.727               7.724          0001Pb0075
  4212.858 106.00112     1.782    -2.415               3.464            AX43P235
  4212.899 106.00112     1.782    -4.563               3.464            AX43Q225
  4212.930      62.1     0.484     -1.62                              Lawler06  
  4212.933      25.0     3.370     -3.95                                        
  4212.934      20.0     2.930     -6.87                                        
  4212.954      46.0     1.452     -0.45                                        
  4212.996 106.00112     1.782    -2.496               3.464            AX43P225
  4213.001      11.0     2.101     -2.65                                        
  4213.017      39.0     2.011     -0.11                                        
  4213.030      62.1     0.484     -1.81                              Lawler06  
  4213.035      58.1     0.674     -0.94                              Lawler09  
  4213.051      60.1     1.336     -0.30                                        
  4213.054 607.01214     2.827    -3.719               7.724          1112Qc0045
  4213.060 607.01214     0.561    -4.456               7.724          0001Qc0355
  4213.067      90.0     0.317     -1.43                                        
  4213.071 607.01214     2.827    -2.073               7.724          1112Pb0045
  4213.087 106.00113     1.643    -6.138               3.464            AX32P245
  4213.099 106.00113     0.463    -1.320               3.464            AX00R165
  4213.104   23.0051     1.929    -5.986                                 KURHFS 
  4213.104   23.0051     1.929    -6.241                                 KURHFS 
  4213.107 607.01214     0.561    -1.025               7.724          0001Pa0365
  4213.112   23.0051     1.929    -5.787                                 KURHFS 
  4213.112   23.0051     1.929    -5.986                                 KURHFS 
  4213.112   23.0051     1.929    -7.894                                 KURHFS 
  4213.124   23.0051     1.929    -5.723                                 KURHFS 
  4213.124   23.0051     1.929    -5.787                                 KURHFS 
  4213.124   23.0051     1.929    -6.651                                 KURHFS 
  4213.140   23.0051     1.929    -5.723                                 KURHFS 
  4213.140   23.0051     1.929    -5.754                                 KURHFS 
  4213.140   23.0051     1.929    -5.934                                 KURHFS 
  4213.143 106.00113     0.463    -1.343               3.464            AX00R155
  4213.160   23.0051     1.929    -5.528                                 KURHFS 
  4213.160   23.0051     1.929    -5.754                                 KURHFS 
  4213.160   23.0051     1.929    -5.935                                 KURHFS 
  4213.163 607.01214     0.561    -1.038               7.724          0001Pb0355
  4213.173 106.00113     0.463    -3.437               3.464            AX00Q165
  4213.177 106.00112     1.034    -8.339               3.464            CX03P055
  4213.178 607.01214     2.827    -1.984               7.724          1112Pa0055
  4213.179      24.0     3.077     -0.72                                        
  4213.181      66.0     0.874      0.88                                        
  4213.185   23.0051     1.929    -5.236                                 KURHFS 
  4213.185   23.0051     1.929    -5.935                                 KURHFS 
  4213.198      60.1     1.498     -0.15                                        
  4213.213      27.1     3.007     -5.44                                        
  4213.242      41.0     1.522     -0.67                                        
  4213.249 607.01214     0.274    -3.856               7.724          0001Qc0085
  4213.257 607.01214     0.274    -1.623               7.724          0001Pa0095
  4213.265      23.0     2.573     -3.40                                        
  4213.266      75.0     3.363      0.01                                        
  4213.272 607.01214     0.274    -1.672               7.724          0001Pb0085
  4213.314      26.0     4.281     -2.83                                        
  4213.324 607.01314     2.917    -4.460               7.724          1112Qc0265
  4213.332      24.0     3.842     -0.24                                        
  4213.343 607.01314     2.917    -1.288               7.724          1112Pb0265
  4213.351      24.0     3.373     -1.88                                        
  4213.352      24.0     3.889     -4.33                                        
  4213.358 607.01314     2.917    -1.276               7.724          1112Pa0275
  4213.380      25.0     4.604     -2.91                                        
  4213.420      65.1     0.856     -0.61                              Lawler01  
  4213.421      26.0     2.725     -3.96                                        
  4213.424      24.0     4.613     -0.80                                        
  4213.426   23.0051     2.284    -5.156                                 KURHFS 
  4213.426   23.0051     2.284    -5.223                                 KURHFS 
  4213.426   23.0051     2.284    -5.855                                 KURHFS 
  4213.432      26.0     4.188     -3.17                                        
  4213.432   23.0051     2.284    -4.960                                 KURHFS 
  4213.432   23.0051     2.284    -4.960                                 KURHFS 
  4213.432   23.0051     2.284    -5.700                                 KURHFS 
  4213.441   23.0051     2.284    -4.756                                 KURHFS 
  4213.441   23.0051     2.284    -4.855                                 KURHFS 
  4213.441   23.0051     2.284    -5.700                                 KURHFS 
  4213.453   23.0051     2.284    -4.586                                 KURHFS 
  4213.453   23.0051     2.284    -4.808                                 KURHFS 
  4213.453   23.0051     2.284    -5.797                                 KURHFS 
  4213.464      41.0     2.085     -0.47                                        
  4213.465 607.01214     0.544    -4.444               7.724          0001Qc0345
  4213.467   23.0051     2.284    -4.440                                 KURHFS 
  4213.467   23.0051     2.284    -4.814                                 KURHFS 
  4213.467   23.0051     2.284    -6.001                                 KURHFS 
  4213.485   23.0051     2.284    -4.311                                 KURHFS 
  4213.485   23.0051     2.284    -4.887                                 KURHFS 
  4213.485   23.0051     2.284    -6.399                                 KURHFS 
  4213.487 106.00113     1.909   -10.268               3.464            CX04R215
  4213.491      22.0     2.406     -4.84                                        
  4213.504 106.00112     0.917    -0.934               3.464            BX10R225
  4213.506   23.0051     2.284    -4.195                                 KURHFS 
  4213.506   23.0051     2.284    -5.098                                 KURHFS 
  4213.510 607.01214     0.544    -1.038               7.724          0001Pa0355
  4213.514 106.00113     1.837    -8.375               3.464            CX03P235
  4213.522      39.0     1.852     -0.56                                        
  4213.530   23.0051     2.284    -4.090                                 KURHFS 
  4213.565 607.01214     0.544    -1.051               7.724          0001Pb0345
  4213.574 106.00112     0.917    -6.231               3.464            BX10Q235
  4213.639 607.01214     0.279    -3.902               7.724          0001Qc0095
  4213.647      26.0     2.845     -1.25                              NIST/D+   
  4213.650 607.01214     0.279    -1.579               7.724          0001Pa0105
  4213.660      24.0     2.542     -2.85                                        
  4213.660 607.01214     2.829    -3.801               7.724          1112Qc0055
  4213.668 106.00112     0.917    -0.501               3.464            BX10R235
  4213.668 607.01214     0.279    -1.623               7.724          0001Pb0095
  4213.680 607.01214     2.829    -1.984               7.724          1112Pb0055
  4213.691      20.0     6.017     -2.83                                        
  4213.741      24.0     2.706     -7.22                                        
  4213.780      23.1     5.784     -3.48                                        
  4213.802 607.01214     2.829    -1.911               7.724          1112Pa0065
  4213.827 106.00112     0.898    -1.326               3.464            AX11R185
  4213.840 607.01214     0.528    -4.432               7.724          0001Qc0335
  4213.863      76.0     3.099     -0.03                                        
  4213.865      40.0     0.603     -0.72                                        
  4213.865      92.0     1.401      0.44                                        
  4213.884 607.01214     0.528    -1.051               7.724          0001Pa0345
  4213.898 106.00112     0.898    -1.345               3.464            AX11R175
  4213.904 106.00112     0.898    -3.509               3.464            AX11Q185
  4213.911      23.0     2.581     -3.67                                        
  4213.922      24.0     4.385     -4.29                                        
  4213.937 607.01214     0.528    -1.064               7.724          0001Pb0335
  4213.966      24.0     3.887     -3.46                                        
  4213.982      24.1     4.940     -6.30                                        
  4213.999 607.01214     0.284    -3.944               7.724          0001Qc0105
  4214.000      59.1     0.216     -1.62                                LINOHFS 
  4214.013 607.01214     0.284    -1.539               7.724          0001Pa0115
  4214.031 607.01214     0.284    -1.579               7.724          0001Pb0105
  4214.033      58.1     0.608     -0.45                              Lawler09  
  4214.044      24.1     7.326     -4.25                                        
  4214.048 607.01314     2.928    -4.480               7.724          1112Qc0275
  4214.063      42.0     3.031     -1.52                                        
  4214.066 607.01314     2.928    -1.276               7.724          1112Pb0275
  4214.083 607.01314     2.928    -1.264               7.724          1112Pa0285
  4214.092      25.0     4.791     -1.37                                        
  4214.144      24.0     2.543     -3.51                                        
  4214.180 106.00113     0.894    -1.326               3.464            AX11R185
  4214.184 607.01214     0.512    -4.419               7.724          0001Qc0325
  4214.192      24.0     2.543     -4.81                                        
  4214.211      60.1     1.410     -0.16                                        
  4214.227 607.01214     0.512    -1.064               7.724          0001Pa0335
  4214.252 106.00113     0.894    -1.345               3.464            AX11R175
  4214.261 106.00113     0.894    -3.509               3.464            AX11Q185
  4214.271 607.01214     2.832    -3.869               7.724          1112Qc0065
  4214.279 607.01214     0.512    -1.078               7.724          0001Pb0325
  4214.295      68.1     0.891     -2.54                              Lawler08  
  4214.295 607.01214     2.832    -1.911               7.724          1112Pb0065
  4214.329 607.01214     0.289    -3.982               7.724          0001Qc0115
  4214.344 607.01214     0.289    -1.502               7.724          0001Pa0125
  4214.352      26.0     2.607     -4.15                                        
  4214.366 607.01214     0.289    -1.539               7.724          0001Pb0115
  4214.400      65.1     0.373     -0.71                              Lawler01  
  4214.409      66.0     0.937     -0.39                                        
  4214.411      92.1     0.036     -2.04                                        
  4214.432 607.01214     2.832    -1.849               7.724          1112Pa0075
  4214.439      44.0     1.691     -0.10                                        
  4214.440      24.0     2.985     -4.15                                        
  4214.480      26.0     2.467     -3.85                                        
  4214.497 607.01214     0.497    -4.406               7.724          0001Qc0315
  4214.539 607.01214     0.497    -1.078               7.724          0001Pa0325
  4214.559 106.00113     1.052    -8.397               3.464            CX03P065
  4214.589 607.01214     0.497    -1.092               7.724          0001Pb0315
  4214.603      60.1     0.182     -1.38                                        
  4214.604      20.0     6.017     -3.90                                        
  4214.609      23.1     6.473     -2.41                                        
  4214.628 607.01214     0.295    -4.017               7.724          0001Qc0125
  4214.645 607.01214     0.295    -1.468               7.724          0001Pa0135
  4214.653      28.0     3.838     -2.87                                        
  4214.656      20.0     6.017     -3.47                                        
  4214.665 607.01214     0.295    -1.502               7.724          0001Pb0125
  4214.724      22.0     2.235     -2.27                                        
  4214.724 106.00113     1.063    -0.188               3.464            BX10R245
  4214.727      41.0     0.130     -1.12                                        
  4214.778 106.00113     1.063    -5.456               3.464            BX10Q255
  4214.780 607.01214     0.483    -4.392               7.724          0001Qc0305
  4214.785 607.01314     2.939    -4.499               7.724          1112Qc0285
  4214.804 607.01314     2.939    -1.264               7.724          1112Pb0285
  4214.820 607.01214     0.483    -1.092               7.724          0001Pa0315
  4214.822 607.01314     2.940    -1.252               7.724          1112Pa0295
  4214.829      90.0     0.615     -1.43                                        
  4214.830      26.0     4.073     -1.79                                        
  4214.865      25.0     4.270     -2.62                                        
  4214.865 106.00113     1.588    -5.656               3.464            AX43P195
  4214.870 607.01214     0.483    -1.107               7.724          0001Pb0305
  4214.883 106.00113     1.063     0.232               3.464            BX10R255
  4214.887 607.01214     2.835    -3.929               7.724          1112Qc0075
  4214.896 607.01214     0.302    -4.049               7.724          0001Qc0135
  4214.916 607.01214     0.302    -1.437               7.724          0001Pa0145
  4214.916 607.01214     2.835    -1.849               7.724          1112Pb0075
  4214.936 607.01214     0.302    -1.468               7.724          0001Pb0135
  4214.972      23.1     6.517     -4.53                                        
  4214.976 106.00113     1.061    -1.590               3.464            BX00P245
  4214.990      24.0     2.707     -6.48                                        
  4215.020      64.1     0.427     -0.44                              DenHarto06
  4215.032 607.01214     0.468    -4.378               7.724          0001Qc0295
  4215.064 607.01214     2.835    -1.795               7.724          1112Pa0085
  4215.069 106.00113     1.845    -6.349               3.464            AX21P305
  4215.071 607.01214     0.468    -1.107               7.724          0001Pa0305
  4215.076      22.0     2.493     -7.47                                        
  4215.119 607.01214     0.468    -1.122               7.724          0001Pb0295
  4215.134 607.01214     0.309    -4.079               7.724          0001Qc0145
  4215.154 106.00113     1.061    -1.698               3.464            BX00P255
  4215.157 607.01214     0.309    -1.408               7.724          0001Pa0155
  4215.158      23.1     5.845     -2.94                                        
  4215.160      66.0     0.000     -1.08                                        
  4215.160      76.0     1.746     -1.42                                        
  4215.162      66.0     0.512      0.73                                        
  4215.174      21.0     4.681     -2.54                                        
  4215.179 607.01214     0.309    -1.437               7.724          0001Pb0145
  4215.237 106.00113     1.837    -2.339               3.464            AX43P245
  4215.253 607.01214     0.454    -4.364               7.724          0001Qc0285
  4215.291 607.01214     0.454    -1.122               7.724          0001Pa0295
  4215.298      24.0     4.614     -4.32                                        
  4215.307 106.00113     1.837    -4.530               3.464            AX43Q235
  4215.338 607.01214     0.454    -1.137               7.724          0001Pb0285
  4215.342 607.01214     0.316    -4.107               7.724          0001Qc0155
  4215.349      20.0     5.983     -3.00                                        
  4215.363 607.01214     0.316    -1.380               7.724          0001Pa0165
  4215.377      74.0     2.420     -0.31                                        
  4215.379 106.00112     0.459    -3.999               3.464            AX11R085
  4215.389 607.01214     0.316    -1.408               7.724          0001Pb0155
  4215.390      60.1     0.742     -1.84                              DenHarto03
  4215.396 106.00113     1.837    -2.419               3.464            AX43P235
  4215.423      26.0     2.990     -1.76                              NIST/B    
  4215.444 607.01214     0.441    -4.348               7.724          0001Qc0275
  4215.459      22.0     1.738     -4.60                                        
  4215.460      26.0     2.756     -4.02                                        
  4215.481 607.01214     0.441    -1.137               7.724          0001Pa0285
  4215.482      26.0     2.988     -3.52                                        
  4215.502      22.0     2.173     -4.69                                        
  4215.509 607.01214     2.839    -3.982               7.724          1112Qc0085
  4215.519      37.0     0.000     -1.88                                        
  4215.519 607.01214     0.324    -4.133               7.724          0001Qc0165
  4215.524      38.1     0.000     -0.17                              NIST/A    
  4215.526 607.01214     0.441    -1.153               7.724          0001Pb0275
  4215.538 607.01214     2.839    -1.795               7.724          1112Pb0085
  4215.538 607.01314     2.951    -4.519               7.724          1112Qc0295
  4215.541 607.01214     0.324    -1.354               7.724          0001Pa0175
  4215.555      23.0     2.682     -1.93                                        
  4215.557 607.01314     2.951    -1.253               7.724          1112Pb0295
  4215.569 607.01214     0.324    -1.380               7.724          0001Pb0165
  4215.576 607.01314     2.951    -1.242               7.724          1112Pa0305
  4215.604 607.01214     0.428    -4.333               7.724          0001Qc0265
  4215.639 607.01214     0.428    -1.153               7.724          0001Pa0275
  4215.659      26.0     3.036     -7.47                                        
  4215.665 607.01214     0.332    -4.158               7.724          0001Qc0175
  4215.683 607.01214     0.428    -1.170               7.724          0001Pb0265
  4215.689 607.01214     0.332    -1.329               7.724          0001Pa0185
  4215.698 607.01214     2.839    -1.747               7.724          1112Pa0095
  4215.715      23.1     1.671     -4.11                                        
  4215.718 607.01214     0.332    -1.354               7.724          0001Pb0175
  4215.734 607.01214     0.416    -4.317               7.724          0001Qc0255
  4215.735      24.0     3.367     -2.27                                        
  4215.743      24.1     3.104     -2.93                              Lawler17  
  4215.767 607.01214     0.416    -1.170               7.724          0001Pa0265
  4215.781 607.01214     0.341    -4.181               7.724          0001Qc0185
  4215.806 607.01214     0.341    -1.306               7.724          0001Pa0195
  4215.809 607.01214     0.416    -1.187               7.724          0001Pb0255
  4215.814 106.00112     0.460    -3.971               3.464            AX11R085
  4215.820 106.00113     0.458    -3.999               3.464            AX11R085
  4215.832 607.01214     0.404    -4.300               7.724          0001Qc0245
  4215.834      25.0     4.265     -2.47                                        
  4215.837 607.01214     0.341    -1.329               7.724          0001Pb0185
  4215.848      23.0     3.222     -4.60                                        
  4215.865 607.01214     0.404    -1.187               7.724          0001Pa0255
  4215.866 607.01214     0.350    -4.203               7.724          0001Qc0195
  4215.892 607.01214     0.350    -1.284               7.724          0001Pa0205
  4215.901 607.01214     0.392    -4.282               7.724          0001Qc0235
  4215.902 106.00112     0.896    -2.779               3.464            BX11R175
  4215.905 607.01214     0.404    -1.205               7.724          0001Pb0245
  4215.921 607.01214     0.360    -4.225               7.724          0001Qc0205
  4215.925 607.01214     0.350    -1.306               7.724          0001Pb0195
  4215.932 607.01214     0.392    -1.205               7.724          0001Pa0245
  4215.938 607.01214     0.381    -4.264               7.724          0001Qc0225
  4215.945 607.01214     0.370    -4.245               7.724          0001Qc0215
  4215.948 607.01214     0.360    -1.263               7.724          0001Pa0215
  4215.968      26.0     2.690     -3.17                                        
  4215.968 607.01214     0.381    -1.223               7.724          0001Pa0235
  4215.971 607.01214     0.392    -1.223               7.724          0001Pb0235
  4215.973 607.01214     0.370    -1.243               7.724          0001Pa0225
  4215.977 106.00112     1.069    -1.590               3.464            BX00P245
  4215.982 607.01214     0.360    -1.284               7.724          0001Pb0205
  4216.002 106.00112     0.896    -7.430               3.464            BX11Q185
  4216.005 607.01214     0.381    -1.243               7.724          0001Pb0225
  4216.009 607.01214     0.370    -1.263               7.724          0001Pb0215
  4216.029      26.0     4.100     -3.01                                        
  4216.050 106.00112     1.069    -6.468               3.464            BX00Q245
  4216.057      11.0     2.103     -2.35                                        
  4216.077 106.00112     0.896    -2.978               3.464            BX11R185
  4216.100 106.00113     1.061    -6.468               3.464            BX00Q245
  4216.112 106.00112     1.069    -1.698               3.464            BX00P255
  4216.113      56.1     6.119     -1.21                                        
  4216.137 607.01214     2.843    -4.030               7.724          1112Qc0095
  4216.139      26.0     4.151     -2.48                                        
  4216.143      28.1     6.468     -5.32                                        
  4216.147      26.0     4.590     -3.36                                        
  4216.172 607.01214     2.843    -1.747               7.724          1112Pb0095
  4216.184      26.0     0.000     -3.36                              NIST/A    
  4216.219      26.0     2.452     -4.97                                        
  4216.230      41.1     1.690     -1.45                              Nilsson10 
  4216.249 106.00113     0.458    -3.971               3.464            AX11R085
  4216.273      22.0     2.394     -3.81                                        
  4216.308 607.01314     2.964    -4.538               7.724          1112Qc0305
  4216.321      20.0     6.018     -3.77                                        
  4216.326 607.01314     2.964    -1.242               7.724          1112Pb0305
  4216.338 106.00112     0.838    -4.104               3.464            AX22R105
  4216.338 607.01214     2.843    -1.704               7.724          1112Pa0105
  4216.346      23.0     0.286     -3.04                               LAWNOHFS 
  4216.358      24.0     3.011     -0.80                                        
  4216.364      23.0     0.275     -2.92                                        
  4216.475      26.0     4.309     -0.97                                        
  4216.575 106.00112     0.840    -1.364               3.464            AX11R165
  4216.604      26.0     4.188     -2.81                                        
  4216.606 106.00112     0.840    -1.343               3.464            AX11R175
  4216.656 106.00113     0.835    -4.103               3.464            AX22R105
  4216.686 106.00112     0.840    -3.513               3.464            AX11Q175
  4216.704      22.0     2.248     -3.92                                        
  4216.770 607.01214     2.848    -4.073               7.724          1112Qc0105
  4216.786      26.0     4.431     -1.28                                        
  4216.807      26.0     4.368     -1.67                                        
  4216.809 607.01214     2.848    -1.704               7.724          1112Pb0105
  4216.841 106.00112     1.595    -4.460               3.464            AX33R205
  4216.843 106.00112     1.917   -10.268               3.464            CX04R215
  4216.940 106.00113     0.836    -1.364               3.464            AX11R165
  4216.964      24.0     4.407     -4.23                                        
  4216.968 106.00113     0.836    -1.343               3.464            AX11R175
  4216.976 106.00112     0.839    -4.070               3.464            AX22R105
  4216.980 607.01214     2.848    -1.666               7.724          1112Pa0115
  4217.049 106.00113     0.836    -3.513               3.464            AX11Q175
  4217.056      24.1     3.103     -2.81                                        
  4217.079      22.0     2.248     -1.97                                        
  4217.082      23.0     2.576     -3.82                                        
  4217.164      24.0     2.965     -5.20                                        
  4217.178      27.1     5.042     -4.66                                        
  4217.186      25.0     4.709     -2.31                                        
  4217.190      64.1     0.662     -0.39                              DenHarto06
  4217.191 106.00112     0.411    -1.365               3.464            AX00R145
  4217.225      90.1     0.764     -1.86                                        
  4217.239      22.0     3.106     -1.20                                        
  4217.258 106.00112     0.411    -1.341               3.464            AX00R155
  4217.266      44.0     0.811     -0.82                                        
  4217.270      60.1     0.380     -1.27                              DenHarto03
  4217.285      21.0     4.187     -2.77                                        
  4217.287 106.00112     1.538    -4.430               3.464            AX33R195
  4217.289 106.00113     0.836    -4.070               3.464            AX22R105
  4217.323      22.1     2.060     -3.76                                        
  4217.323 106.00112     1.846    -8.374               3.464            CX03P235
  4217.328 106.00112     0.411    -3.434               3.464            AX00Q155
  4217.333 106.00113     1.588    -4.460               3.464            AX33R205
  4217.382 106.00113     1.589    -5.713               3.464            AX43P195
  4217.410 607.01214     2.853    -4.113               7.724          1112Qc0115
  4217.451 607.01214     2.853    -1.666               7.724          1112Pb0115
  4217.488      23.0     2.580     -1.79                                        
  4217.515      24.1     6.636     -3.88                                        
  4217.540 106.00112     1.654    -4.492               3.464            AX33R215
  4217.543      57.1     1.945      0.01                                        
  4217.546      26.0     3.430     -0.48                              NIST/B+   
  4217.587      58.1     1.057     -0.12                                BIEMONT 
  4217.608      24.0     3.008     -1.43                                        
  4217.611      23.1     6.529     -4.68                                        
  4217.626 607.01214     2.853    -1.631               7.724          1112Pa0125
  4217.652      23.0     3.242     -3.20                                        
  4217.667   23.0051     1.217    -5.295                                 KURHFS 
  4217.667   23.0051     1.217    -5.550                                 KURHFS 
  4217.669   23.0051     1.217    -5.096                                 KURHFS 
  4217.669   23.0051     1.217    -5.295                                 KURHFS 
  4217.669   23.0051     1.217    -7.203                                 KURHFS 
  4217.669 106.00113     0.409    -1.365               3.464            AX00R145
  4217.671   23.0051     1.217    -5.032                                 KURHFS 
  4217.671   23.0051     1.217    -5.096                                 KURHFS 
  4217.671   23.0051     1.217    -5.960                                 KURHFS 
  4217.673   23.0051     1.217    -5.032                                 KURHFS 
  4217.673   23.0051     1.217    -5.063                                 KURHFS 
  4217.673   23.0051     1.217    -5.243                                 KURHFS 
  4217.677   23.0051     1.217    -4.837                                 KURHFS 
  4217.677   23.0051     1.217    -5.063                                 KURHFS 
  4217.677   23.0051     1.217    -5.244                                 KURHFS 
  4217.681   23.0051     1.217    -4.545                                 KURHFS 
  4217.681   23.0051     1.217    -5.244                                 KURHFS 
  4217.712      27.1     5.118     -6.26                                        
  4217.731 106.00113     0.409    -1.341               3.464            AX00R155
  4217.755      77.0     1.995     -1.69                                        
  4217.775      28.0     3.539     -3.15                                        
  4217.798      39.0     1.304     -0.35                                        
  4217.798 106.00113     0.409    -3.434               3.464            AX00Q155
  4217.818      24.0     2.965     -4.84                                        
  4217.821 106.00113     1.531    -4.430               3.464            AX33R195
  4217.882 106.00113     1.646    -4.492               3.464            AX33R215
  4217.899      23.0     2.357     -7.81                                        
  4217.907      24.0     3.977     -2.22                                        
  4217.945      41.0     0.086     -1.10                                        
  4217.958   27.0059     2.540    -4.885                                 KURHFS 
  4217.958   27.0059     2.540    -4.885                                 KURHFS 
  4217.958   27.0059     2.540    -5.186                                 KURHFS 
  4217.963      23.0     2.579     -0.81                                        
  4217.975      28.0     3.844     -2.85                                        
  4217.979   27.0059     2.540    -4.721                                 KURHFS 
  4217.979   27.0059     2.540    -4.747                                 KURHFS 
  4217.979   27.0059     2.540    -5.061                                 KURHFS 
  4217.984      24.0     3.695     -4.51                                        
  4218.008   27.0059     2.540    -4.464                                 KURHFS 
  4218.008   27.0059     2.540    -4.713                                 KURHFS 
  4218.008   27.0059     2.540    -5.311                                 KURHFS 
  4218.016      26.0     3.265     -7.24                                        
  4218.021      24.0     4.172     -4.25                                        
  4218.043   27.0059     2.540    -4.248                                 KURHFS 
  4218.043   27.0059     2.540    -4.874                                 KURHFS 
  4218.043   27.0059     2.540    -5.739                                 KURHFS 
  4218.053   23.0051     1.847    -4.740                                 KURHFS 
  4218.053   23.0051     1.847    -4.878                                 KURHFS 
  4218.053   23.0051     1.847    -4.878                                 KURHFS 
  4218.053   23.0051     1.847    -5.158                                 KURHFS 
  4218.053   23.0051     1.847    -5.158                                 KURHFS 
  4218.053   23.0051     1.847    -5.480                                 KURHFS 
  4218.053   23.0051     1.847    -6.179                                 KURHFS 
  4218.054   23.0051     1.847    -4.674                                 KURHFS 
  4218.054   23.0051     1.847    -4.740                                 KURHFS 
  4218.054   23.0051     1.847    -5.033                                 KURHFS 
  4218.055   23.0051     1.847    -4.439                                 KURHFS 
  4218.055   23.0051     1.847    -4.667                                 KURHFS 
  4218.055   23.0051     1.847    -4.667                                 KURHFS 
  4218.055   23.0051     1.847    -4.674                                 KURHFS 
  4218.055   23.0051     1.847    -4.702                                 KURHFS 
  4218.055   23.0051     1.847    -4.732                                 KURHFS 
  4218.056 607.01214     2.858    -4.149               7.724          1112Qc0125
  4218.057   23.0051     1.847    -4.220                                 KURHFS 
  4218.057   23.0051     1.847    -4.732                                 KURHFS 
  4218.057   23.0051     1.847    -4.936                                 KURHFS 
  4218.058   23.0051     1.847    -4.033                                 KURHFS 
  4218.058   23.0051     1.847    -4.936                                 KURHFS 
  4218.070      24.0     4.528     -1.34                                        
  4218.089      23.1     6.461     -2.73                                        
  4218.097      66.0     0.512      0.76                                        
  4218.100 607.01214     2.858    -1.631               7.724          1112Pb0125
  4218.121      26.0     0.989     -6.55                                        
  4218.171      22.1     1.115     -4.40                                        
  4218.186      90.1     1.453     -1.18                                        
  4218.205      26.0     2.431     -3.70                                        
  4218.268      24.0     3.665     -3.67                                        
  4218.276 607.01214     2.858    -1.599               7.724          1112Pa0135
  4218.359      24.0     3.963     -1.92                                        
  4218.359 106.00112     0.841    -1.343               3.464            AX11R175
  4218.380      25.1     6.908     -1.99                                        
  4218.412 106.00112     0.841    -1.364               3.464            AX11R165
  4218.419      25.0     4.723     -1.56                                        
  4218.429      40.0     0.632     -1.21                                        
  4218.431 106.00112     0.841    -3.485               3.464            AX11Q175
  4218.441   23.0051     1.948    -2.987                                 KURHFS 
  4218.444   23.0051     1.948    -2.702                                 KURHFS 
  4218.444   23.0051     1.948    -2.957                                 KURHFS 
  4218.449   23.0051     1.948    -2.514                                 KURHFS 
  4218.449   23.0051     1.948    -2.957                                 KURHFS 
  4218.449   23.0051     1.948    -3.008                                 KURHFS 
  4218.457   23.0051     1.948    -2.423                                 KURHFS 
  4218.457   23.0051     1.948    -2.569                                 KURHFS 
  4218.457   23.0051     1.948    -3.133                                 KURHFS 
  4218.468   23.0051     1.948    -2.314                                 KURHFS 
  4218.468   23.0051     1.948    -2.401                                 KURHFS 
  4218.468   23.0051     1.948    -3.355                                 KURHFS 
  4218.481   23.0051     1.948    -2.116                                 KURHFS 
  4218.481   23.0051     1.948    -2.455                                 KURHFS 
  4218.481   23.0051     1.948    -3.765                                 KURHFS 
  4218.497   23.0051     1.948    -1.952                                 KURHFS 
  4218.497   23.0051     1.948    -2.651                                 KURHFS 
  4218.515   23.0051     1.948    -1.811                                 KURHFS 
  4218.542      60.1     1.456     -0.27                                        
  4218.542      90.1     1.310     -1.32                                        
  4218.550      22.0     2.266     -7.87                                        
  4218.552      74.0     2.265     -0.77                                        
  4218.564 106.00113     1.772    -8.411               3.464            CX03P225
  4218.565      70.1     4.648     -0.14                                        
  4218.579      23.1     6.097     -4.45                                        
  4218.580      66.1     0.930     -1.58                              Wickliff00
  4218.604      28.1     6.645     -6.32                                        
  4218.631   23.0051     2.276    -4.955                                 KURHFS 
  4218.631   23.0051     2.276    -5.210                                 KURHFS 
  4218.631   23.0051     2.276    -5.240                                 KURHFS 
  4218.632      62.0     0.498     -0.26                                        
  4218.632   23.0051     2.276    -4.767                                 KURHFS 
  4218.632   23.0051     2.276    -5.210                                 KURHFS 
  4218.632   23.0051     2.276    -5.261                                 KURHFS 
  4218.633   23.0051     2.276    -4.676                                 KURHFS 
  4218.633   23.0051     2.276    -4.822                                 KURHFS 
  4218.633   23.0051     2.276    -5.386                                 KURHFS 
  4218.635   23.0051     2.276    -4.567                                 KURHFS 
  4218.635   23.0051     2.276    -4.654                                 KURHFS 
  4218.635   23.0051     2.276    -5.608                                 KURHFS 
  4218.637   23.0051     2.276    -4.369                                 KURHFS 
  4218.637   23.0051     2.276    -4.708                                 KURHFS 
  4218.637   23.0051     2.276    -6.018                                 KURHFS 
  4218.640   23.0051     2.276    -4.205                                 KURHFS 
  4218.640   23.0051     2.276    -4.904                                 KURHFS 
  4218.643   23.0051     2.276    -4.064                                 KURHFS 
  4218.655   23.0051     0.300    -3.869                                 KURHFS 
  4218.655   23.0051     0.300    -3.936                                 KURHFS 
  4218.655   23.0051     0.300    -4.568                                 KURHFS 
  4218.660   23.0051     0.300    -3.673                                 KURHFS 
  4218.660   23.0051     0.300    -3.673                                 KURHFS 
  4218.660   23.0051     0.300    -4.413                                 KURHFS 
  4218.667   23.0051     0.300    -3.469                                 KURHFS 
  4218.667   23.0051     0.300    -3.568                                 KURHFS 
  4218.667   23.0051     0.300    -4.413                                 KURHFS 
  4218.669      24.0     3.432     -2.97                                        
  4218.677   23.0051     0.300    -3.299                                 KURHFS 
  4218.677   23.0051     0.300    -3.521                                 KURHFS 
  4218.677   23.0051     0.300    -4.510                                 KURHFS 
  4218.689   23.0051     0.300    -3.153                                 KURHFS 
  4218.689   23.0051     0.300    -3.527                                 KURHFS 
  4218.689   23.0051     0.300    -4.714                                 KURHFS 
  4218.698      70.0     3.067      0.32                                        
  4218.699 106.00113     0.837    -1.343               3.464            AX11R175
  4218.704   23.0051     0.300    -3.024                                 KURHFS 
  4218.704   23.0051     0.300    -3.600                                 KURHFS 
  4218.704   23.0051     0.300    -5.112                                 KURHFS 
  4218.705      23.0     1.710     -1.41                                        
  4218.709 607.01214     2.864    -4.184               7.724          1112Qc0135
  4218.711 106.00112     0.412    -1.341               3.464            AX00R155
  4218.720   23.0051     0.300    -2.908                                 KURHFS 
  4218.720   23.0051     0.300    -3.811                                 KURHFS 
  4218.735 106.00112     0.412    -1.365               3.464            AX00R145
  4218.740   23.0051     0.300    -2.803                                 KURHFS 
  4218.745 106.00112     1.483    -4.399               3.464            AX33R185
  4218.752      23.0     1.802     -6.12                                        
  4218.754 607.01214     2.864    -1.599               7.724          1112Pb0135
  4218.761 106.00113     0.837    -1.364               3.464            AX11R165
  4218.779 106.00113     0.837    -3.485               3.464            AX11Q175
  4218.783 106.00112     0.412    -3.410               3.464            AX00Q155
  4218.837      24.0     4.609     -2.88                                        
  4218.869      25.0     4.270     -3.87                                        
  4218.918      22.0     2.736     -3.24                                        
  4218.929 607.01214     2.864    -1.569               7.724          1112Pa0145
  4218.942      26.0     4.431     -2.73                                        
  4218.961 106.00112     1.597    -4.402               3.464            AX33R205
  4218.996      23.0     2.573     -3.11                                        
  4219.013 106.00112     1.056    -8.396               3.464            CX03P065
  4219.018      42.0     3.736     -0.94                                        
  4219.032      24.0     3.090     -2.63                                        
  4219.105      24.0     3.665     -4.21                                        
  4219.112      26.0     3.366     -2.54                                        
  4219.128   23.0051     1.929    -5.714                                 KURHFS 
  4219.136   23.0051     1.929    -5.714                                 KURHFS 
  4219.136   23.0051     1.929    -5.890                                 KURHFS 
  4219.148   23.0051     1.929    -5.550                                 KURHFS 
  4219.148   23.0051     1.929    -6.015                                 KURHFS 
  4219.148   23.0051     1.929    -6.140                                 KURHFS 
  4219.165   23.0051     1.929    -5.542                                 KURHFS 
  4219.165   23.0051     1.929    -5.576                                 KURHFS 
  4219.165   23.0051     1.929    -6.568                                 KURHFS 
  4219.169 106.00113     0.410    -1.341               3.464            AX00R155
  4219.185   23.0051     1.929    -5.293                                 KURHFS 
  4219.185   23.0051     1.929    -5.703                                 KURHFS 
  4219.191 106.00113     0.410    -1.365               3.464            AX00R145
  4219.204      24.0     4.529     -1.46                                        
  4219.209   23.0051     1.929    -5.077                                 KURHFS 
  4219.230      60.1     0.380     -2.29                              DenHarto03
  4219.235 106.00112     1.539    -4.373               3.464            AX33R195
  4219.237 106.00113     0.410    -3.410               3.464            AX00Q155
  4219.254 106.00113     1.477    -4.399               3.464            AX33R185
  4219.307      62.0     0.036     -1.40                                        
  4219.330      26.0     4.291     -4.30                                        
  4219.348      28.0     3.541     -3.82                                        
  4219.360      26.0     3.573      0.00                              NIST/B+   
  4219.370 607.01214     2.870    -4.216               7.724          1112Qc0145
  4219.375      74.0     0.771     -1.80                                        
  4219.392      42.0     2.289     -1.85                                        
  4219.414      26.0     2.990     -1.90                              NIST/B    
  4219.415 607.01214     2.870    -1.569               7.724          1112Pb0145
  4219.437      25.1     5.986     -5.69                                        
  4219.469      25.0     4.357     -4.29                                        
  4219.471      24.0     2.985     -3.01                                        
  4219.492      23.0     0.286     -2.59                               LAWNOHFS 
  4219.543 106.00112     1.716    -4.525               3.464            AX33R225
  4219.560      60.1     0.380     -1.60                              DenHarto03
  4219.564      26.0     3.926     -3.18                                        
  4219.573 106.00113     1.707    -4.525               3.464            AX33R225
  4219.590 607.01214     2.870    -1.542               7.724          1112Pa0155
  4219.591      26.0     3.544     -3.01                                        
  4219.606      22.1     4.891     -1.12                                        
  4219.609      24.0     3.008     -2.73                                        
  4219.609 106.00113     1.848    -6.428               3.464            AX21P305
  4219.700 106.00113     1.589    -4.401               3.464            AX33R205
  4219.723      26.0     3.651     -4.80                                        
  4219.741 106.00113     1.077    -8.439               3.464            CX03P075
  4219.836 106.00112     1.656    -4.431               3.464            AX33R215
  4219.882      25.0     4.682     -2.49                                        
  4219.952      26.0     4.412     -2.33                                        
  4219.963      92.0     0.530     -0.73                                        
  4219.963 106.00113     1.533    -4.373               3.464            AX33R195
  4219.982      42.0     3.209     -1.68                                        
  4219.996      25.0     5.108     -3.31                                        
  4220.035      20.0     4.765     -3.17                                        
  4220.040 607.01214     2.877    -4.247               7.724          1112Qc0155
  4220.050      26.0     3.929     -1.64                              NIST/E    
  4220.065      90.0     0.689     -1.07                                        
  4220.073      23.1     1.674     -2.67                                        
  4220.082 607.01214     2.877    -1.542               7.724          1112Pb0155
  4220.090      65.1     0.771     -0.87                              Lawler01  
  4220.127      24.0     3.419     -3.39                                        
  4220.129 106.00112     1.853    -6.348               3.464            AX21P305
  4220.150      62.1     0.434     -1.17                              Lawler06  
  4220.250      60.1     0.320     -0.80                              DenHarto03
  4220.250 607.01214     2.877    -1.517               7.724          1112Pa0165
  4220.333      28.0     3.838     -3.85                                        
  4220.342      26.0     3.071     -1.31                              NIST/C+   
  4220.346 106.00112     1.917    -1.937               3.464            AX54R215
  4220.365 106.00112     1.917    -1.958               3.464            AX54R205
  4220.392      22.0     3.125     -3.20                                        
  4220.437 106.00112     1.917    -4.219               3.464            AX54Q215
  4220.443      24.0     2.965     -1.77                                        
  4220.487 106.00113     1.648    -4.431               3.464            AX33R215
  4220.523 106.00112     1.484    -4.345               3.464            AX33R185
  4220.526      21.0     4.187     -1.77                                        
  4220.550      62.1     0.040     -2.29                              Lawler06  
  4220.609      25.0     4.191     -0.78                                        
  4220.623 106.00112     0.841    -2.005               3.464            BX11Q165
  4220.628      39.0     1.852      0.28                                        
  4220.631      40.0     0.622     -1.72                                        
  4220.640 106.00112     0.841    -5.437               3.464            BX11P175
  4220.660      62.1     0.543     -0.44                              Lawler06  
  4220.681      44.0     1.732     -0.45                                        
  4220.690      62.1     0.184     -2.29                              Lawler06  
  4220.690 106.00112     0.841    -5.706               3.464            BX11R165
  4220.707 106.00112     0.841    -2.148               3.464            BX11Q175
  4220.718 607.01214     2.884    -4.276               7.724          1112Qc0165
  4220.739      20.0     5.987     -4.87                                        
  4220.767 607.01214     2.884    -1.517               7.724          1112Pb0165
  4220.793      20.0     4.776     -6.09                                        
  4220.800      77.0     3.266     -0.85                                        
  4220.916 607.01214     2.884    -1.493               7.724          1112Pa0175
  4220.987      68.0     0.862      0.05                                        
