a line list in the range:    4259.00   4271.00
  4259.026      23.1     6.096     -4.52                                        
  4259.047      26.0     2.607     -3.70                                        
  4259.049      25.1     5.832     -3.61                                        
  4259.068      58.1     0.808     -1.37                              Lawler09  
  4259.071 106.00112     1.954    -1.340               3.464            AX22R285
  4259.087 106.00112     0.490    -1.585               3.464            AX11R085
  4259.106      77.0     0.351     -2.90                                        
  4259.118      24.0     3.011     -1.67                                        
  4259.169      21.0     4.816     -3.50                                        
  4259.200      25.1     5.394     -1.59                                        
  4259.239      23.0     2.503     -8.96                                        
  4259.256 607.01214     3.147    -1.634               7.724          1213Pb0225
  4259.277 106.00112     0.490    -3.218               3.464            AX11Q095
  4259.282 106.00112     0.490    -1.542               3.464            AX11R095
  4259.283 106.00113     0.488    -1.585               3.464            AX11R085
  4259.285   23.0051     0.017    -3.374                                 KURHFS 
  4259.289   23.0051     0.017    -3.374                                 KURHFS 
  4259.289   23.0051     0.017    -3.550                                 KURHFS 
  4259.295   23.0051     0.017    -3.210                                 KURHFS 
  4259.295   23.0051     0.017    -3.675                                 KURHFS 
  4259.295   23.0051     0.017    -3.800                                 KURHFS 
  4259.303   23.0051     0.017    -3.202                                 KURHFS 
  4259.303   23.0051     0.017    -3.236                                 KURHFS 
  4259.303   23.0051     0.017    -4.228                                 KURHFS 
  4259.313      28.0     3.539     -3.04                                        
  4259.313   23.0051     0.017    -2.953                                 KURHFS 
  4259.313   23.0051     0.017    -3.363                                 KURHFS 
  4259.324   23.0051     0.017    -2.737                                 KURHFS 
  4259.334      25.0     4.636     -1.15                                        
  4259.336      26.0     2.990     -2.99                              NIST/D+   
  4259.351      26.0     4.217     -3.22                                        
  4259.363      74.0     2.657      0.33                                        
  4259.390      62.1     0.333     -2.17                              Lawler06  
  4259.437      20.0     4.760     -2.27                                        
  4259.449 607.01214     3.147    -4.670               7.724          1213Qc0225
  4259.454      29.0     4.970     -0.93                                        
  4259.464   23.0051     2.121    -3.653                                 KURHFS 
  4259.466   23.0051     2.121    -3.373                                 KURHFS 
  4259.466   23.0051     2.121    -3.653                                 KURHFS 
  4259.466   23.0051     2.121    -4.674                                 KURHFS 
  4259.469   23.0051     2.121    -3.235                                 KURHFS 
  4259.469   23.0051     2.121    -3.373                                 KURHFS 
  4259.469   23.0051     2.121    -3.975                                 KURHFS 
  4259.471 106.00113     0.488    -3.218               3.464            AX11Q095
  4259.474   23.0051     2.121    -3.169                                 KURHFS 
  4259.474   23.0051     2.121    -3.235                                 KURHFS 
  4259.474   23.0051     2.121    -3.528                                 KURHFS 
  4259.474 106.00113     0.488    -1.542               3.464            AX11R095
  4259.481   23.0051     2.121    -3.162                                 KURHFS 
  4259.481   23.0051     2.121    -3.169                                 KURHFS 
  4259.481   23.0051     2.121    -3.197                                 KURHFS 
  4259.489   23.0051     2.121    -2.934                                 KURHFS 
  4259.489   23.0051     2.121    -3.162                                 KURHFS 
  4259.489   23.0051     2.121    -3.227                                 KURHFS 
  4259.499   23.0051     2.121    -2.715                                 KURHFS 
  4259.499   23.0051     2.121    -3.227                                 KURHFS 
  4259.499   23.0051     2.121    -3.431                                 KURHFS 
  4259.511   23.0051     2.121    -2.528                                 KURHFS 
  4259.511   23.0051     2.121    -3.431                                 KURHFS 
  4259.525 607.01214     3.147    -1.619               7.724          1213Pa0235
  4259.594      58.1     0.740     -1.62                              Lawler09  
  4259.614      60.1     0.320     -1.41                                        
  4259.640   27.0059     3.629    -4.004                                 KURHFS 
  4259.645   27.0059     3.629    -3.724                                 KURHFS 
  4259.645   27.0059     3.629    -4.004                                 KURHFS 
  4259.645   27.0059     3.629    -5.025                                 KURHFS 
  4259.654   27.0059     3.629    -3.586                                 KURHFS 
  4259.654   27.0059     3.629    -3.724                                 KURHFS 
  4259.654   27.0059     3.629    -4.326                                 KURHFS 
  4259.668   27.0059     3.629    -3.520                                 KURHFS 
  4259.668   27.0059     3.629    -3.586                                 KURHFS 
  4259.668   27.0059     3.629    -3.879                                 KURHFS 
  4259.673      20.0     6.013     -2.92                                        
  4259.683      22.0     2.266     -3.41                                        
  4259.686   27.0059     3.629    -3.513                                 KURHFS 
  4259.686   27.0059     3.629    -3.520                                 KURHFS 
  4259.686   27.0059     3.629    -3.548                                 KURHFS 
  4259.688 106.00113     0.836    -2.096               3.464            BX11P165
  4259.708   27.0059     3.629    -3.285                                 KURHFS 
  4259.708   27.0059     3.629    -3.513                                 KURHFS 
  4259.708   27.0059     3.629    -3.578                                 KURHFS 
  4259.713      24.0     3.108     -3.86                                        
  4259.736   27.0059     3.629    -3.066                                 KURHFS 
  4259.736   27.0059     3.629    -3.578                                 KURHFS 
  4259.736   27.0059     3.629    -3.782                                 KURHFS 
  4259.744      58.1     0.896     -0.69                              Lawler09  
  4259.745 106.00112     0.952    -1.503               3.464            AX22R125
  4259.755 106.00113     0.836    -7.016               3.464            BX11Q165
  4259.768   27.0059     3.629    -2.879                                 KURHFS 
  4259.768   27.0059     3.629    -3.782                                 KURHFS 
  4259.785 106.00112     0.952    -1.474               3.464            AX22R135
  4259.796 106.00113     0.949    -1.503               3.464            AX22R125
  4259.815   27.0059     3.064    -3.461                                 KURHFS 
  4259.815   27.0059     3.064    -3.716                                 KURHFS 
  4259.815   27.0059     3.064    -3.746                                 KURHFS 
  4259.824   27.0059     3.064    -3.273                                 KURHFS 
  4259.824   27.0059     3.064    -3.328                                 KURHFS 
  4259.824   27.0059     3.064    -3.716                                 KURHFS 
  4259.826 106.00112     0.952    -3.399               3.464            AX22Q135
  4259.830 106.00113     0.949    -1.474               3.464            AX22R135
  4259.837   27.0059     3.064    -3.073                                 KURHFS 
  4259.837   27.0059     3.064    -3.182                                 KURHFS 
  4259.837   27.0059     3.064    -3.767                                 KURHFS 
  4259.842 106.00112     1.916    -2.258               3.464            AX43P255
  4259.854   27.0059     3.064    -2.875                                 KURHFS 
  4259.854   27.0059     3.064    -3.160                                 KURHFS 
  4259.854   27.0059     3.064    -3.892                                 KURHFS 
  4259.862 106.00113     0.836    -2.194               3.464            BX11P175
  4259.872 106.00113     0.949    -3.399               3.464            AX22Q135
  4259.876   27.0059     3.064    -2.711                                 KURHFS 
  4259.876   27.0059     3.064    -3.214                                 KURHFS 
  4259.876   27.0059     3.064    -4.114                                 KURHFS 
  4259.896 106.00112     1.916    -4.490               3.464            AX43Q245
  4259.903   27.0059     3.064    -2.570                                 KURHFS 
  4259.903   27.0059     3.064    -3.410                                 KURHFS 
  4259.903   27.0059     3.064    -4.524                                 KURHFS 
  4259.937      26.0     4.431     -1.89                                        
  4259.937      74.0     2.107     -0.94                                        
  4259.946      26.0     2.174     -5.35                                        
  4259.999      26.0     3.332     -1.40                              DenHarto14
  4260.008      44.0     1.316     -1.50                                        
  4260.010 106.00112     1.916    -2.336               3.464            AX43P245
  4260.034 106.00113     0.988    -4.712               3.464            BX10P235
  4260.081      26.0     3.394     -2.57                                        
  4260.116      64.0     0.066     -0.44                                        
  4260.135      26.0     3.071     -1.52                              NIST/C+   
  4260.170      26.0     3.394     -1.91                                        
  4260.183      24.0     3.854     -0.64                                        
  4260.189 607.01214     3.157    -1.619               7.724          1213Pb0235
  4260.220      74.0     2.244     -0.24                                        
  4260.275      22.0     2.493     -6.88                                        
  4260.286 106.00112     1.806   -10.862               3.464            CX04R195
  4260.333      90.0     1.215     -0.26                                        
  4260.354      42.0     2.756     -1.11                                        
  4260.406 607.01214     3.157    -4.695               7.724          1213Qc0235
  4260.428      14.0     4.926     -3.34                                        
  4260.449      22.0     2.343     -2.38                                        
  4260.467      25.1     1.846     -4.25                                        
  4260.474      26.0     2.399      0.08                              NIST/B    
  4260.486 607.01214     3.157    -1.606               7.724          1213Pa0245
  4260.490      24.0     3.142     -3.92                                        
  4260.565 106.00113     1.934    -3.803               3.464            AX00R345
  4260.586      24.0     3.963     -2.89                                        
  4260.652      42.0     3.209     -0.93                                        
  4260.689      23.1     6.097     -4.14                                        
  4260.696      23.1     1.671     -2.66                                        
  4260.728      26.0     2.843     -2.15                              adj-2.29
  4260.745      22.0     2.295     -1.01                                        
  4260.763      23.1     1.702     -2.40                                        
  4260.823 106.00112     1.961    -9.232               3.464            CX15R175
  4260.848      76.0     0.000     -1.44                                        
  4260.852      27.1     2.983     -4.44                                        
  4260.917      28.0     3.541     -3.15                                        
  4260.927      24.0     3.419     -3.83                                        
  4260.983      72.0     1.305     -0.95                                        
  4260.984      26.0     4.253     -4.02                                        
  4260.994      22.1     5.563     -1.87                                        
  4261.021      20.0     6.049     -2.48                                        
  4261.025      23.1     6.461     -2.02                                        
  4261.084 106.00112     1.716    -5.565               3.464            AX43P215
  4261.104      22.0     2.576     -4.16                                        
  4261.146 106.00113     1.651    -5.232               3.464            AX54P155
  4261.147 607.01214     3.167    -1.606               7.724          1213Pb0245
  4261.162      58.1     1.087     -0.50                                        
  4261.174      40.0     0.686     -1.37                                        
  4261.218 106.00112     0.125    -1.586               3.464            AX00R075
  4261.221 106.00112     0.710    -3.797               3.464            AX22R055
  4261.226      23.0     2.682     -2.86                                        
  4261.282      25.0     4.709     -0.58                                        
  4261.292      26.0     4.175     -3.08                                        
  4261.337      24.0     2.911     -0.69                                 SOBECK 
  4261.346 106.00113     0.708    -3.796               3.464            AX22R055
  4261.389 607.01214     3.167    -4.718               7.724          1213Qc0245
  4261.393 106.00112     0.710    -3.778               3.464            AX22R055
  4261.413      40.0     1.581     -0.49                                        
  4261.441      42.0     3.387     -0.97                                        
  4261.444      24.0     3.695     -2.82                                        
  4261.458 106.00113     0.125    -1.586               3.464            AX00R075
  4261.464      26.1     6.725     -4.42                                        
  4261.472 607.01214     3.167    -1.594               7.724          1213Pa0255
  4261.488      21.1     6.903     -3.12                                        
  4261.506 106.00112     0.126    -3.159               3.464            AX00Q085
  4261.517      26.0     4.470     -3.73                                        
  4261.517 106.00113     0.708    -3.778               3.464            AX22R055
  4261.521 106.00112     0.126    -1.537               3.464            AX00R085
  4261.533      20.0     6.050     -4.73                                        
  4261.548      20.0     6.050     -4.21                                        
  4261.590      22.0     2.304     -0.19                                        
  4261.600      23.1     6.141     -4.14                                        
  4261.613      24.0     3.119     -0.91                                        
  4261.625      26.0     4.140     -4.42                                        
  4261.704      41.0     1.120     -1.09                                        
  4261.731 106.00112     0.126    -1.586               3.464            AX00R075
  4261.743 106.00113     0.125    -3.159               3.464            AX00Q085
  4261.758 106.00113     0.125    -1.537               3.464            AX00R085
  4261.790      59.1     0.422     -0.98                                LINOHFS 
  4261.835      60.1     1.490      0.51                                        
  4261.847      24.1     3.101     -3.00                                        
  4261.917      24.1     3.864     -1.45                              Lawler17  
  4261.949      24.1     5.315     -4.33                                        
  4261.965 106.00113     0.125    -1.586               3.464            AX00R075
  4261.967 106.00112     0.126    -3.146               3.464            AX00Q085
  4261.982 106.00112     0.126    -1.538               3.464            AX00R085
  4262.053      41.0     0.130     -0.56                                        
  4262.082      64.0     0.841      0.86                                        
  4262.087      64.1     0.731     -0.44                                        
  4262.127      24.0     3.110     -3.41                                        
  4262.129 607.01214     3.178    -1.594               7.724          1213Pb0255
  4262.155      23.0     1.852     -0.50                               LAWNOHFS 
  4262.155      24.0     2.913     -3.37                                        
  4262.191      24.0     3.123     -3.75                                        
  4262.198      23.0     2.676     -2.13                                        
  4262.199 106.00113     0.125    -3.146               3.464            AX00Q085
  4262.216 106.00113     0.125    -1.538               3.464            AX00R085
  4262.228      60.1     0.630     -0.77                                        
  4262.236      25.0     4.824     -2.00                                        
  4262.299      24.0     3.695     -3.58                                        
  4262.340      26.0     4.100     -2.93                                        
  4262.340      57.0     0.130     -1.27                                        
  4262.363      24.0     3.077     -1.23                                        
  4262.400 607.01214     3.178    -4.742               7.724          1213Qc0255
  4262.437   23.0051     2.357    -8.494                                 KURHFS 
  4262.437   23.0051     2.357    -8.749                                 KURHFS 
  4262.443   23.0051     2.357    -8.295                                 KURHFS 
  4262.443   23.0051     2.357    -8.494                                 KURHFS 
  4262.443   23.0051     2.357   -10.402                                 KURHFS 
  4262.451   23.0051     2.357    -8.231                                 KURHFS 
  4262.451   23.0051     2.357    -8.295                                 KURHFS 
  4262.451   23.0051     2.357    -9.159                                 KURHFS 
  4262.462   23.0051     2.357    -8.231                                 KURHFS 
  4262.462   23.0051     2.357    -8.262                                 KURHFS 
  4262.462   23.0051     2.357    -8.442                                 KURHFS 
  4262.477   23.0051     2.357    -8.036                                 KURHFS 
  4262.477   23.0051     2.357    -8.262                                 KURHFS 
  4262.477   23.0051     2.357    -8.443                                 KURHFS 
  4262.485 607.01214     3.178    -1.582               7.724          1213Pa0265
  4262.494   23.0051     2.357    -7.744                                 KURHFS 
  4262.494   23.0051     2.357    -8.443                                 KURHFS 
  4262.562      26.0     4.470     -4.13                                        
  4262.590 106.00112     0.911    -1.530               3.464            AX22R115
  4262.622 106.00113     1.652    -5.278               3.464            AX54P155
  4262.640 106.00113     0.908    -1.530               3.464            AX22R115
  4262.651 106.00112     1.754    -4.285               3.464            AX54Q175
  4262.670      62.1     0.378     -0.49                              Lawler06  
  4262.698      26.0     4.368     -3.07                                        
  4262.708 106.00112     1.754    -2.390               3.464            AX54P175
  4262.727 106.00112     0.911    -1.499               3.464            AX22R125
  4262.740      72.1     1.601     -1.86                              Lawler07  
  4262.742 106.00112     1.754    -2.333               3.464            AX54P185
  4262.758 106.00112     0.911    -3.385               3.464            AX22Q125
  4262.768 106.00113     0.908    -1.499               3.464            AX22R125
  4262.814 106.00113     0.908    -3.385               3.464            AX22Q125
  4262.863 106.00113     1.105    -4.073               3.464            AX33R095
  4262.907      20.0     4.765     -2.23                                        
  4262.912 106.00112     1.108    -4.073               3.464            AX33R095
  4262.940      66.1     0.540     -2.71                              Wickliff00
  4262.943      22.0     3.145     -1.20                                        
  4262.955 106.00112     0.994    -4.818               3.464            BX00P235
  4263.132      22.0     1.886      0.22                                 LAWLER 
  4263.138      24.0     3.847      0.47                                        
  4263.138 607.01214     3.189    -1.582               7.724          1213Pb0265
  4263.178      23.1     6.161     -2.66                                        
  4263.249      22.1     5.564     -1.02                                        
  4263.297      22.0     1.748     -3.87                                        
  4263.310      22.0     3.109     -2.41                                        
  4263.318      74.0     2.855      0.37                                        
  4263.356      90.1     1.165     -1.48                                        
  4263.371 106.00113     1.105    -4.043               3.464            AX33R095
  4263.396      44.0     1.316     -1.90                                        
  4263.423      58.1     1.041     -0.40                                BIEMONT 
  4263.425 106.00112     1.109    -4.043               3.464            AX33R095
  4263.430      60.1     0.742     -0.79                              DenHarto03
  4263.433 106.00113     0.639    -5.395               3.464            BX01R135
  4263.447      72.0     0.000     -1.56                                        
  4263.465      23.1     5.845     -3.40                                        
  4263.467      22.0     1.886     -8.04                                        
  4263.503      24.1     3.103     -5.84                                        
  4263.530 106.00113     0.684    -5.393               3.464            BX01R145
  4263.574 106.00112     0.912    -1.530               3.464            AX22R115
  4263.578      57.1     1.954      0.03                                        
  4263.590      26.0     3.926     -4.26                                        
  4263.619 106.00113     0.908    -1.530               3.464            AX22R115
  4263.644 106.00112     0.912    -1.499               3.464            AX22R125
  4263.676 106.00112     0.912    -3.365               3.464            AX22Q125
  4263.682 106.00113     0.908    -1.499               3.464            AX22R125
  4263.683   27.0059     3.626    -2.599                                 KURHFS 
  4263.683   27.0059     3.626    -2.666                                 KURHFS 
  4263.683   27.0059     3.626    -3.298                                 KURHFS 
  4263.689   27.0059     3.626    -2.403                                 KURHFS 
  4263.689   27.0059     3.626    -2.403                                 KURHFS 
  4263.689   27.0059     3.626    -3.143                                 KURHFS 
  4263.698   27.0059     3.626    -2.199                                 KURHFS 
  4263.698   27.0059     3.626    -2.298                                 KURHFS 
  4263.698   27.0059     3.626    -3.143                                 KURHFS 
  4263.704      22.0     2.394     -2.37                                        
  4263.711      24.1     6.277     -2.89                                        
  4263.711   27.0059     3.626    -2.029                                 KURHFS 
  4263.711   27.0059     3.626    -2.251                                 KURHFS 
  4263.711   27.0059     3.626    -3.240                                 KURHFS 
  4263.717 106.00113     0.908    -3.365               3.464            AX22Q125
  4263.719 106.00112     1.718    -5.626               3.464            AX43P215
  4263.723      68.0     0.000     -1.74                                        
  4263.726   27.0059     3.626    -1.883                                 KURHFS 
  4263.726   27.0059     3.626    -2.257                                 KURHFS 
  4263.726   27.0059     3.626    -3.444                                 KURHFS 
  4263.745   27.0059     3.626    -1.754                                 KURHFS 
  4263.745   27.0059     3.626    -2.330                                 KURHFS 
  4263.745   27.0059     3.626    -3.842                                 KURHFS 
  4263.768   27.0059     3.626    -1.638                                 KURHFS 
  4263.768   27.0059     3.626    -2.541                                 KURHFS 
  4263.780      59.1     0.371     -0.69                                LINOHFS 
  4263.794   27.0059     3.626    -1.533                                 KURHFS 
  4263.833      24.0     3.886     -4.47                                        
  4263.849      23.1     1.684     -2.68                                        
  4263.883      25.0     4.350     -1.52                                        
  4263.883      25.0     4.350     -3.45                                        
  4263.920      60.1     0.320     -1.59                              DenHarto03
  4263.932      26.0     4.140     -4.20                                        
  4263.945      58.1     1.089     -0.69                                        
  4263.969 106.00112     0.459    -1.626               3.464            AX11R075
  4263.992      60.1     1.741      0.32                                        
  4264.040      22.0     3.125     -3.15                                        
  4264.051      67.0     0.000     -0.75                                        
  4264.073      24.0     2.706     -2.77                                        
  4264.086      26.0     4.151     -3.76                                        
  4264.110 106.00113     1.845    -3.783               3.464            AX00R335
  4264.113      23.0     1.798     -4.20                                        
  4264.133 106.00113     1.845    -0.879               3.464            AX00Q345
  4264.149 106.00113     0.458    -1.626               3.464            AX11R075
  4264.164 106.00113     1.751    -3.765               3.464            AX00R325
  4264.189 106.00113     1.751    -0.881               3.464            AX00Q335
  4264.194      25.1     5.832     -4.85                                        
  4264.203      26.0     3.368     -1.51                              NIST/C+   
  4264.222      24.1     3.103     -4.12                                        
  4264.242      23.0     3.265     -4.52                                        
  4264.250 106.00112     0.459    -3.182               3.464            AX11Q085
  4264.251      23.0     3.264     -4.51                                        
  4264.256      25.0     4.341     -2.53                                        
  4264.265 106.00112     0.459    -1.577               3.464            AX11R085
  4264.276 106.00113     1.845    -0.881               3.464            AX00Q335
  4264.289 106.00113     1.936    -0.880               3.464            AX00Q355
  4264.293      22.0     2.332     -2.38                                        
  4264.299 106.00113     1.845    -3.825               3.464            AX00P345
  4264.328 106.00113     1.751    -0.885               3.464            AX00Q325
  4264.353 106.00113     1.751    -3.808               3.464            AX00P335
  4264.368      58.1     0.899     -0.56                              Lawler09  
  4264.377 106.00112     1.761    -3.765               3.464            AX00R325
  4264.378      20.0     6.017     -4.23                                        
  4264.404      26.0     4.470     -4.16                                        
  4264.413      56.0     1.520     -0.90                                        
  4264.423 106.00113     0.458    -3.182               3.464            AX11Q085
  4264.424 106.00113     0.596    -5.395               3.464            BX01R125
  4264.437 106.00112     1.761    -0.881               3.464            AX00Q335
  4264.440 106.00113     0.458    -1.577               3.464            AX11R085
  4264.454 106.00112     1.855    -3.783               3.464            AX00R335
  4264.466 106.00112     0.460    -1.626               3.464            AX11R075
  4264.480 106.00112     1.755    -4.316               3.464            AX54Q175
  4264.482 106.00112     1.755    -2.334               3.464            AX54P185
  4264.487      23.1     1.674     -3.28                                        
  4264.489      20.0     5.724     -3.12                                        
  4264.502      24.0     5.128     -4.24                                        
  4264.516 106.00112     1.855    -0.879               3.464            AX00Q345
  4264.537 106.00112     1.755    -2.390               3.464            AX54P175
  4264.540 106.00113     1.940    -5.791               3.464            AX50R345
  4264.561 106.00113     1.940    -9.552               3.464            AX50Q355
  4264.572 106.00112     1.761    -0.885               3.464            AX00Q325
  4264.628      39.1     4.000     -1.00                                        
  4264.628 106.00112     0.641    -5.395               3.464            BX01R135
  4264.629      42.0     2.932     -1.49                                        
  4264.633 106.00112     1.761    -3.808               3.464            AX00P335
  4264.636 106.00113     0.458    -1.626               3.464            AX11R075
  4264.636 106.00113     1.659    -3.748               3.464            AX00R315
  4264.655 106.00112     1.855    -0.881               3.464            AX00Q335
  4264.664 106.00113     1.659    -0.885               3.464            AX00Q325
  4264.695 106.00112     0.460    -3.168               3.464            AX11Q085
  4264.699 106.00113     1.800    -4.278               3.464            AX54Q185
  4264.706      20.0     4.760     -2.72                                        
  4264.708 106.00113     1.940    -0.879               3.464            AX00Q345
  4264.711 106.00112     0.460    -1.577               3.464            AX11R085
  4264.716 106.00112     1.855    -3.825               3.464            AX00P345
  4264.729 106.00113     1.940    -3.843               3.464            AX00P355
  4264.736 106.00113     1.800    -2.337               3.464            AX54P185
  4264.741      26.0     3.957     -1.45                                        
  4264.747 106.00112     1.668    -3.748               3.464            AX00R315
  4264.749      76.0     1.656     -1.52                                        
  4264.770 106.00112     0.687    -5.393               3.464            BX01R145
  4264.773 106.00113     1.800    -2.281               3.464            AX54P195
  4264.783      22.0     1.501     -3.92                                        
  4264.797 106.00113     1.659    -0.890               3.464            AX00Q315
  4264.808 106.00112     1.668    -0.885               3.464            AX00Q325
  4264.826 106.00113     1.659    -3.791               3.464            AX00P325
  4264.842      26.0     4.470     -3.44                                        
  4264.856 106.00113     0.732    -5.388               3.464            BX01R155
  4264.862 106.00113     0.458    -3.168               3.464            AX11Q085
  4264.866      68.0     1.533      0.17                                        
  4264.881 106.00113     0.458    -1.577               3.464            AX11R085
  4264.908      40.1     1.665     -1.63                                Ljung06 
  4264.938 106.00112     1.668    -0.890               3.464            AX00Q315
  4264.998 106.00112     1.668    -3.791               3.464            AX00P325
  4265.050      24.0     3.373     -4.54                                        
  4265.052 106.00112     1.951    -3.802               3.464            AX00R345
  4265.070      42.0     3.185     -1.60                                        
  4265.070      62.1     0.184     -1.04                              Lawler06  
  4265.071      25.1     5.811     -4.92                                        
  4265.080      22.0     2.248     -2.00                                        
  4265.115 106.00112     1.951    -0.878               3.464            AX00Q355
  4265.128      42.0     2.913     -1.81                                        
  4265.182      26.0     3.414     -4.39                                        
  4265.193      23.1     6.461     -2.18                                        
  4265.236      26.0     3.957     -2.40                                        
  4265.237      24.0     4.774     -2.35                                        
  4265.257      22.0     2.287     -0.65                                        
  4265.257 106.00112     1.951    -0.879               3.464            AX00Q345
  4265.269      26.0     3.926     -1.98                                        
  4265.297      77.0     1.605     -2.19                                        
  4265.313      20.0     6.017     -4.59                                        
  4265.320 106.00112     1.951    -3.843               3.464            AX00P355
  4265.357 106.00112     0.021    -3.577               3.464            AX00R035
  4265.365      24.0     3.823     -1.30                                        
  4265.366      20.0     6.017     -4.72                                        
  4265.404 106.00112     1.951    -5.315               3.464            AX50R355
  4265.434 106.00112     0.021    -3.564               3.464            AX00R035
  4265.461      27.1     3.024     -5.33                                        
  4265.468 106.00113     1.568    -3.730               3.464            AX00R305
  4265.499 106.00113     1.568    -0.890               3.464            AX00Q315
  4265.502 106.00112     1.577    -3.730               3.464            AX00R305
  4265.522 106.00112     1.951    -5.791               3.464            AX50R345
  4265.523      22.0     2.406     -2.35                                        
  4265.562 106.00112     1.577    -0.890               3.464            AX00Q315
  4265.577 106.00113     0.021    -3.577               3.464            AX00R035
  4265.585 106.00112     1.951    -9.552               3.464            AX50Q355
  4265.595 106.00112     0.599    -5.394               3.464            BX01R125
  4265.608      44.0     1.087     -1.60                                        
  4265.618      26.0     4.431     -1.61                                        
  4265.627 106.00113     1.568    -0.896               3.464            AX00Q305
  4265.632      27.1     5.171     -6.35                                        
  4265.645 106.00113     0.021    -3.564               3.464            AX00R035
  4265.658 106.00113     1.568    -3.774               3.464            AX00P315
  4265.661      23.0     3.265     -4.42                                        
  4265.678      24.0     3.008     -5.41                                        
  4265.687 106.00112     1.577    -0.896               3.464            AX00Q305
  4265.697      20.0     4.765     -2.74                                        
  4265.702      22.0     1.872     -0.99                                 LAWLER 
  4265.747 106.00112     1.577    -3.774               3.464            AX00P315
  4265.790      66.1     1.220     -1.65                              Wickliff00
  4265.827      22.0     2.425     -1.42                                        
  4265.870      25.0     4.357     -2.33                                        
  4265.903      23.0     2.573     -1.77                                        
  4265.910      26.0     4.580     -1.56                              PK15THEOR 
  4265.922   25.0055     2.939    -0.821                                 BOOKUR 
  4265.922   25.0055     2.939    -1.298                                 BOOKUR 
  4265.923      20.0     6.000     -3.74                                        
  4265.923   25.0055     2.939    -1.196                                 BOOKUR 
  4265.923   25.0055     2.939    -1.298                                 BOOKUR 
  4265.923   25.0055     2.939    -1.370                                 BOOKUR 
  4265.924   25.0055     2.939    -1.196                                 BOOKUR 
  4265.924   25.0055     2.939    -1.328                                 BOOKUR 
  4265.924   25.0055     2.939    -1.328                                 BOOKUR 
  4265.924   25.0055     2.939    -1.696                                 BOOKUR 
  4265.924   25.0055     2.939    -2.905                                 BOOKUR 
  4265.965      26.0     4.470     -4.45                                        
  4266.005      20.0     6.000     -3.08                                        
  4266.019      41.0     1.079     -0.44                                        
  4266.158 106.00113     1.938    -3.840               3.464            AX00R345
  4266.166 106.00112     0.735    -5.388               3.464            BX01R155
  4266.177      42.0     2.553     -1.07                                        
  4266.180      24.1     3.884     -3.68                                        
  4266.184      26.0     4.214     -3.56                                        
  4266.194 106.00112     0.840    -2.095               3.464            BX11P165
  4266.209      22.0     2.295     -0.38                                        
  4266.238      27.1     5.462     -4.40                                        
  4266.258 106.00112     0.840    -7.015               3.464            BX11Q165
  4266.288      24.0     3.887     -3.14                                        
  4266.293      22.0     2.776     -1.06                                        
  4266.307      62.0     0.101     -0.89                                        
  4266.321      26.0     4.383     -2.21                                        
  4266.323      92.0     0.000     -1.37                                        
  4266.369 106.00112     0.840    -2.192               3.464            BX11P175
  4266.394 106.00113     0.557    -5.391               3.464            BX01R115
  4266.418      26.0     4.188     -2.63                                        
  4266.437 106.00112     2.102    -6.535               3.464            CX04R245
  4266.509      24.0     3.373     -3.94                                        
  4266.518 106.00112     0.359    -3.577               3.464            AX11R035
  4266.529      74.0     2.965     -0.10                                        
  4266.572      26.0     4.175     -3.54                                        
  4266.578 106.00112     2.102   -11.004               3.464            CX04Q245
  4266.583 106.00112     0.359    -3.565               3.464            AX11R035
  4266.583 106.00112     1.487    -3.713               3.464            AX00R295
  4266.594      64.0     0.124     -0.38                                        
  4266.607 106.00113     1.479    -3.713               3.464            AX00R295
  4266.630 106.00112     2.102    -6.730               3.464            CX04R235
  4266.641 106.00113     1.479    -0.896               3.464            AX00Q305
  4266.644 106.00112     1.487    -0.896               3.464            AX00Q305
  4266.651 106.00112     1.872    -5.806               3.464            AX32P275
  4266.675 106.00113     1.801    -2.281               3.464            AX54P195
  4266.685 106.00113     0.358    -3.577               3.464            AX11R035
  4266.686      20.0     5.923     -3.40                                        
  4266.690 106.00113     1.801    -4.310               3.464            AX54Q185
  4266.710      60.1     0.204     -0.97                              DenHarto03
  4266.725 106.00113     1.801    -2.337               3.464            AX54P185
  4266.745 106.00112     0.873    -1.560               3.464            AX22R105
  4266.748 106.00113     0.358    -3.565               3.464            AX11R035
  4266.762 106.00112     1.487    -0.903               3.464            AX00Q295
  4266.762 106.00113     1.479    -0.903               3.464            AX00Q295
  4266.792 106.00113     0.870    -1.560               3.464            AX22R105
  4266.797 106.00113     1.479    -3.757               3.464            AX00P305
  4266.800      24.0     2.998     -2.37                                        
  4266.823 106.00112     1.487    -3.757               3.464            AX00P305
  4266.850      27.1     3.405     -3.94                                        
  4266.859      26.0     4.175     -3.32                                        
  4266.910 106.00112     0.873    -1.526               3.464            AX22R115
  4266.932 106.00112     0.873    -3.347               3.464            AX22Q115
  4266.952 106.00113     0.870    -1.526               3.464            AX22R115
  4266.957      25.0     5.345     -3.95                                        
  4266.958      26.0     4.435     -1.90                              PK15THEOR 
  4266.965      26.0     2.728     -1.81                              NIST/B+   
  4266.968      23.0     1.375     -4.02                                        
  4266.977      25.1     5.490     -3.30                                        
  4266.977 106.00113     0.870    -3.347               3.464            AX22Q115
  4267.008      64.0     0.027     -0.81                                        
  4267.026      20.0     4.776     -3.21                                        
  4267.072      20.0     6.018     -2.69                                        
  4267.138      23.1     1.671     -5.78                                        
  4267.222      58.1     0.560     -1.06                                        
  4267.230      24.0     4.532     -2.88                                        
  4267.286      26.0     4.317     -2.75                                        
  4267.291      40.1     2.408     -1.00                                        
  4267.298      92.1     0.113     -1.74                                        
  4267.337      24.0     3.548     -2.74                                        
  4267.383 106.00112     0.098    -1.633               3.464            AX00R065
  4267.392      26.0     4.280     -2.32                                        
  4267.420      24.1     6.280     -4.51                                        
  4267.425      26.1     2.578     -8.94                                        
  4267.553      24.0     3.008     -5.01                                        
  4267.557 106.00112     0.559    -5.390               3.464            BX01R115
  4267.558      23.0     1.871     -2.69                                        
  4267.588 106.00113     0.097    -1.633               3.464            AX00R065
  4267.589 106.00112     0.874    -1.560               3.464            AX22R105
  4267.598 106.00113     0.783    -5.382               3.464            BX01R165
  4267.625 106.00113     0.871    -1.560               3.464            AX22R105
  4267.653      23.0     2.636     -2.73                                        
  4267.692 106.00112     0.874    -1.526               3.464            AX22R115
  4267.714 106.00112     0.874    -3.328               3.464            AX22Q115
  4267.715 106.00112     0.098    -3.102               3.464            AX00Q075
  4267.725 106.00113     0.871    -1.526               3.464            AX22R115
  4267.743      26.0     4.368     -3.56                                        
  4267.747 106.00113     0.871    -3.328               3.464            AX22Q115
  4267.748 106.00112     0.098    -1.577               3.464            AX00R075
  4267.787 106.00112     0.098    -1.633               3.464            AX00R065
  4267.813      20.0     5.923     -3.89                                        
  4267.818      26.0     3.299     -7.68                                        
  4267.827      26.0     3.111     -1.17                              NIST/B    
  4267.862      20.0     4.677     -3.21                                        
  4267.881      25.1     5.832     -5.34                                        
  4267.917      24.0     4.609     -1.08                                        
  4267.917 106.00113     0.097    -3.102               3.464            AX00Q075
  4267.929      92.0     0.774     -0.61                                        
  4267.940 106.00112     1.400    -3.695               3.464            AX00R285
  4267.950 106.00113     0.097    -1.577               3.464            AX00R075
  4267.979   27.0059     0.224    -4.858                                 KURHFS 
  4267.988 106.00113     0.097    -1.633               3.464            AX00R065
  4267.998   27.0059     0.224    -4.837                                 KURHFS 
  4267.999      26.1     6.083     -4.27                                        
  4268.000   27.0059     0.224    -5.314                                 KURHFS 
  4268.002 106.00112     1.400    -0.903               3.464            AX00Q295
  4268.005 106.00113     1.392    -3.695               3.464            AX00R285
  4268.014      40.0     0.622     -0.83                                        
  4268.023   27.0059     0.224    -4.983                                 KURHFS 
  4268.025   27.0059     0.224    -4.837                                 KURHFS 
  4268.032      20.0     4.765     -2.45                                        
  4268.032      28.0     4.232     -3.05                                        
  4268.043 106.00113     1.392    -0.903               3.464            AX00Q295
  4268.048      74.0     2.456     -0.72                                        
  4268.057   27.0059     0.224    -4.516                                 KURHFS 
  4268.072      42.0     3.176     -0.70                                        
  4268.073 106.00112     0.098    -3.090               3.464            AX00Q075
  4268.075      26.1     7.489     -4.43                                        
  4268.099      77.0     0.880     -1.94                                        
  4268.105 106.00112     0.098    -1.577               3.464            AX00R075
  4268.113 106.00112     1.400    -0.911               3.464            AX00Q285
  4268.138      24.0     4.398     -3.29                                        
  4268.156 106.00113     1.392    -0.911               3.464            AX00Q285
  4268.175 106.00112     1.400    -3.740               3.464            AX00P295
  4268.184   27.0059     3.629    -4.690                                 KURHFS 
  4268.189   27.0059     3.629    -4.410                                 KURHFS 
  4268.189   27.0059     3.629    -4.690                                 KURHFS 
  4268.189   27.0059     3.629    -5.711                                 KURHFS 
  4268.192      23.1     6.160     -4.57                                        
  4268.195 106.00113     1.392    -3.740               3.464            AX00P295
  4268.198   27.0059     3.629    -4.272                                 KURHFS 
  4268.198   27.0059     3.629    -4.410                                 KURHFS 
  4268.198   27.0059     3.629    -5.012                                 KURHFS 
  4268.212   27.0059     3.629    -4.206                                 KURHFS 
  4268.212   27.0059     3.629    -4.272                                 KURHFS 
  4268.212   27.0059     3.629    -4.565                                 KURHFS 
  4268.230   27.0059     3.629    -4.199                                 KURHFS 
  4268.230   27.0059     3.629    -4.206                                 KURHFS 
  4268.230   27.0059     3.629    -4.234                                 KURHFS 
  4268.232      73.0     1.907     -0.61                                        
  4268.253   27.0059     3.629    -3.971                                 KURHFS 
  4268.253   27.0059     3.629    -4.199                                 KURHFS 
  4268.253   27.0059     3.629    -4.264                                 KURHFS 
  4268.269      66.0     0.512     -0.96                                        
  4268.271 106.00113     0.098    -3.090               3.464            AX00Q075
  4268.280   27.0059     3.629    -3.752                                 KURHFS 
  4268.280   27.0059     3.629    -4.264                                 KURHFS 
  4268.280   27.0059     3.629    -4.468                                 KURHFS 
  4268.300      58.1     0.736     -1.15                                        
  4268.304 106.00113     0.098    -1.577               3.464            AX00R075
  4268.312   27.0059     3.629    -3.565                                 KURHFS 
  4268.312   27.0059     3.629    -4.468                                 KURHFS 
  4268.389   27.0059     2.540    -3.229                                 KURHFS 
  4268.389   27.0059     2.540    -3.229                                 KURHFS 
  4268.389   27.0059     2.540    -3.530                                 KURHFS 
  4268.391      23.1     6.491     -2.30                                        
  4268.395      24.1     6.636     -4.23                                        
  4268.400 106.00113     1.970    -4.191               3.464            AX54R215
  4268.411   27.0059     2.540    -3.065                                 KURHFS 
  4268.411   27.0059     2.540    -3.091                                 KURHFS 
  4268.411   27.0059     2.540    -3.405                                 KURHFS 
  4268.417   27.0059     2.540    -2.507                                 LAWHFS 
  4268.429      28.0     3.191     -3.43                                        
  4268.430      24.0     3.887     -1.71                                        
  4268.433   27.0059     2.540    -2.723                                 LAWHFS 
  4268.438   27.0059     2.540    -3.133                                 LAWHFS 
  4268.440   27.0059     2.540    -2.808                                 KURHFS 
  4268.440   27.0059     2.540    -3.057                                 KURHFS 
  4268.440   27.0059     2.540    -3.655                                 KURHFS 
  4268.447   27.0059     2.540    -3.006                                 LAWHFS 
  4268.451   27.0059     2.540    -2.972                                 LAWHFS 
  4268.456   27.0059     2.540    -3.998                                 LAWHFS 
  4268.458   27.0059     2.540    -3.445                                 LAWHFS 
  4268.458 106.00113     1.970    -1.711               3.464            AX54Q225
  4268.458 106.00113     1.970    -1.740               3.464            AX54Q215
  4268.461   27.0059     2.540    -2.980                                 LAWHFS 
  4268.465   27.0059     2.540    -3.570                                 LAWHFS 
  4268.469   27.0059     2.540    -3.144                                 LAWHFS 
  4268.472   27.0059     2.540    -3.320                                 LAWHFS 
  4268.476   27.0059     2.540    -3.144                                 LAWHFS 
  4268.477   27.0059     2.540    -2.592                                 KURHFS 
  4268.477   27.0059     2.540    -3.218                                 KURHFS 
  4268.477   27.0059     2.540    -4.083                                 KURHFS 
  4268.516 106.00113     1.970    -4.331               3.464            AX54P225
  4268.531      20.0     4.677     -2.51                                        
  4268.537 106.00112     0.956    -2.984               3.464            BX11R185
  4268.559      69.0     2.149      0.15                                        
  4268.573      22.0     3.152     -2.51                                        
  4268.576      22.0     2.235     -2.82                                        
  4268.598      22.0     2.159     -2.35                                        
  4268.603      26.0     4.100     -3.86                                        
  4268.612      26.0     4.590     -1.35                                        
  4268.618      22.0     2.159     -2.32                                        
  4268.632 106.00112     0.956    -7.636               3.464            BX11Q195
  4268.638      23.0     1.866      0.55                               LAWNOHFS 
  4268.663      41.0     0.019     -1.58                                        
  4268.679      24.0     4.609     -3.00                                        
  4268.686      25.0     4.824     -2.32                                        
  4268.713 106.00112     0.956    -3.020               3.464            BX11R195
  4268.730      64.1     1.101     -0.63                              DenHarto06
  4268.735 106.00113     1.770    -5.516               3.464            AX43P225
  4268.737      28.0     3.396     -2.95                                        
  4268.749      26.0     3.301     -1.57                              NIST/C+   
  4268.783      24.0     3.977     -0.22                                        
  4268.846      92.1     0.284     -1.82                                        
  4268.854      25.0     5.108     -2.48                                        
  4268.883      24.1     6.479     -1.57                                        
  4268.909      22.0     2.290     -1.24                                        
  4268.987      24.0     3.108     -3.53                                        
  4268.993      24.0     3.077     -2.35                                        
  4269.005 106.00112     0.787    -5.382               3.464            BX01R165
  4269.020       6.0     7.679     -2.54                                        
  4269.095      24.0     3.889     -3.21                                        
  4269.105      24.0     3.836     -1.05                                        
  4269.154      26.0     4.188     -2.62                                        
  4269.174      28.0     3.396     -2.51                                        
  4269.176      58.1     0.792     -1.41                              Lawler09  
  4269.188      23.0     2.357     -8.38                                        
  4269.249      58.1     0.969     -0.51                                        
  4269.255 106.00113     0.521    -5.383               3.464            BX01R105
  4269.260 106.00113     1.755    -0.882               3.464            AX00Q335
  4269.272      24.1     3.854     -2.08                              Lawler17  
  4269.279      42.0     2.646     -0.39                              NIST/B    
  4269.330      24.0     3.842     -2.05                                        
  4269.333      20.0     6.003     -4.80                                        
  4269.378 106.00113     1.755    -3.800               3.464            AX00R325
  4269.384      74.0     0.366     -1.28                                        
  4269.398 106.00113     1.849    -0.879               3.464            AX00Q345
  4269.401      22.0     1.878     -5.88                                        
  4269.419      27.1     3.626     -2.93                                        
  4269.425 106.00113     1.755    -3.776               3.464            AX00P335
  4269.461      25.1     6.900     -6.21                                        
  4269.468 106.00112     0.433    -1.672               3.464            AX11R065
  4269.492      57.1     1.781      0.03                                        
  4269.500      22.0     1.429     -3.82                                        
  4269.519 106.00113     1.849    -3.819               3.464            AX00R335
  4269.525 106.00112     1.764    -0.882               3.464            AX00Q335
  4269.527 106.00112     1.314    -3.678               3.464            AX00R275
  4269.536      26.0     4.431     -1.75                                        
  4269.540 106.00113     1.662    -0.885               3.464            AX00Q325
  4269.542 106.00113     1.755    -0.885               3.464            AX00Q325
  4269.565 106.00113     1.849    -3.792               3.464            AX00P345
  4269.590 106.00112     1.314    -0.911               3.464            AX00Q285
  4269.604      24.0     3.011     -5.96                                        
  4269.605      92.1     0.217     -1.58                                        
  4269.612      76.0     2.342     -0.76                                        
  4269.613 106.00112     1.764    -3.800               3.464            AX00R325
  4269.618 106.00113     0.431    -1.672               3.464            AX11R065
  4269.620 106.00113     1.307    -3.678               3.464            AX00R275
  4269.642      24.0     2.706     -3.69                                        
  4269.654 106.00113     1.662    -3.782               3.464            AX00R315
  4269.662 106.00113     1.307    -0.911               3.464            AX00Q285
  4269.686 106.00113     1.849    -0.882               3.464            AX00Q335
  4269.694 106.00112     1.314    -0.920               3.464            AX00Q275
  4269.702 106.00113     1.662    -3.760               3.464            AX00P325
  4269.708 106.00112     1.671    -0.885               3.464            AX00Q325
  4269.720 106.00112     1.764    -3.776               3.464            AX00P335
  4269.753      23.0     1.847     -0.66                               LAWNOHFS 
  4269.756 106.00112     1.314    -3.722               3.464            AX00P285
  4269.764      62.1     0.248     -2.36                                        
  4269.767 106.00113     1.307    -0.920               3.464            AX00Q275
  4269.773      74.0     2.265     -0.49                                        
  4269.788 106.00112     1.859    -0.879               3.464            AX00Q345
  4269.789 106.00112     0.433    -3.124               3.464            AX11Q075
  4269.794 106.00112     1.671    -3.782               3.464            AX00R315
  4269.807 106.00112     1.764    -0.885               3.464            AX00Q325
  4269.810 106.00113     1.307    -3.722               3.464            AX00P285
  4269.816 106.00113     1.662    -0.890               3.464            AX00Q315
  4269.820 106.00112     0.433    -1.616               3.464            AX11R075
  4269.858 106.00112     0.433    -1.672               3.464            AX11R065
  4269.874      26.0     3.394     -1.33                                        
  4269.876 106.00112     1.859    -3.819               3.464            AX00R335
  4269.897 106.00112     1.671    -3.760               3.464            AX00P325
  4269.933 106.00113     0.431    -3.124               3.464            AX11Q075
  4269.943      90.0     1.005     -1.07                                        
  4269.946      68.0     1.473      0.11                                        
  4269.950      24.0     3.085     -1.02                                        
  4269.965 106.00113     0.431    -1.616               3.464            AX11R075
  4269.984 106.00112     1.671    -0.890               3.464            AX00Q315
  4269.988 106.00112     1.859    -3.792               3.464            AX00P345
  4269.998 106.00113     0.431    -1.672               3.464            AX11R065
  4270.020 106.00113     1.944    -9.498               3.464            AX50Q355
  4270.039      24.0     4.436     -4.44                                        
  4270.076 106.00112     1.859    -0.882               3.464            AX00Q335
  4270.081      26.0     4.188     -3.36                                        
  4270.090      23.0     2.682     -2.56                                        
  4270.120 106.00113     1.077    -4.020               3.464            AX33R085
  4270.126      22.0     2.316     -0.17                                        
  4270.134 106.00112     0.433    -3.112               3.464            AX11Q075
  4270.144 106.00113     1.944    -5.791               3.464            AX50R345
  4270.161      23.1     6.182     -4.19                                        
  4270.168 106.00112     0.433    -1.617               3.464            AX11R075
  4270.178 106.00113     1.572    -0.890               3.464            AX00Q315
  4270.184      58.1     0.560     -0.27                              Lawler09  
  4270.189 106.00113     1.944    -3.809               3.464            AX00P355
  4270.202 106.00112     1.081    -4.020               3.464            AX33R085
  4270.248      20.0     4.621     -2.44                                        
  4270.272 106.00112     1.580    -0.890               3.464            AX00Q315
  4270.273 106.00113     0.432    -3.112               3.464            AX11Q075
  4270.274      64.0     0.841     -0.60                                        
  4270.288 106.00113     1.572    -3.763               3.464            AX00R305
  4270.300      26.0     2.586     -3.74                                        
  4270.305      23.0     2.573      0.26                                        
  4270.305 106.00113     0.432    -1.617               3.464            AX11R075
  4270.309   27.0059     2.540    -2.784                                 KURHFS 
  4270.309   27.0059     2.540    -2.960                                 KURHFS 
  4270.312 106.00113     1.944    -0.879               3.464            AX00Q345
  4270.317      23.0     1.802     -0.50                               LAWNOHFS 
  4270.319      24.0     3.009     -5.72                                        
  4270.323      26.0     4.545     -3.78                                        
  4270.329      90.1     1.914     -0.74                                        
  4270.331   27.0059     2.540    -2.659                                 KURHFS 
  4270.331   27.0059     2.540    -2.784                                 KURHFS 
  4270.337 106.00113     1.572    -3.743               3.464            AX00P315
  4270.339   27.0059     1.048    -5.181                                 KURHFS 
  4270.339   27.0059     1.048    -5.436                                 KURHFS 
  4270.339   27.0059     1.048    -5.466                                 KURHFS 
  4270.352   27.0059     1.048    -4.993                                 KURHFS 
  4270.352   27.0059     1.048    -5.048                                 KURHFS 
  4270.352   27.0059     1.048    -5.436                                 KURHFS 
  4270.357 106.00112     1.580    -3.763               3.464            AX00R305
  4270.360   27.0059     2.540    -2.659                                 KURHFS 
  4270.360   27.0059     2.540    -2.773                                 KURHFS 
  4270.360   27.0059     2.540    -2.978                                 KURHFS 
  4270.373   27.0059     1.048    -4.793                                 KURHFS 
  4270.373   27.0059     1.048    -4.902                                 KURHFS 
  4270.373   27.0059     1.048    -5.487                                 KURHFS 
  4270.379      26.1     4.491     -4.72                                        
  4270.397   27.0059     2.540    -2.362                                 KURHFS 
  4270.397   27.0059     2.540    -2.773                                 KURHFS 
  4270.400   27.0059     1.048    -4.595                                 KURHFS 
  4270.400   27.0059     1.048    -4.880                                 KURHFS 
  4270.400   27.0059     1.048    -5.612                                 KURHFS 
  4270.424 106.00112     0.523    -5.383               3.464            BX01R105
  4270.434   27.0059     1.048    -4.431                                 KURHFS 
  4270.434   27.0059     1.048    -4.934                                 KURHFS 
  4270.434   27.0059     1.048    -5.834                                 KURHFS 
  4270.447 106.00113     1.572    -0.896               3.464            AX00Q305
  4270.456 106.00112     1.580    -3.743               3.464            AX00P315
  4270.474   27.0059     1.048    -4.290                                 KURHFS 
  4270.474   27.0059     1.048    -5.130                                 KURHFS 
  4270.474   27.0059     1.048    -6.244                                 KURHFS 
  4270.476      24.0     4.609     -0.96                                        
  4270.525 106.00113     1.078    -3.993               3.464            AX33R085
  4270.541 106.00112     1.580    -0.896               3.464            AX00Q305
  4270.555 106.00112     1.875    -5.880               3.464            AX32P275
  4270.570      60.1     0.000     -1.27                              DenHarto03
  4270.570 106.00112     1.954    -0.878               3.464            AX00Q355
  4270.613 106.00112     1.081    -3.993               3.464            AX33R085
  4270.657 106.00112     1.954    -3.839               3.464            AX00R345
  4270.678      23.1     1.702     -3.53                                        
  4270.687      41.0     1.120     -0.57                                        
  4270.687 106.00112     0.694    -3.701               3.464            AX22R045
  4270.698      27.1     3.116     -4.83                                        
  4270.699      24.0     3.110     -4.43                                        
  4270.705      62.1     0.184     -2.27                                        
  4270.714      58.1     0.957     -0.07                                BIEMONT 
  4270.742      24.0     3.011     -5.46                                        
  4270.765 106.00113     0.692    -3.701               3.464            AX22R045
  4270.775 106.00112     1.954    -3.808               3.464            AX00P355
  4270.799 106.00112     0.694    -3.685               3.464            AX22R045
  4270.830 106.00113     1.972    -1.711               3.464            AX54Q225
  4270.846 106.00112     1.954    -5.315               3.464            AX50R355
  4270.850      62.1     0.659     -0.87                              Lawler06  
  4270.861 106.00112     1.954    -0.879               3.464            AX00Q345
  4270.873 106.00113     1.972    -4.217               3.464            AX54R215
  4270.876 106.00113     0.692    -3.685               3.464            AX22R045
  4270.893 106.00113     1.972    -4.307               3.464            AX54P225
  4270.895      74.0     2.965     -0.18                                        
  4270.924      24.0     2.707     -2.91                                        
  4270.935 106.00113     1.972    -1.740               3.464            AX54Q215
  4271.000      22.0     3.137     -2.22                                        
