a line list in the range:    4339.00   4351.00
  4339.000      68.1     1.769     -0.56                                        
  4339.028 106.00113     0.052    -2.107               3.464            AX00P055
  4339.039 106.00112     1.984    -3.879               3.464            AX33Q265
  4339.050 106.00112     0.681    -2.690               3.464            AX22P035
  4339.081   27.0059     0.101    -6.792                                 KURHFS 
  4339.084   27.0059     0.101    -6.529                                 KURHFS 
  4339.084   27.0059     0.101    -6.725                                 KURHFS 
  4339.090   27.0059     0.101    -6.325                                 KURHFS 
  4339.090   27.0059     0.101    -6.529                                 KURHFS 
  4339.090   27.0059     0.101    -7.424                                 KURHFS 
  4339.099   27.0059     0.101    -6.155                                 KURHFS 
  4339.099   27.0059     0.101    -6.424                                 KURHFS 
  4339.099   27.0059     0.101    -7.269                                 KURHFS 
  4339.109      26.0     4.545     -3.23                                        
  4339.112   27.0059     0.101    -6.009                                 KURHFS 
  4339.112   27.0059     0.101    -6.377                                 KURHFS 
  4339.112   27.0059     0.101    -7.269                                 KURHFS 
  4339.127   27.0059     0.101    -5.880                                 KURHFS 
  4339.127   27.0059     0.101    -6.383                                 KURHFS 
  4339.127   27.0059     0.101    -7.366                                 KURHFS 
  4339.146   27.0059     0.101    -5.764                                 KURHFS 
  4339.146   27.0059     0.101    -6.456                                 KURHFS 
  4339.146   27.0059     0.101    -7.570                                 KURHFS 
  4339.167   27.0059     0.101    -5.659                                 KURHFS 
  4339.167   27.0059     0.101    -6.667                                 KURHFS 
  4339.167   27.0059     0.101    -7.968                                 KURHFS 
  4339.219 106.00113     0.052    -2.107               3.464            AX00P055
  4339.223   23.0051     1.929    -7.579                                 KURHFS 
  4339.223   23.0051     1.929    -7.834                                 KURHFS 
  4339.223   23.0051     1.929    -7.864                                 KURHFS 
  4339.231   23.0051     1.929    -7.391                                 KURHFS 
  4339.231   23.0051     1.929    -7.446                                 KURHFS 
  4339.231   23.0051     1.929    -7.834                                 KURHFS 
  4339.232      42.0     2.497     -1.77                                        
  4339.244   23.0051     1.929    -7.191                                 KURHFS 
  4339.244   23.0051     1.929    -7.300                                 KURHFS 
  4339.244   23.0051     1.929    -7.885                                 KURHFS 
  4339.248 106.00112     0.053    -2.107               3.464            AX00P055
  4339.261   23.0051     1.929    -6.993                                 KURHFS 
  4339.261   23.0051     1.929    -7.278                                 KURHFS 
  4339.261   23.0051     1.929    -8.010                                 KURHFS 
  4339.282   23.0051     1.929    -6.829                                 KURHFS 
  4339.282   23.0051     1.929    -7.332                                 KURHFS 
  4339.282   23.0051     1.929    -8.232                                 KURHFS 
  4339.308   23.0051     1.929    -6.688                                 KURHFS 
  4339.308   23.0051     1.929    -7.528                                 KURHFS 
  4339.308   23.0051     1.929    -8.642                                 KURHFS 
  4339.312      58.1     1.347      0.22                                        
  4339.347 106.00113     0.968    -2.425               3.464            AX33R005
  4339.366 106.00113     0.968    -2.425               3.464            AX33R005
  4339.377 106.00113     1.854   -13.029               3.464            CX04Q205
  4339.399      24.0     0.982     -0.86                                        
  4339.410      20.0     6.050     -4.02                                        
  4339.425      20.0     6.050     -3.22                                        
  4339.442 106.00112     0.053    -2.107               3.464            AX00P055
  4339.446      24.0     0.982     -0.86                                 SOBECK 
  4339.459      25.0     4.662     -3.78                                        
  4339.476 106.00113     0.782    -2.490               3.464            BX01R155
  4339.494      26.0     4.584     -2.52                              PK15THEOR 
  4339.549      40.1     0.802     -1.99                                Ljung06 
  4339.572   27.0059     2.540    -4.339                                 KURHFS 
  4339.572   27.0059     2.540    -4.515                                 KURHFS 
  4339.595   27.0059     2.540    -4.214                                 KURHFS 
  4339.595   27.0059     2.540    -4.339                                 KURHFS 
  4339.598 106.00113     0.782    -7.262               3.464            BX01Q165
  4339.612 607.01214     3.513    -5.293               7.724          1415Qc0165
  4339.623 607.01214     3.513    -2.506               7.724          1415Pb0165
  4339.624 607.01214     3.513    -2.487               7.724          1415Pa0175
  4339.625   27.0059     2.540    -4.214                                 KURHFS 
  4339.625   27.0059     2.540    -4.328                                 KURHFS 
  4339.625   27.0059     2.540    -4.533                                 KURHFS 
  4339.660      66.1     0.590     -1.87                              Wickliff00
  4339.663   27.0059     2.540    -3.917                                 KURHFS 
  4339.663   27.0059     2.540    -4.328                                 KURHFS 
  4339.671 106.00113     0.782    -2.438               3.464            BX01R165
  4339.682   23.0051     2.121    -3.736                                 KURHFS 
  4339.684   23.0051     2.121    -3.451                                 KURHFS 
  4339.684   23.0051     2.121    -3.706                                 KURHFS 
  4339.687   23.0051     2.121    -3.263                                 KURHFS 
  4339.687   23.0051     2.121    -3.706                                 KURHFS 
  4339.687   23.0051     2.121    -3.757                                 KURHFS 
  4339.693   23.0051     2.121    -3.172                                 KURHFS 
  4339.693   23.0051     2.121    -3.318                                 KURHFS 
  4339.693   23.0051     2.121    -3.882                                 KURHFS 
  4339.700   23.0051     2.121    -3.063                                 KURHFS 
  4339.700   23.0051     2.121    -3.150                                 KURHFS 
  4339.700   23.0051     2.121    -4.104                                 KURHFS 
  4339.708   23.0051     2.121    -2.865                                 KURHFS 
  4339.708   23.0051     2.121    -3.204                                 KURHFS 
  4339.708   23.0051     2.121    -4.514                                 KURHFS 
  4339.711      23.0     2.741     -3.64                                        
  4339.711      24.0     0.960     -1.40                                 SOBECK 
  4339.719   23.0051     2.121    -2.701                                 KURHFS 
  4339.719   23.0051     2.121    -3.400                                 KURHFS 
  4339.731   23.0051     2.121    -2.560                                 KURHFS 
  4339.755      23.1     6.641     -4.32                                        
  4339.767 106.00112     0.970    -2.425               3.464            AX33R005
  4339.789 106.00112     0.970    -2.425               3.464            AX33R005
  4339.818      42.0     3.440     -0.80                                        
  4339.866      22.0     2.331     -3.06                                        
  4339.938      62.0     0.101     -1.37                                        
  4339.995      22.0     2.015     -1.69                                        
  4340.032 106.00113     1.854    -7.872               3.464            CX04R195
  4340.080 106.00113     1.854    -7.511               3.464            CX04R205
  4340.123      20.0     5.916     -5.04                                        
  4340.127      24.0     2.706     -0.77                                        
  4340.197      24.0     3.090     -4.41                                        
  4340.274      26.0     4.073     -2.42                                        
  4340.288      23.0     2.606     -3.69                                        
  4340.348      44.0     2.012     -1.09                                        
  4340.401 106.00113     0.341    -5.519               3.464            BX01Q015
  4340.414 106.00113     0.341    -3.893               3.464            BX01R015
  4340.432 106.00112     1.919    -4.619               3.464            AX44R215
  4340.433      23.0     2.579     -5.28                                        
  4340.440      24.0     3.077     -4.45                                        
  4340.462      26.0     4.545     -4.34                                        
  4340.466      24.0     2.985     -3.19                                        
  4340.473      22.0     2.343     -2.48                                        
  4340.489      26.0     2.756     -3.50                                        
  4340.514      26.0     3.428     -2.79                                        
  4340.528 106.00113     1.572    -1.066               3.464            AX22Q245
  4340.553      58.1     1.013     -0.79                                        
  4340.563      24.0     3.889     -1.79                                        
  4340.584      26.0     4.073     -2.94                                        
  4340.591      64.0     2.181      0.56                                        
  4340.614 106.00113     1.572    -3.716               3.464            AX22R235
  4340.615 607.01214     3.520    -5.326               7.724          1415Qc0175
  4340.627 607.01214     3.520    -2.487               7.724          1415Pb0175
  4340.628 607.01214     3.520    -2.469               7.724          1415Pa0185
  4340.667      26.0     3.045     -3.29                                        
  4340.683 106.00113     1.572    -3.700               3.464            AX22P245
  4340.729      57.0     1.046     -0.49                                        
  4340.738      42.0     3.317     -0.61                              NIST/B    
  4340.769 106.00113     1.572    -1.074               3.464            AX22Q235
  4340.781      26.0     4.217     -3.20                                        
  4340.786      23.1     6.491     -3.31                                        
  4340.790      24.0     3.419     -4.18                                        
  4340.862 106.00112     1.806    -5.175               3.464            AX54P185
  4340.863      25.0     4.682     -3.99                                        
  4340.895      90.0     1.005     -0.80                                        
  4340.917      68.0     1.432      0.41                                        
  4340.985   23.0051     0.040    -2.756                                 KURHFS 
  4340.987   23.0051     0.040    -2.476                                 KURHFS 
  4340.987   23.0051     0.040    -2.756                                 KURHFS 
  4340.987   23.0051     0.040    -3.777                                 KURHFS 
  4340.990   23.0051     0.040    -2.338                                 KURHFS 
  4340.990   23.0051     0.040    -2.476                                 KURHFS 
  4340.990   23.0051     0.040    -3.078                                 KURHFS 
  4340.995   23.0051     0.040    -2.272                                 KURHFS 
  4340.995   23.0051     0.040    -2.338                                 KURHFS 
  4340.995   23.0051     0.040    -2.631                                 KURHFS 
  4340.996      20.0     5.917     -3.93                                        
  4341.001   23.0051     0.040    -2.265                                 KURHFS 
  4341.001   23.0051     0.040    -2.272                                 KURHFS 
  4341.001   23.0051     0.040    -2.300                                 KURHFS 
  4341.009   23.0051     0.040    -2.037                                 KURHFS 
  4341.009   23.0051     0.040    -2.265                                 KURHFS 
  4341.009   23.0051     0.040    -2.330                                 KURHFS 
  4341.018   23.0051     0.040    -1.818                                 KURHFS 
  4341.018   23.0051     0.040    -2.330                                 KURHFS 
  4341.018   23.0051     0.040    -2.534                                 KURHFS 
  4341.024      90.1     2.873      0.18                                        
  4341.029   23.0051     0.040    -1.631                                 KURHFS 
  4341.029   23.0051     0.040    -2.534                                 KURHFS 
  4341.046      44.0     2.071     -1.09                                        
  4341.053 106.00113     1.142    -0.756               3.464            BX10P255
  4341.072      24.1     5.666     -1.87                                        
  4341.088 106.00113     1.604   -12.235               3.464            CX04R155
  4341.088 106.00113     1.641    -3.714               3.464            AX22R245
  4341.110      40.0     1.395      0.15                                        
  4341.135 106.00113     0.408    -2.103               3.464            AX11P055
  4341.136 106.00113     1.641    -1.059               3.464            AX22Q255
  4341.157      22.0     3.177     -1.30                                        
  4341.160 106.00113     1.142    -5.043               3.464            BX10Q255
  4341.175      24.0     3.847     -0.51                                        
  4341.213 106.00113     1.142    -0.348               3.464            BX10P265
  4341.220 106.00113     1.641    -1.066               3.464            AX22Q245
  4341.235      26.0     3.394     -2.38                                        
  4341.240 106.00112     0.785    -2.490               3.464            BX01R155
  4341.243 106.00113     0.408    -3.193               3.464            AX11Q055
  4341.267 106.00113     1.641    -3.748               3.464            AX22P255
  4341.290      64.1     0.425     -0.70                              DenHarto06
  4341.313      22.0     2.332     -3.33                                        
  4341.318      24.0     2.998     -1.53                                        
  4341.339      22.0     2.479     -3.27                                        
  4341.364      22.1     1.115     -2.28                                        
  4341.366 106.00112     0.786    -7.262               3.464            BX01Q165
  4341.401 106.00112     0.409    -2.103               3.464            AX11P055
  4341.413      42.0     2.595     -0.86                                        
  4341.434 106.00113     0.408    -2.102               3.464            AX11P055
  4341.442 106.00112     0.786    -2.438               3.464            BX01R165
  4341.443      28.0     3.594     -2.23                                        
  4341.445      23.0     1.375     -2.97                                        
  4341.451      24.0     2.707     -2.04                                        
  4341.489      11.0     2.102     -2.73                              NIST/C+   
  4341.511 106.00112     0.409    -3.193               3.464            AX11Q055
  4341.514 106.00112     1.579    -1.066               3.464            AX22Q245
  4341.548 106.00113     0.408    -3.204               3.464            AX11Q055
  4341.565 106.00112     1.579    -3.716               3.464            AX22R235
  4341.571      26.0     3.271     -2.73                                        
  4341.608 106.00112     1.579    -3.700               3.464            AX22P245
  4341.629 106.00113     0.408    -2.024               3.464            AX11P065
  4341.641       6.0     7.940     -1.49                                        
  4341.645 607.01214     3.527    -5.359               7.724          1415Qc0185
  4341.657 607.01214     3.527    -2.454               7.724          1415Pa0195
  4341.657 607.01214     3.527    -2.469               7.724          1415Pb0185
  4341.659 106.00112     1.579    -1.074               3.464            AX22Q235
  4341.683      92.1     0.036     -0.70                              Nils02/7% 
  4341.706 106.00112     0.409    -2.102               3.464            AX11P055
  4341.730      42.0     3.031     -2.04                                        
  4341.734      20.0     5.685     -4.40                                        
  4341.797 106.00113     1.320    -3.927               3.464            AX44R065
  4341.812      26.0     3.544     -2.37                                        
  4341.815 106.00112     0.409    -3.204               3.464            AX11Q055
  4341.891      22.0     3.184     -3.91                                        
  4341.892 106.00113     0.408    -2.025               3.464            AX11P065
  4341.900 106.00112     0.409    -2.024               3.464            AX11P065
  4341.937      22.0     2.248     -5.05                                        
  4341.962      42.0     2.596     -1.88                                        
  4342.000 106.00112     0.342    -5.519               3.464            BX01Q015
  4342.005      23.0     2.053     -6.03                                        
  4342.014      22.0     3.184     -3.25                                        
  4342.015 106.00112     0.342    -3.892               3.464            BX01R015
  4342.029 106.00113     1.321    -3.906               3.464            AX44R065
  4342.032      71.1     4.472     -0.86                                        
  4342.060      60.1     0.064     -1.18                              DenHarto03
  4342.075      44.0     1.138     -0.83                                        
  4342.134      25.0     4.270     -3.28                                        
  4342.135      58.1     0.608     -1.31                              Lawler09  
  4342.165 106.00112     0.410    -2.025               3.464            AX11P065
  4342.172 106.00112     1.647    -3.714               3.464            AX22R245
  4342.180      64.1     0.600     -0.27                              DenHarto06
  4342.184   23.0051     1.194    -2.448                                 KURHFS 
  4342.184   23.0051     1.194    -2.448                                 KURHFS 
  4342.184   23.0051     1.194    -2.749                                 KURHFS 
  4342.188   23.0051     1.194    -2.284                                 KURHFS 
  4342.188   23.0051     1.194    -2.310                                 KURHFS 
  4342.188   23.0051     1.194    -2.624                                 KURHFS 
  4342.191      24.0     3.842     -3.41                                        
  4342.192   23.0051     1.194    -2.027                                 KURHFS 
  4342.192   23.0051     1.194    -2.276                                 KURHFS 
  4342.192   23.0051     1.194    -2.874                                 KURHFS 
  4342.194       6.0     7.940     -3.28                                        
  4342.198   23.0051     1.194    -1.811                                 KURHFS 
  4342.198   23.0051     1.194    -2.437                                 KURHFS 
  4342.198   23.0051     1.194    -3.302                                 KURHFS 
  4342.241 106.00112     1.648    -1.059               3.464            AX22Q255
  4342.255      90.1     1.557     -0.93                                        
  4342.259 106.00112     1.986    -1.524               3.464            AX33R265
  4342.267 106.00112     1.647    -1.066               3.464            AX22Q245
  4342.318      24.0     3.847     -2.48                                        
  4342.337 106.00112     1.648    -3.748               3.464            AX22P255
  4342.401       6.0     7.940     -2.15                                        
  4342.403   23.0051     1.217    -5.573                                 KURHFS 
  4342.403   23.0051     1.217    -5.828                                 KURHFS 
  4342.404   23.0051     1.217    -5.374                                 KURHFS 
  4342.404   23.0051     1.217    -5.573                                 KURHFS 
  4342.404   23.0051     1.217    -7.481                                 KURHFS 
  4342.406   23.0051     1.217    -5.310                                 KURHFS 
  4342.406   23.0051     1.217    -5.374                                 KURHFS 
  4342.406   23.0051     1.217    -6.238                                 KURHFS 
  4342.406 106.00112     1.986    -3.838               3.464            AX33Q265
  4342.409   23.0051     1.217    -5.310                                 KURHFS 
  4342.409   23.0051     1.217    -5.341                                 KURHFS 
  4342.409   23.0051     1.217    -5.521                                 KURHFS 
  4342.413   23.0051     1.217    -5.115                                 KURHFS 
  4342.413   23.0051     1.217    -5.341                                 KURHFS 
  4342.413   23.0051     1.217    -5.522                                 KURHFS 
  4342.417   23.0051     1.217    -4.823                                 KURHFS 
  4342.417   23.0051     1.217    -5.522                                 KURHFS 
  4342.424   27.0059     3.710    -3.116                                 KURHFS 
  4342.424   27.0059     3.710    -3.371                                 KURHFS 
  4342.427      22.0     2.493     -2.38                                        
  4342.432      45.0     1.142     -2.19                                        
  4342.433   27.0059     3.710    -2.917                                 KURHFS 
  4342.433   27.0059     3.710    -3.116                                 KURHFS 
  4342.433   27.0059     3.710    -5.024                                 KURHFS 
  4342.444      90.0     1.021     -0.68                                        
  4342.447   27.0059     3.710    -2.853                                 KURHFS 
  4342.447   27.0059     3.710    -2.917                                 KURHFS 
  4342.447   27.0059     3.710    -3.781                                 KURHFS 
  4342.449      24.0     2.998     -3.14                                        
  4342.466   27.0059     3.710    -2.853                                 KURHFS 
  4342.466   27.0059     3.710    -2.884                                 KURHFS 
  4342.466   27.0059     3.710    -3.064                                 KURHFS 
  4342.468 106.00112     1.986    -1.496               3.464            AX33R255
  4342.482      58.1     1.273     -0.54                                        
  4342.490   27.0059     3.710    -2.658                                 KURHFS 
  4342.490   27.0059     3.710    -2.884                                 KURHFS 
  4342.490   27.0059     3.710    -3.065                                 KURHFS 
  4342.505      25.0     4.350     -2.84                                        
  4342.518   27.0059     3.710    -2.366                                 KURHFS 
  4342.518   27.0059     3.710    -3.065                                 KURHFS 
  4342.583      25.1     5.544     -1.98                                        
  4342.602      22.0     2.736     -4.32                                        
  4342.640 106.00113     0.692    -2.511               3.464            AX22P035
  4342.675 106.00113     0.970    -2.489               3.464            AX33Q015
  4342.675 106.00113     0.970    -2.491               3.464            AX33Q015
  4342.698      26.0     4.603     -1.26                                        
  4342.700 607.01214     3.535    -5.391               7.724          1415Qc0195
  4342.713 607.01214     3.535    -2.454               7.724          1415Pb0195
  4342.714 607.01214     3.535    -2.440               7.724          1415Pa0205
  4342.747      25.0     5.083     -1.01                                        
  4342.779 106.00113     0.692    -2.510               3.464            AX22P035
  4342.806   25.0055     3.132    -5.728                                 KURHFS 
  4342.810   25.0055     3.132    -5.406                                 KURHFS 
  4342.810   25.0055     3.132    -5.774                                 KURHFS 
  4342.813      41.0     1.504     -0.55                                        
  4342.818   25.0055     3.132    -5.251                                 KURHFS 
  4342.818   25.0055     3.132    -5.582                                 KURHFS 
  4342.818   25.0055     3.132    -5.950                                 KURHFS 
  4342.826      23.0     1.871     -0.65                               LAWNOHFS 
  4342.829   25.0055     3.132    -5.172                                 KURHFS 
  4342.829   25.0055     3.132    -5.230                                 KURHFS 
  4342.829   25.0055     3.132    -6.330                                 KURHFS 
  4342.844   25.0055     3.132    -4.899                                 KURHFS 
  4342.844   25.0055     3.132    -5.376                                 KURHFS 
  4342.844 106.00113     0.692    -3.141               3.464            AX22Q035
  4342.863   25.0055     3.132    -4.687                                 KURHFS 
  4342.879      27.1     5.204     -3.95                                        
  4342.893 106.00112     2.231   -10.336               3.464            CX04R255
  4342.906      24.0     5.176     -3.50                                        
  4342.929 106.00113     0.073    -2.060               3.464            AX00P055
  4342.935 106.00112     1.807    -5.228               3.464            AX54P185
  4342.947 106.00112     2.231    -6.465               3.464            CX04Q265
  4342.964 106.00112     0.694    -2.511               3.464            AX22P035
  4342.971      22.0     2.470     -2.19                                        
  4342.976 106.00113     0.970    -2.142               3.464            AX33R015
  4342.976 106.00113     0.970    -2.143               3.464            AX33R015
  4342.984 106.00113     0.692    -3.148               3.464            AX22Q035
  4343.032      40.0     0.000     -2.38                                        
  4343.041 106.00112     2.231    -6.673               3.464            CX04Q255
  4343.042 106.00113     0.073    -3.175               3.464            AX00Q055
  4343.090      23.0     2.580     -1.78                                        
  4343.095 106.00112     2.231   -14.037               3.464            CX04P265
  4343.101 106.00112     0.973    -2.489               3.464            AX33Q015
  4343.101 106.00112     0.973    -2.491               3.464            AX33Q015
  4343.110 106.00112     0.694    -2.510               3.464            AX22P035
  4343.167      24.0     2.708     -1.29                                        
  4343.172 106.00112     0.694    -3.141               3.464            AX22Q035
  4343.173 106.00112     0.073    -2.060               3.464            AX00P055
  4343.179      26.0     2.843     -3.33                                        
  4343.202      26.0     4.183     -3.76                                        
  4343.216      26.0     4.100     -1.35                                        
  4343.221      26.0     3.249     -2.85                                        
  4343.243 106.00113     0.073    -2.060               3.464            AX00P055
  4343.271      26.0     3.252     -1.66                              NIST/D    
  4343.275      26.1     6.133     -2.18                                        
  4343.286 106.00112     0.073    -3.175               3.464            AX00Q055
  4343.313 106.00112     0.694    -3.148               3.464            AX22Q035
  4343.356 106.00113     0.073    -3.186               3.464            AX00Q055
  4343.358      25.0     4.357     -1.93                                        
  4343.369      22.0     2.343     -3.53                                        
  4343.391 106.00113     0.692    -2.373               3.464            AX22P045
  4343.400 106.00112     0.973    -2.141               3.464            AX33R015
  4343.400 106.00112     0.973    -2.143               3.464            AX33R015
  4343.442 106.00113     0.073    -1.983               3.464            AX00P065
  4343.477 106.00113     1.954   -10.461               3.464            CX15Q175
  4343.486      60.0     0.000     -0.79                                        
  4343.489 106.00112     0.073    -2.060               3.464            AX00P055
  4343.509 106.00113     0.692    -2.373               3.464            AX22P045
  4343.559      58.0     0.028     -0.57                                        
  4343.600 106.00112     0.073    -3.186               3.464            AX00Q055
  4343.601      25.1     6.107     -4.39                                        
  4343.678   27.0059     3.229    -3.907                                 KURHFS 
  4343.678   27.0059     3.229    -4.083                                 KURHFS 
  4343.684      23.0     2.581     -2.86                                        
  4343.687 106.00112     0.074    -1.983               3.464            AX00P065
  4343.692   27.0059     3.229    -3.782                                 KURHFS 
  4343.692   27.0059     3.229    -3.907                                 KURHFS 
  4343.698      26.0     3.047     -1.80                              NIST/B    
  4343.712   27.0059     3.229    -3.782                                 KURHFS 
  4343.712   27.0059     3.229    -3.896                                 KURHFS 
  4343.712   27.0059     3.229    -4.101                                 KURHFS 
  4343.714 106.00113     0.073    -1.983               3.464            AX00P065
  4343.723 106.00112     0.694    -2.373               3.464            AX22P045
  4343.737   27.0059     3.229    -3.485                                 KURHFS 
  4343.737   27.0059     3.229    -3.896                                 KURHFS 
  4343.777      22.0     2.152     -1.43                                        
  4343.783 607.01214     3.544    -5.423               7.724          1415Qc0205
  4343.797 607.01214     3.544    -2.427               7.724          1415Pa0215
  4343.797 607.01214     3.544    -2.440               7.724          1415Pb0205
  4343.842 106.00112     0.694    -2.373               3.464            AX22P045
  4343.858 106.00112     1.862    -7.511               3.464            CX04R205
  4343.866      58.1     0.708     -1.26                              Lawler09  
  4343.873      26.0     3.544     -4.62                                        
  4343.934      26.0     4.368     -2.13                                        
  4343.951      90.1     0.231     -1.96                              Nils02/21%
  4343.952 106.00113     1.954    -6.379               3.464            CX15R165
  4343.963 106.00112     0.074    -1.983               3.464            AX00P065
  4343.981      25.1     5.393     -1.09                                        
  4343.994 106.00112     1.862   -13.028               3.464            CX04Q205
  4344.011 106.00113     1.954    -6.356               3.464            CX15R175
  4344.014 106.00112     1.862    -7.872               3.464            CX04R195
  4344.051      26.0     4.555     -2.30                                        
  4344.098       6.0     7.940     -2.22                                        
  4344.099 106.00112     1.324    -3.926               3.464            AX44R065
  4344.103      23.0     1.710     -2.35                                        
  4344.194      26.0     3.412     -8.53                                        
  4344.269 106.00113     1.643    -1.060               3.464            AX22Q255
  4344.288      22.1     1.083     -2.09                                        
  4344.290      64.1     0.601     -1.08                              DenHarto06
  4344.306       6.0     7.940     -1.79                                        
  4344.327      90.1     0.000     -2.29                                        
  4344.330      22.0     2.736     -4.01                                        
  4344.333 106.00112     1.324    -3.905               3.464            AX44R065
  4344.349      26.0     4.577     -1.36                                        
  4344.355      23.0     1.871     -3.82                                        
  4344.366 106.00113     1.643    -3.743               3.464            AX22R245
  4344.435 106.00113     1.643    -3.722               3.464            AX22P255
  4344.478      69.0     2.199      0.17                                        
  4344.490      64.1     0.427     -1.73                              DenHarto06
  4344.499      26.0     3.600     -1.15                              Ruffoni14 
  4344.502      24.0     1.003     -0.65                                 SOBECK 
  4344.532 106.00113     1.643    -1.066               3.464            AX22Q245
  4344.575      25.1     5.563     -4.21                                        
  4344.602      23.1     6.182     -2.41                                        
  4344.609      26.0     4.140     -3.98                                        
  4344.610      20.0     4.760     -2.75                                        
  4344.637      39.0     2.036     -0.25                                        
  4344.643      42.0     3.263     -1.20                                        
  4344.736      11.0     2.104     -2.43                              NIST/C+   
  4344.785      23.1     6.542     -4.58                                        
  4344.811      15.0     6.949     -3.50                                        
  4344.827      62.0     0.185     -2.02                                        
  4344.886      26.0     4.151     -2.15                                        
  4344.894   23.0051     2.121    -5.495                                 KURHFS 
  4344.894 607.01214     3.553    -5.454               7.724          1415Qc0215
  4344.895   23.0051     2.121    -5.215                                 KURHFS 
  4344.895   23.0051     2.121    -5.495                                 KURHFS 
  4344.895   23.0051     2.121    -6.516                                 KURHFS 
  4344.899   23.0051     2.121    -5.077                                 KURHFS 
  4344.899   23.0051     2.121    -5.215                                 KURHFS 
  4344.899   23.0051     2.121    -5.817                                 KURHFS 
  4344.904   23.0051     2.121    -5.011                                 KURHFS 
  4344.904   23.0051     2.121    -5.077                                 KURHFS 
  4344.904   23.0051     2.121    -5.370                                 KURHFS 
  4344.908 607.01214     3.553    -2.427               7.724          1415Pb0215
  4344.909 607.01214     3.553    -2.416               7.724          1415Pa0225
  4344.911   23.0051     2.121    -5.004                                 KURHFS 
  4344.911   23.0051     2.121    -5.011                                 KURHFS 
  4344.911   23.0051     2.121    -5.039                                 KURHFS 
  4344.917      58.1     0.708     -1.48                              Lawler09  
  4344.920   23.0051     2.121    -4.776                                 KURHFS 
  4344.920   23.0051     2.121    -5.004                                 KURHFS 
  4344.920   23.0051     2.121    -5.069                                 KURHFS 
  4344.930   23.0051     2.121    -4.557                                 KURHFS 
  4344.930   23.0051     2.121    -5.069                                 KURHFS 
  4344.930   23.0051     2.121    -5.273                                 KURHFS 
  4344.942   23.0051     2.121    -4.370                                 KURHFS 
  4344.942   23.0051     2.121    -5.273                                 KURHFS 
  4345.063      27.1     5.204     -6.35                                        
  4345.072      68.1     0.886     -2.29                              Lawler08  
  4345.081      26.0     3.692     -4.94                                        
  4345.110      24.0     3.367     -0.86                                        
  4345.238      23.0     1.802     -2.09                                        
  4345.249      26.0     4.577     -1.90                                        
  4345.275 106.00113     1.751    -9.149               3.464            CX15R125
  4345.289 106.00113     1.714    -3.740               3.464            AX22R255
  4345.308      41.0     0.000     -1.36                                        
  4345.330 106.00113     1.714    -1.055               3.464            AX22Q265
  4345.331 106.00112     0.956    -2.335               3.464            BX11P185
  4345.332      26.0     4.577     -1.28                                        
  4345.406 106.00112     0.956    -7.272               3.464            BX11Q185
  4345.427 106.00113     1.714    -1.060               3.464            AX22Q255
  4345.453      58.1     0.875     -1.21                              Lawler09  
  4345.468   23.0051     1.080    -3.740                                 KURHFS 
  4345.468   23.0051     1.080    -4.748                                 KURHFS 
  4345.468   23.0051     1.080    -6.049                                 KURHFS 
  4345.469 106.00113     1.714    -3.771               3.464            AX22P265
  4345.475   23.0051     1.080    -3.845                                 KURHFS 
  4345.475   23.0051     1.080    -4.537                                 KURHFS 
  4345.475   23.0051     1.080    -5.651                                 KURHFS 
  4345.481   23.0051     1.080    -3.961                                 KURHFS 
  4345.481   23.0051     1.080    -4.464                                 KURHFS 
  4345.481   23.0051     1.080    -5.447                                 KURHFS 
  4345.486   23.0051     1.080    -4.090                                 KURHFS 
  4345.486   23.0051     1.080    -4.458                                 KURHFS 
  4345.486   23.0051     1.080    -5.350                                 KURHFS 
  4345.490   23.0051     1.080    -4.236                                 KURHFS 
  4345.490   23.0051     1.080    -4.505                                 KURHFS 
  4345.490   23.0051     1.080    -5.350                                 KURHFS 
  4345.493   23.0051     1.080    -4.406                                 KURHFS 
  4345.493   23.0051     1.080    -4.610                                 KURHFS 
  4345.493   23.0051     1.080    -5.505                                 KURHFS 
  4345.495   23.0051     1.080    -4.610                                 KURHFS 
  4345.495   23.0051     1.080    -4.806                                 KURHFS 
  4345.496   23.0051     1.080    -4.873                                 KURHFS 
  4345.504 106.00112     0.956    -2.507               3.464            BX11P195
  4345.568 106.00112     1.650    -1.060               3.464            AX22Q255
  4345.593      25.1     5.394     -2.16                                        
  4345.594 106.00113     0.431    -1.994               3.464            AX11P065
  4345.607      26.0     4.206     -3.99                                        
  4345.626 106.00112     1.650    -3.743               3.464            AX22R245
  4345.663 106.00112     1.650    -3.721               3.464            AX22P255
  4345.674 106.00113     0.431    -3.236               3.464            AX11Q065
  4345.684      42.0     2.289     -2.82                                        
  4345.721 106.00112     1.650    -1.066               3.464            AX22Q245
  4345.743      22.0     3.110     -4.21                                        
  4345.788 106.00112     1.611   -12.234               3.464            CX04R155
  4345.792      24.0     3.102     -1.69                                        
  4345.828      24.0     3.844     -4.17                                        
  4345.828      74.0     2.351     -0.81                                        
  4345.850      62.1     0.104     -1.05                              Lawler06  
  4345.852      58.1     1.194     -0.62                                        
  4345.879      23.0     1.711     -2.41                                        
  4345.888 106.00112     0.433    -1.994               3.464            AX11P065
  4345.905      27.1     3.116     -5.07                                        
  4345.958      23.0     2.706     -4.51                                        
  4345.958      58.1     1.106     -0.37                                        
  4345.965 106.00112     0.433    -3.236               3.464            AX11Q065
  4345.987 106.00113     0.431    -1.994               3.464            AX11P065
  4346.005 106.00113     0.431    -1.929               3.464            AX11P075
  4346.033 607.01214     3.562    -5.486               7.724          1415Qc0225
  4346.047      23.0     2.614     -4.59                                        
  4346.048 607.01214     3.562    -2.407               7.724          1415Pa0235
  4346.048 607.01214     3.562    -2.416               7.724          1415Pb0225
  4346.072 106.00113     0.431    -3.248               3.464            AX11Q065
  4346.102      22.0     1.878     -0.99                                        
  4346.102      22.0     2.235     -0.45                                 LAWLER 
  4346.109      41.0     1.079     -1.51                                        
  4346.152   23.0051     2.121    -5.275                                 KURHFS 
  4346.153   23.0051     2.121    -4.990                                 KURHFS 
  4346.153   23.0051     2.121    -5.245                                 KURHFS 
  4346.157   23.0051     2.121    -4.802                                 KURHFS 
  4346.157   23.0051     2.121    -5.245                                 KURHFS 
  4346.157   23.0051     2.121    -5.296                                 KURHFS 
  4346.162   23.0051     2.121    -4.711                                 KURHFS 
  4346.162   23.0051     2.121    -4.857                                 KURHFS 
  4346.162   23.0051     2.121    -5.421                                 KURHFS 
  4346.169   23.0051     2.121    -4.602                                 KURHFS 
  4346.169   23.0051     2.121    -4.689                                 KURHFS 
  4346.169   23.0051     2.121    -5.643                                 KURHFS 
  4346.178   23.0051     2.121    -4.404                                 KURHFS 
  4346.178   23.0051     2.121    -4.743                                 KURHFS 
  4346.178   23.0051     2.121    -6.053                                 KURHFS 
  4346.181 106.00113     1.855    -5.157               3.464            AX54P195
  4346.188      25.0     4.675     -1.79                                        
  4346.188   23.0051     2.121    -4.240                                 KURHFS 
  4346.188   23.0051     2.121    -4.939                                 KURHFS 
  4346.193      42.0     2.075     -2.07                                        
  4346.200   23.0051     2.121    -4.099                                 KURHFS 
  4346.270      66.1     1.650     -1.22                              Wickliff00
  4346.280      20.0     4.621     -2.35                                        
  4346.294 106.00112     0.433    -1.929               3.464            AX11P075
  4346.294 106.00112     0.433    -1.994               3.464            AX11P065
  4346.299   25.0055     2.280    -4.668                                 KURHFS 
  4346.310   25.0055     2.280    -4.505                                 KURHFS 
  4346.317   25.0055     2.280    -3.890                                 KURHFS 
  4346.320   25.0055     2.280    -4.500                                 KURHFS 
  4346.325   25.0055     2.280    -4.153                                 KURHFS 
  4346.328   25.0055     2.280    -4.602                                 KURHFS 
  4346.330   25.0055     2.280    -4.484                                 KURHFS 
  4346.334   25.0055     2.280    -4.864                                 KURHFS 
  4346.335   25.0055     2.280    -4.931                                 KURHFS 
  4346.338   25.0055     2.280    -5.630                                 KURHFS 
  4346.343   25.0055     2.280    -4.668                                 KURHFS 
  4346.343   25.0055     2.280    -4.864                                 KURHFS 
  4346.345   25.0055     2.280    -4.505                                 KURHFS 
  4346.345   25.0055     2.280    -4.602                                 KURHFS 
  4346.346   25.0055     2.280    -4.500                                 KURHFS 
  4346.356 106.00113     0.432    -1.930               3.464            AX11P075
  4346.359      26.0     3.265     -7.15                                        
  4346.368 106.00112     0.433    -3.248               3.464            AX11Q065
  4346.374      66.1     2.576      0.20                                        
  4346.381 106.00113     0.894    -5.252               3.464            BX11P175
  4346.391      25.1     6.531     -1.54                                        
  4346.425      58.1     1.012     -0.80                                        
  4346.437      90.0     0.902     -0.80                                        
  4346.440 106.00113     0.836    -2.439               3.464            BX01R165
  4346.455      64.0     0.124      0.16                                        
  4346.479      44.0     0.997     -1.65                                        
  4346.480      62.1     0.543     -1.77                              Lawler06  
  4346.482      69.0     1.931     -0.10                                        
  4346.501      30.0     5.791     -5.71                                        
  4346.509      26.1     6.212     -3.99                                        
  4346.527      40.0     1.750     -0.42                                        
  4346.536 106.00113     0.339    -3.788               3.464            BX01Q005
  4346.544 106.00113     0.339    -4.380               3.464            BX01R005
  4346.551 106.00113     0.836    -7.224               3.464            BX01Q175
  4346.553      26.0     3.301     -1.72                              NIST/B    
  4346.571      26.0     3.981     -4.33                                        
  4346.600      22.0     3.111     -3.96                                        
  4346.603      22.0     2.152     -1.49                                        
  4346.622      64.0     0.027     -0.19                                        
  4346.626 106.00113     0.836    -2.390               3.464            BX01R175
  4346.655 106.00112     0.433    -1.930               3.464            AX11P075
  4346.736      24.0     2.980     -2.12                                        
  4346.779 106.00112     1.721    -3.740               3.464            AX22R255
  4346.818      24.0     2.980     -0.64                                        
  4346.828      22.0     2.776     -2.65                                        
  4346.846 106.00112     1.721    -1.055               3.464            AX22Q265
  4346.876 106.00112     1.721    -1.060               3.464            AX22Q255
  4346.893      23.1     1.671     -2.79                                        
  4346.943 106.00112     1.721    -3.770               3.464            AX22P265
  4346.992      74.0     2.385     -0.43                                        
  4347.098      23.0     2.357     -2.48                                        
  4347.193      90.1     1.832     -1.19                                        
  4347.195      92.1     0.113     -1.74                                        
  4347.200 607.01214     3.571    -5.516               7.724          1415Qc0235
  4347.216 607.01214     3.571    -2.398               7.724          1415Pa0245
  4347.216 607.01214     3.571    -2.407               7.724          1415Pb0235
  4347.226      40.0     0.071     -2.38                                        
  4347.234      26.0     0.000     -5.50                              NIST/A    
  4347.240      62.1     0.659     -1.79                              Lawler06  
  4347.246      90.1     1.802     -1.22                                        
  4347.270 106.00113     0.097    -1.952               3.464            AX00P065
  4347.305      41.0     1.674     -0.93                                        
  4347.310      64.1     1.313     -0.21                              DenHarto06
  4347.351 106.00113     0.097    -3.218               3.464            AX00Q065
  4347.490      59.1     0.422     -0.33                                LINOHFS 
  4347.497      24.0     2.985     -1.79                                        
  4347.498      74.0     2.386     -0.77                                        
  4347.509 106.00113     0.708    -2.294               3.464            AX22P045
  4347.538 106.00112     0.098    -1.952               3.464            AX00P065
  4347.547      22.0     2.343     -3.90                                        
  4347.591      58.1     1.013     -1.20                                        
  4347.595   23.0051     2.357    -3.877                                 KURHFS 
  4347.595   23.0051     2.357    -4.132                                 KURHFS 
  4347.595   23.0051     2.357    -4.162                                 KURHFS 
  4347.601   23.0051     2.357    -3.689                                 KURHFS 
  4347.601   23.0051     2.357    -3.744                                 KURHFS 
  4347.601   23.0051     2.357    -4.132                                 KURHFS 
  4347.610      25.0     4.357     -2.76                                        
  4347.610   23.0051     2.357    -3.489                                 KURHFS 
  4347.610   23.0051     2.357    -3.598                                 KURHFS 
  4347.610   23.0051     2.357    -4.183                                 KURHFS 
  4347.616 106.00112     0.098    -3.218               3.464            AX00Q065
  4347.622   23.0051     2.357    -3.291                                 KURHFS 
  4347.622   23.0051     2.357    -3.576                                 KURHFS 
  4347.622   23.0051     2.357    -4.308                                 KURHFS 
  4347.637   23.0051     2.357    -3.127                                 KURHFS 
  4347.637   23.0051     2.357    -3.630                                 KURHFS 
  4347.637   23.0051     2.357    -4.530                                 KURHFS 
  4347.644 106.00113     0.371    -4.318               3.464            AX11P035
  4347.655   23.0051     2.357    -2.986                                 KURHFS 
  4347.655   23.0051     2.357    -3.826                                 KURHFS 
  4347.655   23.0051     2.357    -4.940                                 KURHFS 
  4347.655 106.00113     0.708    -3.171               3.464            AX22Q045
  4347.677 106.00113     0.097    -1.952               3.464            AX00P065
  4347.697 106.00113     0.097    -1.888               3.464            AX00P075
  4347.702      58.1     0.608     -1.44                                        
  4347.710      66.0     1.672      0.56                                        
  4347.716 106.00113     0.708    -2.293               3.464            AX22P045
  4347.765 106.00113     0.097    -3.230               3.464            AX00Q065
  4347.791 106.00113     0.371    -4.330               3.464            AX11P035
  4347.800      62.1     0.378     -0.42                              Lawler06  
  4347.833      26.0     3.603     -1.63                              NIST/D    
  4347.860 106.00112     0.710    -2.294               3.464            AX22P045
  4347.864 106.00113     0.708    -3.181               3.464            AX22Q045
  4347.893      40.0     0.998      0.04                                        
  4347.949 106.00112     0.372    -4.318               3.464            AX11P035
  4347.960 106.00112     0.098    -1.952               3.464            AX00P065
  4347.966 106.00112     0.098    -1.887               3.464            AX00P075
  4347.995      26.1     4.728     -3.69                                        
  4348.012 106.00112     0.710    -3.171               3.464            AX22Q045
  4348.037 106.00112     0.098    -3.230               3.464            AX00Q065
  4348.042      20.0     4.776     -3.45                                        
  4348.061 106.00113     0.098    -1.888               3.464            AX00P075
  4348.078 106.00112     0.710    -2.293               3.464            AX22P045
  4348.079      74.0     2.600     -0.48                                        
  4348.096 106.00113     0.708    -2.193               3.464            AX22P055
  4348.097 106.00112     0.372    -4.330               3.464            AX11P035
  4348.197 106.00112     0.340    -3.788               3.464            BX01Q005
  4348.199 106.00112     0.340    -4.379               3.464            BX01R005
  4348.223 106.00112     0.710    -3.181               3.464            AX22Q045
  4348.274 106.00113     0.708    -2.194               3.464            AX22P055
  4348.316      26.0     3.981     -2.31                                        
  4348.326 106.00112     0.840    -2.438               3.464            BX01R165
  4348.334      68.0     0.624     -0.26                                        
  4348.336 106.00112     0.098    -1.888               3.464            AX00P075
  4348.364      28.0     4.415     -3.02                                        
  4348.398      25.1     5.414     -1.50                                        
  4348.398 607.01214     3.581    -5.547               7.724          1415Qc0245
  4348.400 106.00113     1.856    -5.212               3.464            AX54P195
  4348.414 607.01214     3.581    -2.392               7.724          1415Pa0255
  4348.414 607.01214     3.581    -2.399               7.724          1415Pb0245
  4348.419      28.0     4.415     -2.38                                        
  4348.442 106.00112     0.840    -7.224               3.464            BX01Q175
  4348.459 106.00112     0.710    -2.193               3.464            AX22P055
  4348.479      23.0     2.576     -4.24                                        
  4348.487   25.0055     3.132    -5.801                                 KURHFS 
  4348.490   25.0055     3.132    -5.539                                 KURHFS 
  4348.490   25.0055     3.132    -5.801                                 KURHFS 
  4348.490   25.0055     3.132    -6.567                                 KURHFS 
  4348.498   25.0055     3.132    -5.437                                 KURHFS 
  4348.498   25.0055     3.132    -5.539                                 KURHFS 
  4348.498   25.0055     3.132    -5.868                                 KURHFS 
  4348.507 106.00113     1.303    -3.844               3.464            AX44R055
  4348.509   25.0055     3.132    -5.421                                 KURHFS 
  4348.509   25.0055     3.132    -5.437                                 KURHFS 
  4348.509   25.0055     3.132    -5.442                                 KURHFS 
  4348.520 106.00112     0.840    -2.389               3.464            BX01R175
  4348.524   25.0055     3.132    -5.090                                 KURHFS 
  4348.524   25.0055     3.132    -5.442                                 KURHFS 
  4348.524   25.0055     3.132    -5.605                                 KURHFS 
  4348.543   25.0055     3.132    -4.827                                 KURHFS 
  4348.543   25.0055     3.132    -5.605                                 KURHFS 
  4348.585      58.1     0.956     -1.45                              Lawler09  
  4348.598      90.0     1.716     -0.10                                        
  4348.605      23.0     2.580     -2.53                                        
  4348.626 106.00113     1.716    -1.056               3.464            AX22Q265
  4348.636 106.00112     0.710    -2.194               3.464            AX22P055
  4348.648      41.0     0.086     -1.15                                        
  4348.652 106.00112     1.962    -6.355               3.464            CX15R175
  4348.670 106.00113     1.303    -3.826               3.464            AX44R055
  4348.735 106.00113     1.716    -3.770               3.464            AX22R255
  4348.759 106.00112     1.962    -6.378               3.464            CX15R165
  4348.769 106.00112     1.962   -10.460               3.464            CX15Q175
  4348.783      39.0     2.011      0.59                                        
  4348.802 106.00113     1.716    -3.743               3.464            AX22P265
  4348.907      40.0     0.686     -1.77                                        
  4348.911 106.00113     1.716    -1.060               3.464            AX22Q255
  4348.937      26.0     2.990     -2.14                              NIST/D+   
  4348.965       6.0     7.940     -2.11                                        
  4349.014      26.0     4.214     -2.55                                        
  4349.032      23.1     6.461     -2.22                                        
  4349.032      41.0     1.531     -0.63                                        
  4349.072      90.0     0.615     -1.19                                        
  4349.081      60.1     1.617     -0.07                                        
  4349.114      28.0     3.938     -2.44                                        
  4349.209      42.0     4.200     -0.58                                        
  4349.283      26.1     6.214     -3.71                                        
  4349.313 106.00113     0.347    -3.342               3.464            BX01Q015
  4349.326 106.00113     0.347    -5.072               3.464            BX01R015
  4349.372      26.0     4.581     -2.43                                        
  4349.448      27.0     4.501     -2.97                                        
  4349.619      23.0     1.798     -1.69                                        
  4349.625 607.01214     3.592    -5.578               7.724          1415Qc0255
  4349.642 607.01214     3.592    -2.392               7.724          1415Pb0255
  4349.674   23.0051     2.357    -5.075                                 KURHFS 
  4349.674   23.0051     2.357    -5.330                                 KURHFS 
  4349.680   23.0051     2.357    -4.876                                 KURHFS 
  4349.680   23.0051     2.357    -5.075                                 KURHFS 
  4349.680   23.0051     2.357    -6.983                                 KURHFS 
  4349.689   23.0051     2.357    -4.812                                 KURHFS 
  4349.689   23.0051     2.357    -4.876                                 KURHFS 
  4349.689   23.0051     2.357    -5.740                                 KURHFS 
  4349.701   23.0051     2.357    -4.812                                 KURHFS 
  4349.701   23.0051     2.357    -4.843                                 KURHFS 
  4349.701   23.0051     2.357    -5.023                                 KURHFS 
  4349.703      24.0     3.847     -3.44                                        
  4349.704      44.0     1.732     -0.49                                        
  4349.716   23.0051     2.357    -4.617                                 KURHFS 
  4349.716   23.0051     2.357    -4.843                                 KURHFS 
  4349.716   23.0051     2.357    -5.024                                 KURHFS 
  4349.730   27.0059     3.927    -4.652                                 KURHFS 
  4349.734   23.0051     2.357    -4.325                                 KURHFS 
  4349.734   23.0051     2.357    -5.024                                 KURHFS 
  4349.742      72.0     3.071      0.06                                        
  4349.745   27.0059     3.927    -4.437                                 KURHFS 
  4349.755   27.0059     3.927    -3.589                                 KURHFS 
  4349.756   25.0055     3.133    -5.334                                 KURHFS 
  4349.756   25.0055     3.133    -5.364                                 KURHFS 
  4349.756   25.0055     3.133    -6.112                                 KURHFS 
  4349.758   27.0059     3.927    -4.360                                 KURHFS 
  4349.762   25.0055     3.133    -5.079                                 KURHFS 
  4349.762   25.0055     3.133    -5.158                                 KURHFS 
  4349.762   25.0055     3.133    -6.033                                 KURHFS 
  4349.767   27.0059     3.927    -3.725                                 KURHFS 
  4349.768      58.1     0.529     -0.73                              Lawler09  
  4349.770   25.0055     3.133    -4.857                                 KURHFS 
  4349.770   25.0055     3.133    -5.091                                 KURHFS 
  4349.770   25.0055     3.133    -6.158                                 KURHFS 
  4349.770   27.0059     3.927    -4.349                                 KURHFS 
  4349.776   27.0059     3.927    -3.873                                 KURHFS 
  4349.780   27.0059     3.927    -4.392                                 KURHFS 
  4349.781   25.0055     3.133    -4.673                                 KURHFS 
  4349.781   25.0055     3.133    -5.117                                 KURHFS 
  4349.781   25.0055     3.133    -6.510                                 KURHFS 
  4349.785   27.0059     3.927    -4.032                                 KURHFS 
  4349.789      58.1     0.700     -0.32                              Lawler09  
  4349.789   27.0059     3.927    -4.495                                 KURHFS 
  4349.792   27.0059     3.927    -4.201                                 KURHFS 
  4349.792   27.0059     3.927    -4.652                                 KURHFS 
  4349.795   25.0055     3.133    -4.515                                 KURHFS 
  4349.795   25.0055     3.133    -5.293                                 KURHFS 
  4349.796   27.0059     3.927    -4.716                                 KURHFS 
  4349.798   27.0059     3.927    -4.368                                 KURHFS 
  4349.798   27.0059     3.927    -4.437                                 KURHFS 
  4349.803   27.0059     3.927    -4.506                                 KURHFS 
  4349.804   27.0059     3.927    -4.360                                 KURHFS 
  4349.806   27.0059     3.927    -4.520                                 KURHFS 
  4349.808   27.0059     3.927    -4.349                                 KURHFS 
  4349.810   27.0059     3.927    -4.392                                 KURHFS 
  4349.811   25.0055     3.133    -4.375                                 KURHFS 
  4349.812   27.0059     3.927    -4.495                                 KURHFS 
  4349.812   27.0059     3.927    -4.716                                 KURHFS 
  4349.853   23.0051     2.377    -5.274                                 KURHFS 
  4349.853   23.0051     2.377    -5.900                                 KURHFS 
  4349.853   23.0051     2.377    -6.765                                 KURHFS 
  4349.860   23.0051     2.377    -5.490                                 KURHFS 
  4349.860   23.0051     2.377    -5.739                                 KURHFS 
  4349.860   23.0051     2.377    -6.337                                 KURHFS 
  4349.866   23.0051     2.377    -5.747                                 KURHFS 
  4349.866   23.0051     2.377    -5.773                                 KURHFS 
  4349.866   23.0051     2.377    -6.087                                 KURHFS 
  4349.870   23.0051     2.377    -5.911                                 KURHFS 
  4349.870   23.0051     2.377    -5.911                                 KURHFS 
  4349.870   23.0051     2.377    -6.212                                 KURHFS 
  4349.887 106.00113     0.341    -4.409               3.464            BX01P015
  4349.890 106.00113     0.341    -3.341               3.464            BX01Q015
  4349.922 106.00113     0.458    -1.909               3.464            AX11P075
  4349.965      23.1     2.034     -2.48                                        
  4349.978 106.00113     0.458    -3.277               3.464            AX11Q075
  4350.071      22.0     3.125     -4.05                                        
  4350.138      24.0     4.571     -2.14                                        
  4350.141      26.0     4.280     -3.44                                        
  4350.171 106.00112     1.976    -4.750               3.464            AX44R225
  4350.189 106.00113     1.789    -3.768               3.464            AX22R265
  4350.226 106.00113     1.789    -1.053               3.464            AX22Q275
  4350.236      20.0     5.923     -3.60                                        
  4350.246 106.00112     0.459    -1.908               3.464            AX11P075
  4350.265 106.00113     0.458    -1.853               3.464            AX11P085
  4350.276      24.0     3.077     -5.96                                        
  4350.276      25.1     5.414     -4.79                                        
  4350.277 106.00113     0.035    -4.315               3.464            AX00P035
  4350.283      41.0     1.094     -1.50                                        
  4350.295 106.00112     0.459    -3.277               3.464            AX11Q075
  4350.325      56.0     1.566     -0.07                                        
  4350.331      42.0     1.420     -1.38                              NIST/B+   
  4350.334 106.00113     1.789    -1.056               3.464            AX22Q265
  4350.370 106.00113     1.789    -3.793               3.464            AX22P275
  4350.376 106.00112     1.723    -1.055               3.464            AX22Q265
  4350.421 106.00113     0.348    -4.778               3.464            BX01P025
  4350.430 106.00113     0.035    -4.328               3.464            AX00P035
  4350.431 106.00113     0.458    -1.908               3.464            AX11P075
  4350.440 106.00112     1.723    -3.770               3.464            AX22R255
  4350.442 106.00113     0.348    -3.143               3.464            BX01Q025
  4350.470      62.1     0.484     -0.59                              Lawler06  
  4350.472 106.00112     1.723    -3.743               3.464            AX22P265
  4350.486 106.00113     0.458    -3.291               3.464            AX11Q075
  4350.516      72.1     2.868      0.34                                        
  4350.537 106.00112     1.723    -1.060               3.464            AX22Q255
  4350.564 106.00112     0.035    -4.315               3.464            AX00P035
  4350.582      26.1     6.204     -3.94                                        
  4350.588 106.00112     0.459    -1.853               3.464            AX11P085
  4350.589   27.0059     3.189    -3.688                                 KURHFS 
  4350.589   27.0059     3.189    -3.943                                 KURHFS 
  4350.599   27.0059     3.189    -3.489                                 KURHFS 
  4350.599   27.0059     3.189    -3.688                                 KURHFS 
  4350.599   27.0059     3.189    -5.596                                 KURHFS 
  4350.614   27.0059     3.189    -3.425                                 KURHFS 
  4350.614   27.0059     3.189    -3.489                                 KURHFS 
  4350.614   27.0059     3.189    -4.353                                 KURHFS 
  4350.633      20.0     5.979     -3.15                                        
  4350.634   27.0059     3.189    -3.425                                 KURHFS 
  4350.634   27.0059     3.189    -3.456                                 KURHFS 
  4350.634   27.0059     3.189    -3.636                                 KURHFS 
  4350.643      23.0     2.573     -3.62                                        
  4350.647 106.00112     1.758    -9.148               3.464            CX15R125
  4350.658   27.0059     3.189    -3.230                                 KURHFS 
  4350.658   27.0059     3.189    -3.456                                 KURHFS 
  4350.658   27.0059     3.189    -3.637                                 KURHFS 
  4350.659      26.0     4.253     -3.16                                        
  4350.666      26.0     4.545     -3.00                                        
  4350.688   27.0059     3.189    -2.938                                 KURHFS 
  4350.688   27.0059     3.189    -3.637                                 KURHFS 
  4350.713 106.00112     0.035    -4.328               3.464            AX00P035
  4350.722 106.00113     0.458    -1.853               3.464            AX11P085
  4350.730      67.0     0.000     -0.45                                        
  4350.736      20.0     5.979     -3.02                                        
  4350.752 106.00113     0.358    -3.144               3.464            BX01Q025
  4350.753 106.00112     0.460    -1.908               3.464            AX11P075
  4350.769 106.00113     0.358    -5.173               3.464            BX01R025
  4350.797 106.00112     1.306    -3.844               3.464            AX44R055
  4350.807      23.0     0.267     -2.41                               LAWNOHFS 
  4350.808 106.00112     0.460    -3.291               3.464            AX11Q075
  4350.814      26.0     4.175     -2.36                                        
  4350.819      62.0     0.185     -1.12                                        
  4350.838      22.1     2.060     -1.70                                 LAWLER 
  4350.840      23.1     1.674     -3.80                                        
  4350.894      24.0     3.090     -2.60                                        
  4350.895 106.00113     0.975    -2.561               3.464            AX33Q015
  4350.933 106.00113     0.975    -2.559               3.464            AX33Q015
  4350.962 106.00112     1.306    -3.825               3.464            AX44R055
  4350.966      26.0     4.581     -2.48                                        
  4350.972 106.00112     0.348    -3.342               3.464            BX01Q015
  4350.976      26.0     3.632     -3.94                                        
  4350.984 106.00112     0.348    -5.071               3.464            BX01R015
  4350.987      69.1     2.604     -0.37                                        
  4350.990      26.0     3.299     -3.60                                        
