a line list in the range:    4849.00   4861.00
  4849.015 106.00112     0.752    -4.540               3.464            AX12P075
  4849.018 106.00112     1.291    -3.332               3.464            AX34Q045
  4849.022 106.00113     1.577    -4.018               3.464            AX45R045
  4849.041      90.1     2.729     -0.25                                        
  4849.062      60.1     0.471     -1.09                                        
  4849.085 106.00112     0.752    -2.912               3.464            AX12Q075
  4849.089 607.01214     2.709    -2.203               7.724          0811Rb0215
  4849.108 106.00112     0.752    -2.969               3.464            AX12Q065
  4849.149      28.0     3.536     -3.60                                        
  4849.160      23.1     6.857     -2.33                                        
  4849.167      26.0     4.796     -1.63                              PK15THEOR 
  4849.168      22.1     1.130     -2.96                                 LAWLER 
  4849.170 106.00112     0.752    -4.613               3.464            AX12R065
  4849.196      20.0     5.041     -3.04                                        
  4849.198 607.01314     1.991    -2.343               7.724          0508Ra0215
  4849.244 106.00113     1.577    -5.017               3.464            AX45Q055
  4849.275      23.0     2.579     -1.15                                        
  4849.284      27.0     4.206     -3.27                                        
  4849.287 106.00112     1.279    -4.436               3.464            AX34P035
  4849.290 607.01314     1.991    -2.362               7.724          0508Rb0205
  4849.294 106.00112     2.037    -6.496               3.464            AX34R225
  4849.303      27.0     4.110     -4.11                                        
  4849.312 607.01314     2.145    -2.500               7.724          0609Ra0115
  4849.319 607.01314     1.991    -5.320               7.724          0508Qd0215
  4849.329      25.1     6.180     -4.45                                        
  4849.344 106.00113     1.577    -4.003               3.464            AX45R055
  4849.353 607.01314     2.145    -2.536               7.724          0609Rb0105
  4849.360 106.00112     1.279    -4.433               3.464            AX34P035
  4849.368 607.01314     2.145    -4.966               7.724          0609Qd0115
  4849.379 106.00112     2.037    -4.756               3.464            AX34Q235
  4849.383      27.0     4.110     -2.58                                        
  4849.387 106.00113     0.727    -3.043               3.464            AX12Q055
  4849.436 106.00113     1.577    -5.008               3.464            AX45Q055
  4849.439 106.00112     2.037    -4.069               3.464            AX34Q225
  4849.443 106.00112     0.752    -4.533               3.464            AX12P075
  4849.486 106.00113     0.727    -4.528               3.464            AX12R055
  4849.511 106.00112     0.752    -2.912               3.464            AX12Q075
  4849.520 607.01314     2.338    -2.994               7.724          0710Ra0025
  4849.525 106.00112     2.037    -5.831               3.464            AX34P235
  4849.535 106.00112     1.279    -3.465               3.464            AX34Q035
  4849.536 106.00113     1.577    -4.004               3.464            AX45R055
  4849.607 607.01314     2.338    -3.148               7.724          0710Rb0015
  4849.609 106.00112     1.279    -3.465               3.464            AX34Q035
  4849.610 607.01314     2.338    -4.293               7.724          0710Qd0025
  4849.640      63.0     1.976     -0.06                                        
  4849.668      26.0     3.571     -2.68                                        
  4849.676      24.0     4.236     -1.81                                        
  4849.691 607.01214     2.490    -2.207               7.724          0710Ra0225
  4849.697 607.01214     2.490    -2.224               7.724          0710Rb0215
  4849.725 607.01214     2.490    -5.220               7.724          0710Qd0225
  4849.734 607.01214     2.310    -2.196               7.724          0609Ra0265
  4849.749      24.0     5.151     -3.48                                        
  4849.750 106.00112     1.271    -4.400               3.464            AX34P025
  4849.750 106.00113     0.727    -3.043               3.464            AX12Q055
  4849.759 106.00113     2.287    -3.178               3.464            AX01P365
  4849.773 607.01314     2.770    -2.855               7.724          0912Rb0035
  4849.774 607.01314     2.770    -2.767               7.724          0912Ra0045
  4849.778      24.0     2.913     -5.34                                        
  4849.781 106.00112     1.271    -4.398               3.464            AX34P025
  4849.781 607.01314     2.770    -4.495               7.724          0912Qd0045
  4849.796 106.00113     0.638    -5.109               3.464            AX01R125
  4849.821 607.01214     2.310    -2.211               7.724          0609Rb0255
  4849.827      42.0     2.521     -2.06                                        
  4849.840      26.0     4.298     -3.12                                        
  4849.845 106.00113     0.638    -2.872               3.464            AX01Q125
  4849.847 106.00113     0.727    -4.490               3.464            AX12P065
  4849.847 106.00113     0.727    -4.536               3.464            AX12R055
  4849.856 607.01214     2.310    -5.344               7.724          0609Qd0265
  4849.865      19.0     1.609     -2.99                                        
  4849.870 106.00113     0.371    -3.517               3.464            AX01R035
  4849.912      58.0     0.000     -0.75                                        
  4849.945 106.00113     0.727    -2.974               3.464            AX12Q065
  4849.999 106.00113     0.638    -2.845               3.464            AX01Q135
  4850.048 106.00113     0.638    -4.940               3.464            AX01P135
  4850.052 106.00113     0.371    -3.517               3.464            AX01R035
  4850.122 106.00112     1.271    -3.709               3.464            AX34Q025
  4850.152 106.00112     1.271    -3.709               3.464            AX34Q025
  4850.162 106.00113     0.728    -4.483               3.464            AX12P065
  4850.184 607.01314     2.554    -3.673               7.724          0811Qc0005
  4850.186 607.01314     2.554    -3.371               7.724          0811Pa0015
  4850.202      25.0     4.317     -3.45                                        
  4850.216      24.0     3.367     -2.79                                        
  4850.218      58.1     1.403     -1.10                                        
  4850.260 106.00113     0.728    -2.974               3.464            AX12Q065
  4850.334 607.01214     2.700    -2.203               7.724          0811Ra0215
  4850.400      24.0     5.213     -2.22                                        
  4850.410 607.01314     2.337    -3.148               7.724          0710Ra0015
  4850.440      90.1     0.514     -2.17                                        
  4850.442      26.0     4.648     -4.34                                        
  4850.465 607.01214     2.700    -5.178               7.724          0811Qd0215
  4850.473 106.00113     2.275    -2.945               3.464            AX45R235
  4850.474 607.01314     2.337    -3.403               7.724          0710Rb0005
  4850.476 607.01314     2.337    -4.101               7.724          0710Qd0015
  4850.513 106.00112     2.221    -4.952               3.464            AX55P215
  4850.545      22.0     3.125     -0.79                                        
  4850.564 607.01314     2.140    -2.536               7.724          0609Ra0105
  4850.582 607.01214     2.700    -2.222               7.724          0811Rb0205
  4850.583      72.0     1.302     -2.10                                        
  4850.587 106.00113     0.371    -4.507               3.464            AX01Q045
  4850.599 106.00113     2.275    -5.594               3.464            AX45Q235
  4850.602      57.1     0.772     -1.71                                        
  4850.602 607.01314     2.140    -2.575               7.724          0609Rb0095
  4850.615 607.01314     2.140    -4.928               7.724          0609Qd0105
  4850.623 607.01214     1.862    -3.329               7.724          0003Rb0695
  4850.652 607.01314     2.769    -2.855               7.724          0912Ra0035
  4850.653 607.01314     2.769    -2.967               7.724          0912Rb0025
  4850.659 607.01314     2.769    -4.395               7.724          0912Qd0035
  4850.688 106.00113     2.275    -3.056               3.464            AX45R225
  4850.689      23.1     6.529     -2.37                                        
  4850.706      25.0     5.221     -3.27                                        
  4850.727 106.00113     0.371    -3.429               3.464            AX01R045
  4850.735 106.00113     0.371    -4.500               3.464            AX01Q045
  4850.736 607.01214     1.862    -7.262               7.724          0003Qd0705
  4850.741      28.0     4.232     -1.03                                        
  4850.797      57.0     0.130     -1.37                                        
  4850.807      22.0     2.133     -5.27                                        
  4850.837 106.00113     2.275    -5.116               3.464            AX55P225
  4850.851      56.1     6.196     -1.69                                        
  4850.855      24.0     3.365     -3.96                                        
  4850.874 106.00113     0.371    -3.429               3.464            AX01R045
  4850.876      24.0     4.532     -2.76                                        
  4850.902      58.1     0.892     -1.37                              Lawler09  
  4850.917 607.01314     2.554    -4.071               7.724          0811Qc0015
  4850.918 607.01314     1.982    -2.362               7.724          0508Ra0205
  4850.920 607.01314     2.554    -3.115               7.724          0811Pa0025
  4850.926 607.01314     2.554    -3.371               7.724          0811Pb0015
  4851.008 607.01314     1.982    -2.383               7.724          0508Rb0195
  4851.036 607.01314     1.982    -5.300               7.724          0508Qd0205
  4851.087      25.0     4.662     -1.61                                        
  4851.115 106.00112     0.729    -3.043               3.464            AX12Q055
  4851.143      25.1     6.181     -3.35                                        
  4851.148      70.1     3.015     -1.55                                        
  4851.212 106.00112     0.729    -4.527               3.464            AX12R055
  4851.218      22.0     2.486     -2.23                                        
  4851.267 607.01314     2.337    -3.403               7.724          0710Ra0005
  4851.268 607.01214     2.481    -2.225               7.724          0710Ra0215
  4851.274 607.01214     2.481    -2.243               7.724          0710Rb0205
  4851.277      22.0     2.316     -1.90                                        
  4851.280      23.0     2.876     -2.40                                        
  4851.301 607.01214     2.481    -5.200               7.724          0710Qd0215
  4851.303 106.00113     0.638    -5.125               3.464            AX01R125
  4851.307 607.01314     2.337    -3.703               7.724          0710Qd0005
  4851.348      40.0     0.622     -1.20                                        
  4851.350 106.00113     0.638    -2.872               3.464            AX01Q125
  4851.351      22.0     2.152     -1.59                                 LAWLER 
  4851.411 106.00113     0.639    -2.845               3.464            AX01Q135
  4851.414 106.00112     0.640    -5.109               3.464            AX01R125
  4851.444 106.00112     0.640    -2.872               3.464            AX01Q125
  4851.462 106.00113     0.639    -4.926               3.464            AX01P135
  4851.464      24.0     3.432     -1.27                                        
  4851.467 106.00112     2.530    -8.628               3.464            CX05P275
  4851.477 106.00112     0.730    -3.043               3.464            AX12Q055
  4851.490      23.0     0.000     -1.14                               LAWNOHFS 
  4851.495 106.00113     0.708    -3.137               3.464            AX12Q045
  4851.506 607.01314     2.768    -2.967               7.724          0912Ra0025
  4851.508 607.01314     2.768    -3.121               7.724          0912Rb0015
  4851.512 607.01314     2.768    -4.265               7.724          0912Qd0025
  4851.537      25.1     5.433     -2.61                                        
  4851.539      14.0     5.078     -2.50                                        
  4851.555 106.00112     2.530   -12.246               3.464            CX05Q265
  4851.561 106.00112     0.372    -3.517               3.464            AX01R035
  4851.566 106.00113     1.972    -4.069               3.464            AX34Q225
  4851.576 106.00112     0.730    -4.489               3.464            AX12P065
  4851.577 106.00112     0.730    -4.535               3.464            AX12R055
  4851.612 106.00113     1.972    -5.649               3.464            AX34P225
  4851.617 607.01214     2.299    -2.211               7.724          0609Ra0255
  4851.620 106.00112     0.640    -2.845               3.464            AX01Q135
  4851.621 607.01314     2.556    -4.263               7.724          0811Qc0025
  4851.622 106.00113     1.972    -7.152               3.464            AX34R215
  4851.625 607.01314     2.556    -2.959               7.724          0811Pa0035
  4851.632 106.00113     0.708    -4.442               3.464            AX12R045
  4851.635 607.01314     2.556    -3.115               7.724          0811Pb0025
  4851.641      68.1     2.114     -0.59                                        
  4851.663      20.0     5.177     -7.80                                        
  4851.667 106.00113     1.972    -3.735               3.464            AX34Q215
  4851.672 106.00112     0.640    -4.939               3.464            AX01P135
  4851.673 106.00112     0.730    -2.974               3.464            AX12Q065
  4851.677 607.01314     1.864    -2.345               7.724          0407Rb0295
  4851.693      42.0     2.494     -1.90                                        
  4851.703 607.01214     2.299    -2.227               7.724          0609Rb0245
  4851.721 607.01314     1.864    -5.596               7.724          0407Qd0305
  4851.737 607.01214     2.299    -5.327               7.724          0609Qd0255
  4851.739 106.00112     2.530    -8.581               3.464            CX05P265
  4851.745 106.00112     0.372    -3.517               3.464            AX01R035
  4851.756 106.00113     0.708    -3.136               3.464            AX12Q045
  4851.757      69.0     2.370     -0.23                                        
  4851.772 106.00113     0.679    -6.548               3.464            BX02R035
  4851.777 607.01314     2.136    -2.575               7.724          0609Ra0095
  4851.812 607.01314     2.136    -2.618               7.724          0609Rb0085
  4851.817 607.01214     2.691    -2.222               7.724          0811Ra0205
  4851.825 607.01314     2.136    -4.886               7.724          0609Qd0095
  4851.868      26.0     4.140     -1.28                                        
  4851.893 106.00113     0.708    -4.449               3.464            AX12R045
  4851.894      22.0     2.776     -3.80                                        
  4851.894      69.1     3.346     -0.09                                        
  4851.894 106.00112     0.730    -4.483               3.464            AX12P065
  4851.929      24.0     3.963     -2.24                                        
  4851.947 607.01214     2.691    -5.158               7.724          0811Qd0205
  4851.949   27.0059     2.540    -7.494                                 KURHFS 
  4851.949   27.0059     2.540    -7.494                                 KURHFS 
  4851.949   27.0059     2.540    -7.795                                 KURHFS 
  4851.977   27.0059     2.540    -7.330                                 KURHFS 
  4851.977   27.0059     2.540    -7.356                                 KURHFS 
  4851.977   27.0059     2.540    -7.670                                 KURHFS 
  4851.994 106.00112     0.730    -2.974               3.464            AX12Q065
  4852.015   27.0059     2.540    -7.073                                 KURHFS 
  4852.015   27.0059     2.540    -7.322                                 KURHFS 
  4852.015   27.0059     2.540    -7.920                                 KURHFS 
  4852.042 607.01214     2.691    -2.241               7.724          0811Rb0195
  4852.050 106.00113     0.708    -4.433               3.464            AX12P055
  4852.062   27.0059     2.540    -6.857                                 KURHFS 
  4852.062   27.0059     2.540    -7.483                                 KURHFS 
  4852.062   27.0059     2.540    -8.348                                 KURHFS 
  4852.095 106.00113     2.155   -10.779               3.464            CX05P215
  4852.145 607.01214     2.966    -2.155               7.724          0912Rb0255
  4852.149      73.0     1.357     -1.70                                        
  4852.161      25.1     6.828     -4.45                                        
  4852.185 106.00113     0.708    -3.050               3.464            AX12Q055
  4852.202 106.00113     2.288    -6.369               3.464            AX01Q355
  4852.258      26.0     4.188     -4.17                                        
  4852.268 106.00113     0.708    -4.427               3.464            AX12P055
  4852.287 106.00112     0.372    -4.507               3.464            AX01Q045
  4852.294 607.01314     2.557    -4.394               7.724          0811Qc0035
  4852.300 106.00113     0.948    -3.794               3.464            BX02R125
  4852.300 607.01314     2.557    -2.846               7.724          0811Pa0045
  4852.314 607.01314     2.557    -2.960               7.724          0811Pb0035
  4852.337 607.01314     2.767    -3.121               7.724          0912Ra0015
  4852.340 607.01314     2.767    -3.375               7.724          0912Rb0005
  4852.342 607.01314     2.767    -4.073               7.724          0912Qd0015
  4852.371 106.00113     0.908    -3.894               3.464            BX02R115
  4852.408 106.00113     0.708    -3.050               3.464            AX12Q055
  4852.422 106.00112     0.372    -3.428               3.464            AX01R045
  4852.433 106.00112     0.373    -4.500               3.464            AX01Q045
  4852.467      23.1     5.476     -2.50                                        
  4852.495 106.00113     0.948    -8.059               3.464            BX02Q135
  4852.509 106.00112     1.581    -4.017               3.464            AX45R045
  4852.547      28.0     3.539     -1.07                                        
  4852.573 106.00112     0.373    -3.429               3.464            AX01R045
  4852.576 106.00113     0.948    -3.694               3.464            BX02R135
  4852.587 106.00113     0.908    -8.097               3.464            BX02Q125
  4852.599 607.01314     1.974    -2.383               7.724          0508Ra0195
  4852.624      58.0     0.384     -0.46                                        
  4852.626      58.0     0.772     -0.07                                        
  4852.664 106.00113     0.908    -3.794               3.464            BX02R125
  4852.677      39.0     1.373      0.12                                        
  4852.683      24.0     5.090     -3.20                                        
  4852.687 607.01314     1.974    -2.404               7.724          0508Rb0185
  4852.693   27.0059     2.540    -5.706                                 KURHFS 
  4852.714 607.01314     1.974    -5.280               7.724          0508Qd0195
  4852.721   27.0059     2.540    -5.685                                 KURHFS 
  4852.721   27.0059     2.540    -6.162                                 KURHFS 
  4852.731 106.00112     2.039    -4.756               3.464            AX34Q235
  4852.739 106.00112     1.581    -4.017               3.464            AX45R045
  4852.759   27.0059     2.540    -5.685                                 KURHFS 
  4852.759   27.0059     2.540    -5.831                                 KURHFS 
  4852.785 106.00112     2.039    -6.524               3.464            AX34R225
  4852.806   27.0059     2.540    -5.364                                 KURHFS 
  4852.815 106.00113     2.156    -7.085               3.464            CX05Q205
  4852.818 607.01214     2.472    -2.243               7.724          0710Ra0205
  4852.823 607.01214     2.472    -2.263               7.724          0710Rb0195
  4852.849 607.01214     2.472    -5.180               7.724          0710Qd0205
  4852.864      90.0     2.009     -0.52                                        
  4852.865 607.01314     2.337    -3.703               7.724          0710Qc0005
  4852.866 607.01314     2.337    -3.401               7.724          0710Pa0015
  4852.873      22.0     1.878     -6.29                                        
  4852.877      23.0     2.576     -3.21                                        
  4852.877 106.00112     2.039    -5.805               3.464            AX34P235
  4852.878      24.0     2.965     -5.44                                        
  4852.931 106.00112     2.039    -4.069               3.464            AX34Q225
  4852.938 607.01314     2.559    -4.493               7.724          0811Qc0045
  4852.943 106.00112     0.641    -5.125               3.464            AX01R125
  4852.944 607.01314     2.559    -2.756               7.724          0811Pa0055
  4852.952 607.01314     2.132    -2.618               7.724          0609Ra0085
  4852.963 607.01314     2.559    -2.846               7.724          0811Pb0045
  4852.971 106.00112     1.581    -5.016               3.464            AX45Q055
  4852.974 106.00113     2.155    -7.115               3.464            CX05Q215
  4852.985 607.01314     2.132    -2.666               7.724          0609Rb0075
  4852.993 106.00112     0.641    -2.872               3.464            AX01Q125
  4852.996 607.01314     2.132    -4.841               7.724          0609Qd0085
  4853.051 106.00112     0.641    -2.845               3.464            AX01Q135
  4853.064 106.00112     1.581    -4.003               3.464            AX45R055
  4853.104 106.00112     0.641    -4.926               3.464            AX01P135
  4853.145 607.01314     2.766    -3.375               7.724          0912Ra0005
  4853.148 607.01314     2.766    -3.675               7.724          0912Qd0005
  4853.149 106.00113     0.992    -3.694               3.464            BX02R135
  4853.168 106.00112     1.581    -5.007               3.464            AX45Q055
  4853.178 106.00113     2.253    -6.907               3.464            AX13R305
  4853.218 106.00113     0.692    -3.264               3.464            AX12Q035
  4853.238 106.00112     0.710    -3.136               3.464            AX12Q045
  4853.242      23.0     2.682     -5.56                                        
  4853.250 106.00113     0.870    -3.995               3.464            BX02R105
  4853.252 106.00113     2.031    -6.495               3.464            AX34R225
  4853.260 106.00112     1.581    -4.003               3.464            AX45R055
  4853.267 607.01214     2.683    -2.241               7.724          0811Ra0195
  4853.272      28.0     3.895     -1.94                                        
  4853.286 607.01214     2.955    -2.155               7.724          0912Ra0255
  4853.299   27.0059     3.772    -4.464                                 KURHFS 
  4853.299   27.0059     3.772    -4.464                                 KURHFS 
  4853.299   27.0059     3.772    -4.765                                 KURHFS 
  4853.300 607.01214     2.955    -5.267               7.724          0912Qd0255
  4853.315   27.0059     3.772    -4.300                                 KURHFS 
  4853.315   27.0059     3.772    -4.326                                 KURHFS 
  4853.315   27.0059     3.772    -4.640                                 KURHFS 
  4853.316      60.0     0.140     -0.51                                        
  4853.321 106.00113     2.031    -4.755               3.464            AX34Q235
  4853.326 106.00113     0.992    -8.010               3.464            BX02Q145
  4853.337   27.0059     3.772    -4.043                                 KURHFS 
  4853.337   27.0059     3.772    -4.292                                 KURHFS 
  4853.337   27.0059     3.772    -4.890                                 KURHFS 
  4853.365   27.0059     3.772    -3.827                                 KURHFS 
  4853.365   27.0059     3.772    -4.453                                 KURHFS 
  4853.365   27.0059     3.772    -5.318                                 KURHFS 
  4853.376 106.00112     0.710    -4.441               3.464            AX12R045
  4853.389 607.01214     2.955    -2.169               7.724          0912Rb0245
  4853.394 106.00113     0.692    -3.263               3.464            AX12Q035
  4853.395 607.01214     2.683    -5.136               7.724          0811Qd0195
  4853.404 106.00113     0.692    -4.341               3.464            AX12R035
  4853.411 106.00113     0.992    -3.595               3.464            BX02R145
  4853.463 607.01214     2.288    -2.227               7.724          0609Ra0245
  4853.471 607.01214     2.683    -2.261               7.724          0811Rb0185
  4853.489 106.00113     0.870    -8.123               3.464            BX02Q115
  4853.498      24.0     2.706     -3.75                                        
  4853.502 106.00112     0.710    -3.136               3.464            AX12Q045
  4853.518 106.00113     2.031    -4.068               3.464            AX34Q225
  4853.549 607.01214     2.288    -2.243               7.724          0609Rb0235
  4853.551 607.01314     2.562    -4.574               7.724          0811Qc0055
  4853.559 607.01314     2.562    -2.682               7.724          0811Pa0065
  4853.562 106.00113     0.870    -3.894               3.464            BX02R115
  4853.579 106.00113     0.692    -4.347               3.464            AX12R035
  4853.582 607.01214     2.288    -5.310               7.724          0609Qd0245
  4853.582 607.01314     2.562    -2.757               7.724          0811Pb0055
  4853.587 106.00113     2.031    -5.830               3.464            AX34P235
  4853.590      27.0     4.256     -3.79                                        
  4853.592 607.01314     2.338    -4.101               7.724          0710Qc0015
  4853.595 607.01314     2.338    -3.145               7.724          0710Pa0025
  4853.597      58.0     0.410     -0.48                                        
  4853.607      23.0     2.965     -2.83                                        
  4853.620 106.00112     2.222    -5.011               3.464            AX55P215
  4853.622 106.00113     1.563    -4.041               3.464            AX45R035
  4853.632 607.01314     2.338    -3.401               7.724          0710Pb0015
  4853.642 106.00112     0.710    -4.448               3.464            AX12R045
  4853.655 106.00112     2.303    -6.315               3.464            AX01Q355
  4853.691 106.00112     2.113    -7.420               3.464            AX02R315
  4853.695 106.00113     2.156   -11.321               3.464            CX05R205
  4853.738 106.00112     2.303    -3.176               3.464            AX01P365
  4853.774 106.00113     1.563    -4.041               3.464            AX45R035
  4853.777 607.01314     1.851    -2.345               7.724          0407Ra0295
  4853.779      28.0     3.541     -1.57                              Wood14    
  4853.794 106.00112     0.710    -4.432               3.464            AX12P055
  4853.795 607.01314     1.851    -2.359               7.724          0407Rb0285
  4853.830 106.00112     1.255    -2.505               3.464            BX12P185
  4853.831      26.0     4.603     -4.24                                        
  4853.837 607.01314     1.851    -5.582               7.724          0407Qd0295
  4853.901 106.00113     0.692    -4.369               3.464            AX12P045
  4853.917      24.0     3.367     -3.30                                        
  4853.920 106.00112     2.303    -3.088               3.464            AX01P355
  4853.924 106.00112     1.255    -6.922               3.464            BX12Q185
  4853.926      22.0     2.675     -1.07                                        
  4853.930 106.00112     0.710    -3.050               3.464            AX12Q055
  4853.939 106.00113     1.538    -5.119               3.464            AX45R015
  4853.940 106.00113     1.538    -5.112               3.464            AX45R015
  4853.951 106.00112     2.221    -3.049               3.464            AX45R225
  4853.973      26.0     4.412     -4.16                                        
  4854.011 106.00112     2.303    -5.115               3.464            AX51R355
  4854.018 106.00112     0.710    -4.427               3.464            AX12P055
  4854.019 106.00112     2.221    -3.184               3.464            AX45R215
  4854.043 106.00112     1.255    -2.566               3.464            BX12P195
  4854.044 106.00113     0.692    -4.365               3.464            AX12P045
  4854.074      74.0     1.654     -1.75                                        
  4854.089 106.00112     2.221    -5.791               3.464            AX45Q225
  4854.090 607.01314     2.129    -2.666               7.724          0609Ra0075
  4854.091 106.00113     0.692    -3.149               3.464            AX12Q045
  4854.093 106.00112     2.303    -2.087               3.464            AX51Q365
  4854.114      25.0     3.769     -3.60                                        
  4854.119 607.01314     2.129    -2.720               7.724          0609Rb0065
  4854.129 607.01314     2.129    -4.789               7.724          0609Qd0075
  4854.135 607.01314     2.564    -4.642               7.724          0811Qc0065
  4854.144 607.01314     2.564    -2.619               7.724          0811Pa0075
  4854.155 106.00112     0.710    -3.050               3.464            AX12Q055
  4854.171 607.01314     2.564    -2.682               7.724          0811Pb0065
  4854.176      26.0     4.590     -2.86                                        
  4854.183 106.00113     1.563    -4.900               3.464            AX45Q045
  4854.234 106.00113     0.692    -3.149               3.464            AX12Q045
  4854.240 607.01314     1.966    -2.404               7.724          0508Ra0185
  4854.247 106.00112     2.303    -2.410               3.464            AX51Q355
  4854.252      39.0     1.886     -0.03                                        
  4854.259 106.00112     2.100    -6.120               3.464            AX34R235
  4854.285      26.0     4.214     -4.28                                        
  4854.285 607.01314     2.339    -4.293               7.724          0710Qc0025
  4854.289 607.01314     2.339    -2.989               7.724          0710Pa0035
  4854.307 106.00113     1.563    -4.893               3.464            AX45Q045
  4854.314      27.0     4.256     -4.10                                        
  4854.318 106.00113     1.563    -3.999               3.464            AX45R045
  4854.325 607.01314     1.966    -2.426               7.724          0508Rb0175
  4854.329 106.00112     2.303    -5.423               3.464            AX51P365
  4854.333      26.0     4.555     -2.66                                        
  4854.338 607.01214     2.464    -2.263               7.724          0710Ra0195
  4854.340 106.00112     2.100    -5.570               3.464            AX34Q245
  4854.344 607.01214     2.464    -2.284               7.724          0710Rb0185
  4854.351 607.01314     1.966    -5.258               7.724          0508Qd0185
  4854.351 607.01314     2.339    -3.145               7.724          0710Pb0025
  4854.368 607.01214     2.464    -5.159               7.724          0710Qd0195
  4854.370      62.1     0.378     -1.25                              Lawler06  
  4854.377      22.0     3.421     -3.40                                        
  4854.414 106.00112     2.100    -4.756               3.464            AX34Q235
  4854.441 106.00113     1.563    -3.999               3.464            AX45R045
  4854.481      26.0     4.470     -4.34                                        
  4854.496 106.00112     2.100    -6.039               3.464            AX34P245
  4854.505 106.00113     0.679    -3.462               3.464            AX12Q025
  4854.547      23.1     6.473     -3.30                                        
  4854.547      44.0     3.260     -0.30                                        
  4854.578   25.0055     3.856    -1.850                                 KURHFS 
  4854.578   25.0055     3.856    -2.214                                 KURHFS 
  4854.578   25.0055     3.856    -2.758                                 KURHFS 
  4854.583      23.0     2.073     -4.43                                        
  4854.586      20.0     4.760     -3.12                                        
  4854.607 607.01214     2.945    -2.169               7.724          0912Ra0245
  4854.609 106.00113     0.679    -3.461               3.464            AX12Q025
  4854.626 607.01214     2.945    -5.249               7.724          0912Qd0245
  4854.629   25.0055     3.856    -2.214                                 KURHFS 
  4854.629   25.0055     3.856    -2.311                                 KURHFS 
  4854.629   25.0055     3.856    -2.327                                 KURHFS 
  4854.646 607.01214     2.945    -2.184               7.724          0912Rb0235
  4854.661 607.01314     2.686    -1.897               7.724          0710Pb0405
  4854.675      25.0     4.824     -3.46                                        
  4854.684 607.01214     2.675    -2.262               7.724          0811Ra0185
  4854.688 607.01314     2.568    -4.701               7.724          0811Qc0075
  4854.689 607.01314     2.767    -3.675               7.724          0912Qc0005
  4854.691 607.01314     2.767    -3.373               7.724          0912Pa0015
  4854.698 607.01314     2.568    -2.563               7.724          0811Pa0085
  4854.730 607.01314     2.568    -2.619               7.724          0811Pb0075
  4854.738      22.0     2.238     -1.31                                 LAWLER 
  4854.769 106.00113     0.679    -4.219               3.464            AX12R025
  4854.810 607.01214     2.675    -5.113               7.724          0811Qd0185
  4854.839 106.00113     0.341    -4.821               3.464            AX01R015
  4854.839 106.00113     0.341    -4.828               3.464            AX01R015
  4854.842 106.00113     0.835    -4.097               3.464            BX02R095
  4854.860      39.1     0.992     -0.27                              Biemont11 
  4854.868 607.01214     2.675    -2.283               7.724          0811Rb0175
  4854.874 106.00113     0.679    -4.224               3.464            AX12R025
  4854.876      26.0     4.183     -1.35                                        
  4854.899      26.0     4.140     -2.04                                        
  4854.932      20.0     5.987     -4.79                                        
  4854.944 607.01314     2.341    -4.423               7.724          0710Qc0035
  4854.946      57.0     1.138     -0.85                                        
  4854.950 607.01314     2.341    -2.876               7.724          0710Pa0045
  4854.977 106.00112     0.694    -3.264               3.464            AX12Q035
  4855.008 607.01214     2.134    -2.241               7.724          0508Rb0295
  4855.030      24.0     3.373     -3.58                                        
  4855.035 607.01314     2.341    -2.989               7.724          0710Pb0035
  4855.041      38.0     2.250     -0.53                                        
  4855.052 607.01214     2.134    -5.491               7.724          0508Qd0305
  4855.059 106.00113     1.038    -3.595               3.464            BX02R145
  4855.106      24.0     5.213     -1.79                                        
  4855.110 106.00113     0.835    -8.136               3.464            BX02Q105
  4855.135      28.0     3.737     -2.37                                        
  4855.154      24.0     2.707     -3.89                                        
  4855.154 106.00112     0.694    -3.263               3.464            AX12Q035
  4855.163 106.00112     0.694    -4.341               3.464            AX12R035
  4855.170   27.0059     0.513    -7.978                                 KURHFS 
  4855.178   27.0059     0.513    -7.568                                 KURHFS 
  4855.178 106.00113     0.835    -3.995               3.464            BX02R105
  4855.186   27.0059     0.513    -7.346                                 KURHFS 
  4855.189 607.01314     2.126    -2.720               7.724          0609Ra0065
  4855.192   27.0059     0.513    -7.221                                 KURHFS 
  4855.193 106.00112     0.681    -6.547               3.464            BX02R035
  4855.193 106.00113     0.596    -5.063               3.464            AX01R115
  4855.199   27.0059     0.513    -7.170                                 KURHFS 
  4855.202   27.0059     0.513    -6.864                                 KURHFS 
  4855.205   27.0059     0.513    -6.668                                 KURHFS 
  4855.205   27.0059     0.513    -7.200                                 KURHFS 
  4855.207   27.0059     0.513    -6.614                                 KURHFS 
  4855.208   27.0059     0.513    -6.636                                 KURHFS 
  4855.210   27.0059     0.513    -6.727                                 KURHFS 
  4855.210   27.0059     0.513    -6.915                                 KURHFS 
  4855.211 607.01314     2.571    -4.752               7.724          0811Qc0085
  4855.215 607.01314     2.126    -2.782               7.724          0609Rb0055
  4855.220 106.00113     1.038    -7.952               3.464            BX02Q155
  4855.221   27.0059     0.513    -7.170                                 KURHFS 
  4855.223 607.01314     2.571    -2.514               7.724          0811Pa0095
  4855.224 607.01314     2.126    -4.731               7.724          0609Qd0065
  4855.225   27.0059     0.513    -6.782                                 KURHFS 
  4855.227 106.00113     0.596    -2.903               3.464            AX01Q115
  4855.227 106.00113     0.669    -3.892               3.464            AX12Q015
  4855.230   27.0059     0.513    -6.527                                 KURHFS 
  4855.233   27.0059     0.513    -6.329                                 KURHFS 
  4855.233 607.01214     1.831    -3.329               7.724          0003Ra0695
  4855.236   27.0059     0.513    -6.165                                 KURHFS 
  4855.238   27.0059     0.513    -6.024                                 KURHFS 
  4855.258 607.01314     2.571    -2.564               7.724          0811Pb0085
  4855.274 607.01214     2.278    -2.244               7.724          0609Ra0235
  4855.276 106.00113     0.669    -3.890               3.464            AX12Q015
  4855.306      60.0     0.140     -0.51                                        
  4855.309 106.00113     1.038    -3.495               3.464            BX02R155
  4855.324      23.0     2.682     -8.25                                        
  4855.340 106.00112     0.694    -4.347               3.464            AX12R035
  4855.344      23.0     2.721     -6.88                                        
  4855.349 607.01214     1.831    -3.337               7.724          0003Rb0685
  4855.359 607.01214     2.278    -2.261               7.724          0609Rb0225
  4855.391 607.01214     2.278    -5.293               7.724          0609Qd0235
  4855.406      28.0     3.539      0.00                                        
  4855.407 106.00113     0.679    -4.302               3.464            AX12P035
  4855.418 106.00113     0.596    -2.873               3.464            AX01Q125
  4855.423 607.01314     2.768    -4.073               7.724          0912Qc0015
  4855.426      24.0     4.528     -2.83                                        
  4855.426 607.01314     2.768    -3.373               7.724          0912Pb0015
  4855.427 607.01314     2.768    -3.117               7.724          0912Pa0025
  4855.437      26.0     4.581     -3.04                                        
  4855.451      26.1     2.853     -5.58                                        
  4855.453 106.00113     0.596    -4.911               3.464            AX01P125
  4855.461 607.01214     1.831    -7.258               7.724          0003Qd0695
  4855.487 106.00113     0.679    -4.299               3.464            AX12P035
  4855.505 607.01314     2.669    -1.909               7.724          0710Pb0395
  4855.548      26.1     2.702     -4.27                                        
  4855.569 607.01314     2.343    -4.523               7.724          0710Qc0045
  4855.576 607.01314     2.343    -2.786               7.724          0710Pa0055
  4855.577   27.0059     3.949    -3.099                                 KURHFS 
  4855.577   27.0059     3.949    -3.939                                 KURHFS 
  4855.577   27.0059     3.949    -5.053                                 KURHFS 
  4855.605   27.0059     3.949    -3.240                                 KURHFS 
  4855.605   27.0059     3.949    -3.743                                 KURHFS 
  4855.605   27.0059     3.949    -4.643                                 KURHFS 
  4855.628   27.0059     3.949    -3.404                                 KURHFS 
  4855.628   27.0059     3.949    -3.689                                 KURHFS 
  4855.628   27.0059     3.949    -4.421                                 KURHFS 
  4855.629 106.00113     0.669    -4.057               3.464            AX12R015
  4855.647   27.0059     3.949    -3.602                                 KURHFS 
  4855.647   27.0059     3.949    -3.711                                 KURHFS 
  4855.647   27.0059     3.949    -4.296                                 KURHFS 
  4855.661   27.0059     3.949    -3.802                                 KURHFS 
  4855.661   27.0059     3.949    -3.857                                 KURHFS 
  4855.661   27.0059     3.949    -4.245                                 KURHFS 
  4855.666 106.00112     0.694    -4.369               3.464            AX12P045
  4855.669 106.00113     0.679    -3.290               3.464            AX12Q035
  4855.670   27.0059     3.949    -3.990                                 KURHFS 
  4855.670   27.0059     3.949    -4.245                                 KURHFS 
  4855.670   27.0059     3.949    -4.275                                 KURHFS 
  4855.673      26.0     3.368     -1.63                              DenHarto14
  4855.680 106.00113     0.669    -4.061               3.464            AX12R015
  4855.683 607.01314     2.343    -2.876               7.724          0710Pb0045
  4855.702      24.0     3.009     -3.34                                        
  4855.705 607.01314     2.575    -4.799               7.724          0811Qc0095
  4855.716 106.00112     0.952    -3.793               3.464            BX02R125
  4855.718 607.01314     2.575    -2.470               7.724          0811Pa0105
  4855.754 106.00113     0.679    -3.290               3.464            AX12Q035
  4855.757 607.01314     2.575    -2.514               7.724          0811Pb0095
  4855.778 106.00112     0.911    -3.893               3.464            BX02R115
  4855.809 106.00112     0.694    -4.365               3.464            AX12P045
  4855.830 607.01214     2.456    -2.284               7.724          0710Ra0185
  4855.835 607.01214     2.456    -2.306               7.724          0710Rb0175
  4855.841 607.01314     1.958    -2.426               7.724          0508Ra0175
  4855.853 106.00112     0.694    -3.148               3.464            AX12Q045
  4855.858 607.01214     2.456    -5.136               7.724          0710Qd0185
  4855.861 607.01314     1.839    -2.359               7.724          0407Ra0285
  4855.880      25.0     4.791     -2.37                                        
  4855.882 607.01314     1.839    -2.374               7.724          0407Rb0275
  4855.904      22.1     3.092     -1.40                                 LAWLER 
  4855.911 607.01214     2.935    -2.200               7.724          0912Rb0225
  4855.914 106.00112     0.952    -8.058               3.464            BX02Q135
  4855.923 607.01314     1.839    -5.568               7.724          0407Qd0285
  4855.923 607.01314     1.958    -2.450               7.724          0508Rb0165
  4855.929 607.01214     2.935    -2.184               7.724          0912Ra0235
  4855.948 607.01314     1.958    -5.235               7.724          0508Qd0175
  4855.953 607.01214     2.935    -5.230               7.724          0912Qd0235
  4855.996 106.00112     0.911    -8.096               3.464            BX02Q125
  4855.998 106.00112     0.694    -3.149               3.464            AX12Q045
  4856.000 106.00112     0.952    -3.693               3.464            BX02R135
  4856.010      22.0     2.254      0.52                                 LAWLER 
  4856.054      24.1     5.658     -3.95                                        
  4856.054      26.0     4.730     -4.00                                        
  4856.070 607.01214     2.668    -2.283               7.724          0811Ra0175
  4856.078 106.00112     0.911    -3.793               3.464            BX02R125
  4856.083      24.0     5.076     -3.52                                        
  4856.088      26.0     4.280     -2.95                                        
  4856.092      19.0     1.609     -2.62                                        
  4856.124      20.0     5.045     -3.32                                        
  4856.133 607.01314     2.769    -4.265               7.724          0912Qc0025
  4856.138 607.01314     2.769    -3.117               7.724          0912Pb0025
  4856.139 607.01314     2.769    -2.961               7.724          0912Pa0035
  4856.161 607.01314     2.345    -4.603               7.724          0710Qc0055
  4856.169 607.01314     2.345    -2.712               7.724          0710Pa0065
  4856.169 607.01314     2.580    -4.841               7.724          0811Qc0105
  4856.182 607.01314     2.580    -2.430               7.724          0811Pa0115
  4856.188      64.0     1.448     -0.27                                        
  4856.190      24.1     3.854     -2.03                              Lawler17  
  4856.193 607.01214     2.668    -5.089               7.724          0811Qd0175
  4856.225 607.01314     2.580    -2.470               7.724          0811Pb0105
  4856.236 607.01214     2.668    -2.306               7.724          0811Rb0165
  4856.250      66.1     2.420     -0.53                              Wickliff00
  4856.250 607.01314     2.124    -2.782               7.724          0609Ra0055
  4856.257      25.0     4.432     -3.65                                        
  4856.263 607.01314     2.653    -1.920               7.724          0710Pb0385
  4856.269 106.00112     0.681    -3.461               3.464            AX12Q025
  4856.273 607.01314     2.124    -2.855               7.724          0609Rb0045
  4856.280 607.01314     2.124    -4.663               7.724          0609Qd0055
  4856.296 607.01314     2.345    -2.786               7.724          0710Pb0055
  4856.380 106.00112     0.681    -3.460               3.464            AX12Q025
  4856.504 106.00113     0.596    -5.078               3.464            AX01R115
  4856.538 106.00113     0.596    -2.903               3.464            AX01Q115
  4856.540 106.00112     0.681    -4.219               3.464            AX12R025
  4856.551      23.0     2.636     -1.41                               LAWNOHFS 
  4856.566 106.00113     0.670    -4.264               3.464            AX12P025
  4856.571 106.00112     0.342    -4.828               3.464            AX01R015
  4856.576 106.00112     0.342    -4.821               3.464            AX01R015
  4856.592      23.1     6.474     -4.29                                        
  4856.592 106.00112     0.995    -3.694               3.464            BX02R135
  4856.600 106.00113     0.670    -4.262               3.464            AX12P025
  4856.602 607.01314     2.585    -4.879               7.724          0811Qc0115
  4856.612      22.0     2.115     -4.54                                        
  4856.617 607.01314     2.585    -2.393               7.724          0811Pa0125
  4856.641      26.0     4.188     -2.76                                        
  4856.642 106.00113     0.596    -2.873               3.464            AX01Q125
  4856.646 106.00112     0.681    -4.224               3.464            AX12R025
  4856.659 106.00112     0.873    -3.994               3.464            BX02R105
  4856.664 607.01314     2.585    -2.430               7.724          0811Pb0115
  4856.675 106.00113     0.596    -4.898               3.464            AX01P125
  4856.698      27.0     4.172     -1.79                                        
  4856.713      39.0     1.917     -0.37                                        
  4856.719 607.01314     2.348    -4.671               7.724          0710Qc0065
  4856.728 607.01314     2.348    -2.648               7.724          0710Pa0075
  4856.730      64.0     2.076      0.51                                        
  4856.758 106.00113     2.033    -4.755               3.464            AX34Q235
  4856.773 106.00112     0.995    -8.010               3.464            BX02Q145
  4856.800      21.1     4.875     -1.53                                        
  4856.801 106.00113     2.033    -5.804               3.464            AX34P235
  4856.819      15.0     7.398     -2.60                                        
  4856.820 607.01314     2.770    -4.396               7.724          0912Qc0035
  4856.824 106.00113     2.033    -6.523               3.464            AX34R225
  4856.827 607.01314     2.770    -2.961               7.724          0912Pb0035
  4856.828 607.01314     2.770    -2.848               7.724          0912Pa0045
  4856.857 106.00112     0.598    -5.063               3.464            AX01R115
  4856.862 106.00112     0.995    -3.594               3.464            BX02R145
  4856.866 106.00113     2.033    -4.069               3.464            AX34Q225
  4856.872 607.01314     2.348    -2.712               7.724          0710Pb0065
  4856.896 106.00112     0.598    -2.903               3.464            AX01Q115
  4856.901 106.00112     0.873    -8.122               3.464            BX02Q115
  4856.928      24.0     4.529     -1.82                                        
  4856.941 106.00112     2.222    -3.050               3.464            AX45R225
  4856.944 607.01314     2.638    -1.932               7.724          0710Pb0375
  4856.956      22.0     2.660     -3.02                                        
  4856.958      25.1     5.563     -5.33                                        
  4856.963 106.00113     0.670    -3.538               3.464            AX12Q025
  4856.978 106.00112     0.873    -3.893               3.464            BX02R115
  4857.000 106.00113     0.670    -3.539               3.464            AX12Q025
  4857.005 106.00112     0.671    -3.892               3.464            AX12Q015
  4857.006 607.01314     2.590    -4.914               7.724          0811Qc0125
  4857.023 607.01314     2.590    -2.359               7.724          0811Pa0135
  4857.049 607.01214     2.268    -2.261               7.724          0609Ra0225
  4857.057      23.0     2.129     -1.81                               LAWNOHFS 
  4857.061 106.00112     0.671    -3.890               3.464            AX12Q015
  4857.069 106.00113     0.804    -4.202               3.464            BX02R085
  4857.072 607.01314     2.590    -2.393               7.724          0811Pb0125
  4857.078 607.01314     2.686    -5.451               7.724          0710Qc0405
  4857.080 106.00112     2.222    -5.756               3.464            AX45Q225
  4857.092 106.00112     0.598    -2.873               3.464            AX01Q125
  4857.121 106.00112     0.598    -4.911               3.464            AX01P125
  4857.130 106.00112     2.222    -3.184               3.464            AX45R215
  4857.133 607.01214     2.268    -2.279               7.724          0609Rb0215
  4857.163 607.01214     2.268    -5.275               7.724          0609Qd0225
  4857.179 607.01214     2.925    -2.217               7.724          0912Rb0215
  4857.181      24.0     5.213     -0.93                                        
  4857.188 106.00112     0.681    -4.302               3.464            AX12P035
  4857.229 607.01214     2.121    -2.255               7.724          0508Rb0285
  4857.243 607.01314     2.352    -4.730               7.724          0710Qc0075
  4857.246 607.01214     2.925    -2.201               7.724          0912Ra0225
  4857.254 607.01314     2.352    -2.593               7.724          0710Pa0085
  4857.257      22.0     2.295     -2.77                                        
  4857.265 106.00112     0.681    -4.299               3.464            AX12P035
  4857.269      25.0     5.195     -3.31                                        
  4857.270 607.01214     2.121    -5.477               7.724          0508Qd0295
  4857.272 607.01314     2.121    -2.855               7.724          0609Ra0045
  4857.274 607.01214     2.925    -5.211               7.724          0912Qd0225
  4857.292 607.01214     2.448    -2.306               7.724          0710Ra0175
  4857.292 607.01314     2.121    -2.943               7.724          0609Rb0035
  4857.297 607.01214     2.448    -2.329               7.724          0710Rb0165
  4857.298 607.01314     2.121    -4.583               7.724          0609Qd0045
  4857.298 607.01314     2.669    -5.440               7.724          0710Qc0395
  4857.299      24.0     2.708     -2.92                                        
  4857.318 607.01214     2.448    -5.113               7.724          0710Qd0175
  4857.335 106.00112     1.567    -4.040               3.464            AX45R035
  4857.348 607.01314     2.669    -1.898               7.724          0710Pa0405
  4857.361      59.0     0.549     -0.30                                        
  4857.370 106.00113     0.804    -8.133               3.464            BX02Q095
  4857.374      26.0     5.841      0.01                              PK15THEOR 
  4857.381 607.01314     2.596    -4.947               7.724          0811Qc0135
  4857.387      28.0     3.737     -1.20                                        
  4857.398 607.01314     2.596    -2.327               7.724          0811Pa0145
  4857.401 106.00112     0.671    -4.057               3.464            AX12R015
  4857.401 607.01314     1.951    -2.450               7.724          0508Ra0165
  4857.413 607.01314     2.352    -2.648               7.724          0710Pb0075
  4857.425 607.01214     2.660    -2.306               7.724          0811Ra0165
  4857.434 106.00113     0.804    -4.097               3.464            BX02R095
  4857.435      68.0     1.068     -0.10                                        
  4857.446 106.00112     0.681    -3.289               3.464            AX12Q035
  4857.451 607.01314     2.596    -2.359               7.724          0811Pb0135
  4857.456      22.0     2.675     -0.50                                        
  4857.468 106.00112     0.671    -4.061               3.464            AX12R015
  4857.481 607.01314     1.951    -2.475               7.724          0508Rb0155
  4857.483 607.01314     2.772    -4.495               7.724          0912Qc0045
  4857.489 106.00112     1.567    -4.040               3.464            AX45R035
  4857.490      28.0     3.541     -3.11                                        
  4857.490 607.01314     2.772    -2.848               7.724          0912Pb0045
  4857.493 607.01314     2.772    -2.758               7.724          0912Pa0055
  4857.504 607.01314     1.951    -5.210               7.724          0508Qd0165
  4857.505 607.01214     2.121    -2.241               7.724          0508Ra0295
  4857.519      25.0     3.370     -4.15                                        
  4857.529 106.00112     0.681    -3.290               3.464            AX12Q035
  4857.544 607.01214     2.660    -5.064               7.724          0811Qd0165
  4857.556 607.01314     2.622    -1.944               7.724          0710Pb0365
  4857.557 607.01314     2.653    -5.428               7.724          0710Qc0385
  4857.568   23.0051     1.080    -4.908                                 KURHFS 
  4857.574 607.01214     2.660    -2.330               7.724          0811Rb0155
  4857.577   23.0051     1.080    -5.049                                 KURHFS 
  4857.577   23.0051     1.080    -5.748                                 KURHFS 
  4857.584   23.0051     1.080    -5.213                                 KURHFS 
  4857.584   23.0051     1.080    -5.552                                 KURHFS 
  4857.584   23.0051     1.080    -6.862                                 KURHFS 
  4857.590   23.0051     1.080    -5.411                                 KURHFS 
  4857.590   23.0051     1.080    -5.498                                 KURHFS 
  4857.590   23.0051     1.080    -6.452                                 KURHFS 
  4857.595      24.1     6.681     -2.18                                        
  4857.595   23.0051     1.080    -5.520                                 KURHFS 
  4857.595   23.0051     1.080    -5.666                                 KURHFS 
  4857.595   23.0051     1.080    -6.230                                 KURHFS 
  4857.599   23.0051     1.080    -5.611                                 KURHFS 
  4857.599   23.0051     1.080    -6.054                                 KURHFS 
  4857.599   23.0051     1.080    -6.105                                 KURHFS 
  4857.602   23.0051     1.080    -5.799                                 KURHFS 
  4857.602   23.0051     1.080    -6.054                                 KURHFS 
  4857.603   23.0051     1.080    -6.084                                 KURHFS 
  4857.606 607.01314     2.653    -1.909               7.724          0710Pa0395
  4857.613      24.0     3.977     -3.16                                        
  4857.614      23.1     5.863     -4.34                                        
  4857.616      23.1     3.325     -7.63                                        
  4857.626 106.00113     2.106    -7.419               3.464            AX02R315
  4857.630 106.00112     1.542    -5.118               3.464            AX45R015
  4857.632 106.00112     1.542    -5.112               3.464            AX45R015
  4857.634 106.00113     2.295    -5.422               3.464            AX51P365
  4857.636 106.00113     2.295    -2.410               3.464            AX51Q355
  4857.726 607.01314     2.602    -4.977               7.724          0811Qc0145
  4857.734 607.01314     2.355    -4.782               7.724          0710Qc0085
  4857.745 607.01314     2.602    -2.298               7.724          0811Pa0155
  4857.746 607.01314     2.355    -2.544               7.724          0710Pa0095
  4857.800 607.01314     2.602    -2.327               7.724          0811Pb0145
  4857.843 607.01314     2.638    -5.417               7.724          0710Qc0375
  4857.854 106.00113     2.295    -3.087               3.464            AX01P355
  4857.891 607.01314     2.638    -1.920               7.724          0710Pa0385
  4857.892      27.1     5.051     -3.94                                        
  4857.899   27.0059     0.581    -6.075                                 KURHFS 
  4857.899   27.0059     0.581    -6.330                                 KURHFS 
  4857.899   27.0059     0.581    -6.360                                 KURHFS 
  4857.908   27.0059     0.581    -5.887                                 KURHFS 
  4857.908   27.0059     0.581    -5.942                                 KURHFS 
  4857.908   27.0059     0.581    -6.330                                 KURHFS 
  4857.912 106.00112     1.567    -4.900               3.464            AX45Q045
  4857.913 607.01314     1.827    -2.374               7.724          0407Ra0275
  4857.917 607.01314     2.355    -2.593               7.724          0710Pb0085
  4857.921   27.0059     0.581    -5.687                                 KURHFS 
  4857.921   27.0059     0.581    -5.796                                 KURHFS 
  4857.921   27.0059     0.581    -6.381                                 KURHFS 
  4857.922 106.00112     2.102    -5.570               3.464            AX34Q245
  4857.937 607.01314     1.827    -2.389               7.724          0407Rb0265
  4857.939   27.0059     0.581    -5.489                                 KURHFS 
  4857.939   27.0059     0.581    -5.774                                 KURHFS 
  4857.939   27.0059     0.581    -6.506                                 KURHFS 
  4857.956      25.0     5.210     -2.33                                        
  4857.961   27.0059     0.581    -5.325                                 KURHFS 
  4857.961   27.0059     0.581    -5.828                                 KURHFS 
  4857.961   27.0059     0.581    -6.728                                 KURHFS 
  4857.977 607.01314     1.827    -5.554               7.724          0407Qd0275
  4857.985 106.00112     2.102    -6.149               3.464            AX34R235
  4857.988   27.0059     0.581    -5.184                                 KURHFS 
  4857.988   27.0059     0.581    -6.024                                 KURHFS 
  4857.988   27.0059     0.581    -7.138                                 KURHFS 
  4858.038 106.00112     1.567    -3.998               3.464            AX45R045
  4858.039 106.00112     1.567    -4.893               3.464            AX45Q045
  4858.041 607.01314     2.608    -5.005               7.724          0811Qc0155
  4858.057      22.0     3.438     -2.15                                        
  4858.061 607.01314     2.608    -2.270               7.724          0811Pa0165
  4858.078 106.00112     2.102    -6.012               3.464            AX34P245
  4858.090      92.1     0.568     -1.69                                        
  4858.094      90.1     2.351     -1.15                                        
  4858.104 607.01314     2.607    -1.956               7.724          0710Pb0355
  4858.119 607.01314     2.608    -2.298               7.724          0811Pb0155
  4858.123 607.01314     2.775    -4.576               7.724          0912Qc0055
  4858.130 607.01314     2.775    -2.758               7.724          0912Pb0055
  4858.134 607.01314     2.775    -2.684               7.724          0912Pa0065
  4858.141 106.00112     2.102    -4.756               3.464            AX34Q235
  4858.145      23.1     2.024     -6.21                                        
  4858.148 607.01314     2.622    -5.404               7.724          0710Qc0365
  4858.164 106.00112     1.567    -3.999               3.464            AX45R045
  4858.181 106.00113     0.357    -3.609               3.464            AX01R025
  4858.186 106.00112     0.599    -5.077               3.464            AX01R115
  4858.192 607.01314     2.359    -4.828               7.724          0710Qc0095
  4858.195 607.01314     2.622    -1.932               7.724          0710Pa0375
  4858.205 607.01314     2.359    -2.499               7.724          0710Pa0105
  4858.214 106.00113     1.087    -3.495               3.464            BX02R155
  4858.216      42.0     3.499     -0.51                                        
  4858.222 106.00112     0.599    -2.903               3.464            AX01Q115
  4858.243   59.1141     0.629    -1.642                                 LI/LAW 
  4858.246      26.0     4.188     -2.25                                        
  4858.255   59.1141     0.629    -3.065                                 LI/LAW 
  4858.255 607.01314     2.120    -2.943               7.724          0609Ra0035
  4858.258      23.0     1.798     -4.47                                        
  4858.263 106.00112     0.838    -4.097               3.464            BX02R095
  4858.266   59.1141     0.629    -4.831                                 LI/LAW 
  4858.267      26.0     4.280     -3.03                                        
  4858.272 607.01314     2.120    -3.055               7.724          0609Rb0025
  4858.277 607.01314     2.120    -4.484               7.724          0609Qd0035
  4858.291 106.00113     0.358    -3.609               3.464            AX01R025
  4858.296 106.00113     1.438    -3.108               3.464            BX11R265
  4858.299   59.1141     0.629    -1.707                                 LI/LAW 
  4858.309 106.00113     0.985    -4.303               3.464            AX23P025
  4858.310   59.1141     0.629    -2.867                                 LI/LAW 
  4858.320   59.1141     0.629    -4.522                                 LI/LAW 
  4858.324 106.00112     0.599    -2.873               3.464            AX01Q125
  4858.327      26.0     4.183     -4.02                                        
  4858.328 607.01314     2.615    -5.032               7.724          0811Qc0165
  4858.333      90.1     1.286     -1.68                                        
  4858.339      22.0     2.101     -4.40                                        
  4858.349   59.1141     0.629    -1.773                                 LI/LAW 
  4858.349 607.01314     2.615    -2.244               7.724          0811Pa0175
  4858.354 106.00112     0.672    -4.263               3.464            AX12P025
  4858.359   59.1141     0.629    -2.820                                 LI/LAW 
  4858.360 106.00112     0.599    -4.898               3.464            AX01P125
  4858.361 106.00113     1.087    -7.885               3.464            BX02Q165
  4858.367   59.1141     0.629    -4.460                                 LI/LAW 
  4858.367 106.00113     1.194    -5.472               3.464            BX12P175
  4858.385 607.01314     2.359    -2.544               7.724          0710Pb0095
  4858.386      23.1     6.517     -2.64                                        
  4858.388 106.00112     0.672    -4.261               3.464            AX12P025
  4858.389      42.0     4.315     -0.32                              NIST/B    
  4858.392   59.1141     0.629    -1.841                                 LI/LAW 
  4858.401   59.1141     0.629    -2.871                                 LI/LAW 
  4858.406 106.00113     0.985    -4.301               3.464            AX23P025
  4858.408   59.1141     0.629    -4.643                                 LI/LAW 
  4858.409 607.01314     2.615    -2.270               7.724          0811Pb0165
  4858.414      72.0     0.814     -2.10                                        
  4858.419      25.0     3.761     -5.45                                        
  4858.430   59.1141     0.629    -1.910                                 LI/LAW 
  4858.437   59.1141     0.629    -3.069                                 LI/LAW 
  4858.446 607.01214     2.916    -2.235               7.724          0912Rb0205
  4858.452 106.00113     1.087    -3.394               3.464            BX02R165
  4858.460   59.1141     0.629    -1.978                                 LI/LAW 
  4858.462 607.01314     2.607    -5.392               7.724          0710Qc0355
  4858.470      68.1     2.400     -0.09                                        
  4858.508 607.01314     2.607    -1.944               7.724          0710Pa0365
  4858.533 106.00112     0.838    -8.135               3.464            BX02Q105
  4858.537      23.0     2.579     -1.77                                        
  4858.545 106.00113     1.551    -4.096               3.464            AX45R025
  4858.552 106.00112     1.042    -3.594               3.464            BX02R145
  4858.556 607.01214     2.916    -2.217               7.724          0912Ra0215
  4858.583 607.01314     2.821    -5.372               7.724          0811Qc0355
  4858.585 607.01314     2.622    -5.058               7.724          0811Qc0175
  4858.588 607.01214     2.916    -5.191               7.724          0912Qd0215
  4858.590      24.0     3.102     -3.41                                        
  4858.596 607.01314     2.593    -1.969               7.724          0710Pb0345
  4858.605 106.00112     0.838    -3.994               3.464            BX02R105
  4858.607 607.01314     2.622    -2.220               7.724          0811Pa0185
  4858.616 607.01314     2.364    -4.869               7.724          0710Qc0105
  4858.630 607.01314     2.364    -2.459               7.724          0710Pa0115
  4858.636 106.00113     1.552    -4.095               3.464            AX45R025
  4858.657 607.01314     2.821    -1.935               7.724          0811Pb0355
  4858.670 607.01314     2.622    -2.244               7.724          0811Pb0175
  4858.695 106.00113     0.985    -4.545               3.464            AX23Q025
  4858.712 106.00112     2.210    -6.121               3.464            AX01Q345
  4858.717 106.00112     1.042    -7.951               3.464            BX02Q155
  4858.723 607.01214     2.441    -2.329               7.724          0710Ra0165
  4858.728 607.01214     2.441    -2.354               7.724          0710Rb0155
  4858.729      58.1     1.154     -0.86                              Lawler09  
  4858.739 607.01314     2.777    -4.644               7.724          0912Qc0065
  4858.744 607.01314     2.777    -2.684               7.724          0912Pb0065
  4858.745      23.0     2.038     -4.94                                        
  4858.748 607.01214     2.441    -5.088               7.724          0710Qd0165
  4858.751 607.01214     2.654    -2.330               7.724          0811Ra0155
  4858.751 607.01314     2.778    -2.621               7.724          0912Pa0075
  4858.754 106.00112     0.672    -3.538               3.464            AX12Q025
  4858.778 607.01314     2.593    -5.379               7.724          0710Qc0345
  4858.788 607.01214     2.259    -2.279               7.724          0609Ra0215
  4858.791 607.01314     2.806    -5.359               7.724          0811Qc0345
  4858.792 106.00112     2.210    -3.089               3.464            AX01P355
  4858.793 106.00112     0.672    -3.539               3.464            AX12Q025
  4858.793 106.00113     0.985    -4.551               3.464            AX23Q025
  4858.803      24.0     5.077     -1.70                                        
  4858.810 106.00112     1.042    -3.494               3.464            BX02R155
  4858.814 607.01314     2.630    -5.082               7.724          0811Qc0185
  4858.817 607.01314     2.364    -2.499               7.724          0710Pb0105
  4858.822 607.01314     2.593    -1.956               7.724          0710Pa0355
  4858.831      22.0     3.291     -1.01                                        
  4858.834 607.01314     2.806    -1.935               7.724          0811Pa0355
  4858.837 607.01314     2.630    -2.196               7.724          0811Pa0195
  4858.841      24.0     3.011     -3.11                                        
  4858.866 607.01214     2.654    -5.037               7.724          0811Qd0155
  4858.870 607.01214     2.259    -2.298               7.724          0609Rb0205
  4858.871 607.01214     3.224    -2.165               7.724          1013Rb0295
  4858.871 607.01314     2.806    -1.947               7.724          0811Pb0345
  4858.875       6.0     8.531     -4.05                                        
  4858.884 607.01214     2.654    -2.356               7.724          0811Rb0145
  4858.899 607.01214     2.259    -5.255               7.724          0609Qd0215
  4858.901 607.01314     2.630    -2.220               7.724          0811Pb0185
  4858.921 607.01314     1.945    -2.475               7.724          0508Ra0155
  4858.970 106.00112     2.210    -3.023               3.464            AX01P345
  4858.979 607.01314     2.792    -5.345               7.724          0811Qc0335
  4858.998 607.01314     1.945    -2.502               7.724          0508Rb0145
  4858.999 607.01214     3.224    -5.409               7.724          1013Qd0305
  4859.000      59.1     0.422     -1.28                                LINOHFS 
  4859.006 607.01314     2.369    -4.907               7.724          0710Qc0115
  4859.013 607.01314     2.638    -5.104               7.724          0811Qc0195
  4859.020 607.01314     1.945    -5.184               7.724          0508Qd0155
  4859.020 607.01314     2.792    -1.947               7.724          0811Pa0345
  4859.022 607.01314     2.369    -2.422               7.724          0710Pa0125
  4859.030      60.1     0.320     -0.44                              DenHarto03
  4859.035 607.01314     2.579    -1.982               7.724          0710Pb0335
  4859.038 607.01314     2.638    -2.174               7.724          0811Pa0205
  4859.047      26.0     4.581     -3.26                                        
  4859.062 607.01314     2.792    -1.959               7.724          0811Pb0335
  4859.088 607.01314     2.579    -5.366               7.724          0710Qc0335
  4859.100      24.0     4.529     -3.33                                        
  4859.104 607.01314     2.638    -2.196               7.724          0811Pb0195
  4859.122      26.0     4.191     -1.71                              NIST/E    
  4859.124 106.00113     0.358    -4.393               3.464            AX01Q035
  4859.131 607.01314     2.579    -1.969               7.724          0710Pa0345
  4859.144 607.01314     2.779    -5.331               7.724          0811Qc0325
  4859.184 607.01314     2.779    -1.959               7.724          0811Pa0335
  4859.185 607.01314     2.646    -5.126               7.724          0811Qc0205
  4859.200 607.01314     2.119    -3.055               7.724          0609Ra0025
  4859.210 106.00113     0.358    -4.387               3.464            AX01Q035
  4859.211 607.01314     2.646    -2.153               7.724          0811Pa0215
  4859.212 607.01314     2.369    -2.459               7.724          0710Pb0115
  4859.213 607.01314     2.119    -3.209               7.724          0609Rb0015
  4859.217      25.0     4.657     -2.22                                        
  4859.217 607.01314     2.119    -4.353               7.724          0609Qd0025
  4859.223      64.0     1.348     -0.15                                        
  4859.231 607.01314     2.779    -1.973               7.724          0811Pb0325
  4859.234      72.0     1.802     -0.81                                        
  4859.247      24.0     2.985     -5.31                                        
  4859.275 106.00112     2.116    -7.339               3.464            AX02R315
  4859.277 607.01314     2.646    -2.174               7.724          0811Pb0205
  4859.286 607.01314     2.766    -5.317               7.724          0811Qc0315
  4859.289 106.00113     1.552    -4.767               3.464            AX45Q035
  4859.299      26.0     4.792     -2.79                                        
  4859.318      26.0     3.298     -5.13                                        
  4859.321 106.00113     0.358    -3.487               3.464            AX01R035
  4859.325 607.01314     2.766    -1.973               7.724          0811Pa0325
  4859.328 607.01314     2.655    -5.147               7.724          0811Qc0215
  4859.332 607.01314     2.781    -4.703               7.724          0912Qc0075
  4859.335 607.01314     2.781    -2.621               7.724          0912Pb0075
  4859.338      22.0     2.736     -3.33                                        
  4859.346 607.01314     2.781    -2.566               7.724          0912Pa0085
  4859.355 607.01314     2.655    -2.133               7.724          0811Pa0225
  4859.358 106.00113     1.552    -4.761               3.464            AX45Q035
  4859.363 607.01314     2.374    -4.942               7.724          0710Qc0125
  4859.376 607.01314     2.766    -1.986               7.724          0811Pb0315
  4859.380 607.01314     2.374    -2.388               7.724          0710Pa0135
  4859.387      25.0     3.370     -3.87                                        
  4859.388 607.01314     2.565    -5.353               7.724          0710Qc0325
  4859.401 607.01214     2.108    -2.269               7.724          0508Rb0275
  4859.404 607.01314     2.753    -5.302               7.724          0811Qc0305
  4859.406 106.00113     0.358    -3.488               3.464            AX01R035
  4859.423 607.01314     2.655    -2.153               7.724          0811Pb0215
  4859.427 607.01314     2.565    -1.995               7.724          0710Pb0325
  4859.430 607.01314     2.565    -1.982               7.724          0710Pa0335
  4859.442 607.01214     2.108    -5.463               7.724          0508Qd0285
  4859.442 607.01314     2.753    -1.986               7.724          0811Pa0315
  4859.443 607.01314     2.664    -5.167               7.724          0811Qc0225
  4859.470 106.00113     1.552    -4.014               3.464            AX45R035
  4859.472 607.01314     2.664    -2.114               7.724          0811Pa0235
  4859.497 607.01314     2.753    -2.000               7.724          0811Pb0305
  4859.498      58.0     0.274     -0.41                                        
  4859.499 607.01314     2.740    -5.287               7.724          0811Qc0295
  4859.531 607.01314     2.674    -5.186               7.724          0811Qc0235
  4859.535 607.01314     2.740    -2.000               7.724          0811Pa0305
  4859.539 106.00113     1.552    -4.014               3.464            AX45R035
  4859.539 607.01314     2.664    -2.133               7.724          0811Pb0225
  4859.553 106.00113     0.985    -4.061               3.464            AX23P035
  4859.560      20.0     5.989     -4.33                                        
  4859.560      62.1     0.333     -1.51                              Lawler06  
  4859.561 607.01314     2.674    -2.096               7.724          0811Pa0245
  4859.569 607.01314     2.728    -5.271               7.724          0811Qc0285
  4859.571 607.01214     2.108    -2.255               7.724          0508Ra0285
  4859.571 607.01314     2.374    -2.422               7.724          0710Pb0125
  4859.572 106.00113     2.094    -6.119               3.464            AX34R235
  4859.586      60.0     0.293     -0.20                                        
  4859.592 607.01314     2.684    -5.204               7.724          0811Qc0245
  4859.594 607.01314     2.740    -2.015               7.724          0811Pb0295
  4859.604 607.01314     2.728    -2.015               7.724          0811Pa0295
  4859.613 607.01314     2.717    -5.255               7.724          0811Qc0275
  4859.622 607.01314     2.684    -2.078               7.724          0811Pa0255
  4859.625 607.01314     2.695    -5.222               7.724          0811Qc0255
  4859.628 607.01314     2.674    -2.114               7.724          0811Pb0235
  4859.630 106.00113     0.985    -4.062               3.464            AX23P035
  4859.632 607.01314     2.705    -5.239               7.724          0811Qc0265
  4859.636 106.00113     2.094    -5.569               3.464            AX34Q245
  4859.648 607.01314     2.717    -2.030               7.724          0811Pa0285
  4859.657 607.01314     2.695    -2.061               7.724          0811Pa0265
  4859.665 607.01314     2.705    -2.045               7.724          0811Pa0275
  4859.665 607.01314     2.728    -2.030               7.724          0811Pb0285
  4859.673 607.01314     2.551    -5.339               7.724          0710Qc0315
  4859.686 607.01314     2.380    -4.975               7.724          0710Qc0135
  4859.690 607.01314     2.684    -2.096               7.724          0811Pb0245
  4859.694      92.1     0.000     -2.31                                        
  4859.704 607.01314     2.380    -2.356               7.724          0710Pa0145
  4859.708 607.01214     2.908    -2.254               7.724          0912Rb0195
  4859.709 106.00113     1.909   -11.228               3.464            CX05Q165
  4859.711 607.01314     2.717    -2.045               7.724          0811Pb0275
  4859.713 607.01314     2.551    -1.995               7.724          0710Pa0325
  4859.718      20.0     6.030     -8.82                                        
  4859.724 607.01314     2.695    -2.078               7.724          0811Pb0255
  4859.730 607.01314     2.705    -2.061               7.724          0811Pb0265
  4859.741      26.0     2.876     -0.76                              NIST/B+   
  4859.772      20.0     6.030     -4.67                                        
  4859.774 607.01314     2.551    -2.009               7.724          0710Pb0315
  4859.780      26.0     4.175     -3.37                                        
  4859.801      24.0     3.011     -3.78                                        
  4859.843      39.0     1.355      0.01                                        
  4859.855 607.01214     2.908    -2.235               7.724          0912Ra0205
  4859.861 106.00113     0.775    -4.310               3.464            BX02R075
  4859.863 106.00113     2.094    -4.755               3.464            AX34Q235
  4859.868 106.00112     2.165   -11.320               3.464            CX05R205
  4859.889 607.01214     2.908    -5.169               7.724          0912Qd0205
  4859.894 607.01314     2.380    -2.388               7.724          0710Pb0135
  4859.901 607.01314     2.784    -2.566               7.724          0912Pb0085
  4859.901 607.01314     2.784    -4.755               7.724          0912Qc0085
  4859.917 607.01214     1.801    -3.337               7.724          0003Ra0685
  4859.917 607.01314     2.784    -2.517               7.724          0912Pa0095
  4859.928 106.00113     2.094    -6.038               3.464            AX34P245
  4859.931 106.00112     0.359    -3.609               3.464            AX01R025
  4859.932 607.01314     1.816    -2.389               7.724          0407Ra0265
  4859.937 607.01314     2.538    -5.325               7.724          0710Qc0305
  4859.947 106.00112     2.165    -7.113               3.464            CX05Q215
  4859.960 607.01314     1.816    -2.405               7.724          0407Rb0255
  4859.975 607.01314     2.386    -5.005               7.724          0710Qc0145
  4859.977 607.01314     2.538    -2.009               7.724          0710Pa0315
  4859.994 607.01314     2.386    -2.326               7.724          0710Pa0155
  4859.998 607.01314     1.816    -5.539               7.724          0407Qd0265
  4860.033 607.01214     1.801    -3.345               7.724          0003Rb0675
  4860.038 106.00112     2.165    -7.084               3.464            CX05Q205
  4860.041 106.00112     0.359    -3.609               3.464            AX01R025
  4860.046 607.01214     2.647    -2.356               7.724          0811Ra0145
  4860.080 607.01314     2.538    -2.024               7.724          0710Pb0305
  4860.083      24.0     2.911     -5.61                                        
  4860.106 607.01314     2.118    -3.209               7.724          0609Ra0015
  4860.116 607.01314     2.118    -3.464               7.724          0609Rb0005
  4860.118 106.00112     2.165   -10.778               3.464            CX05P215
  4860.118 607.01314     2.118    -4.161               7.724          0609Qd0015
  4860.128 607.01214     2.434    -2.354               7.724          0710Ra0155
  4860.128 607.01214     2.434    -2.380               7.724          0710Rb0145
  4860.145 607.01214     1.801    -7.255               7.724          0003Qd0685
  4860.147 607.01214     2.434    -5.061               7.724          0710Qd0155
  4860.157 607.01214     2.647    -5.009               7.724          0811Qd0145
  4860.166 106.00112     0.988    -4.303               3.464            AX23P025
  4860.166 607.01214     2.647    -2.384               7.724          0811Rb0135
  4860.179 607.01314     2.526    -5.310               7.724          0710Qc0295
  4860.181 607.01314     2.386    -2.356               7.724          0710Pb0145
  4860.195      26.0     4.431     -3.26                                        
  4860.203 106.00113     0.775    -8.114               3.464            BX02Q085
  4860.213      24.1     3.871     -2.04                              Lawler17  
  4860.217 607.01314     2.526    -2.024               7.724          0710Pa0305
  4860.224 106.00113     0.556    -5.014               3.464            AX01R105
  4860.229 607.01314     2.392    -5.033               7.724          0710Qc0155
  4860.243 106.00113     0.556    -2.939               3.464            AX01Q105
  4860.245 106.00113     1.909    -8.024               3.464            CX05R155
  4860.250 607.01314     2.392    -2.298               7.724          0710Pa0165
  4860.262 106.00113     0.775    -4.202               3.464            BX02R085
  4860.268 106.00112     0.988    -4.301               3.464            AX23P025
  4860.295      28.0     4.232     -1.38                                        
  4860.346 607.01314     2.526    -2.039               7.724          0710Pb0295
  4860.364 106.00113     1.909    -7.853               3.464            CX05R165
  4860.375      24.0     2.542     -3.03                                        
  4860.382      27.0     4.206     -4.32                                        
  4860.395 106.00113     2.192    -5.976               3.464            AX51R355
  4860.395 607.01314     2.514    -5.295               7.724          0710Qc0285
  4860.400 607.01314     1.938    -2.502               7.724          0508Ra0145
  4860.401 106.00113     2.257    -6.828               3.464            AX13R305
  4860.431 607.01314     2.514    -2.039               7.724          0710Pa0295
  4860.433 607.01314     2.392    -2.326               7.724          0710Pb0155
  4860.443 607.01314     2.788    -2.517               7.724          0912Pb0095
  4860.448 607.01314     2.788    -4.801               7.724          0912Qc0095
  4860.450 607.01314     2.399    -5.060               7.724          0710Qc0165
  4860.465 607.01314     2.788    -2.472               7.724          0912Pa0105
  4860.471 607.01314     2.399    -2.272               7.724          0710Pa0175
  4860.474 106.00113     0.556    -2.904               3.464            AX01Q115
  4860.474 607.01314     1.938    -2.530               7.724          0508Rb0135
  4860.489 607.01214     2.250    -2.298               7.724          0609Ra0205
  4860.493 106.00113     0.556    -4.880               3.464            AX01P115
  4860.494 607.01314     1.938    -5.156               7.724          0508Qd0145
  4860.508 106.00112     0.806    -4.201               3.464            BX02R085
  4860.548      42.0     2.494     -2.01                                        
  4860.556 106.00112     0.988    -4.545               3.464            AX23Q025
  4860.557      20.0     6.031     -2.06                                        
  4860.570 607.01214     2.250    -2.318               7.724          0609Rb0195
  4860.575 607.01314     2.514    -2.054               7.724          0710Pb0285
  4860.582 607.01314     2.502    -5.279               7.724          0710Qc0275
  4860.598 607.01214     2.250    -5.235               7.724          0609Qd0205
  4860.617 607.01314     2.502    -2.054               7.724          0710Pa0285
  4860.635 607.01314     2.407    -5.085               7.724          0710Qc0175
  4860.649 607.01314     2.399    -2.298               7.724          0710Pb0165
  4860.657 106.00112     2.306    -3.177               3.464            AX01P365
  4860.658 106.00112     0.988    -4.551               3.464            AX23Q025
  4860.658 607.01314     2.407    -2.247               7.724          0710Pa0185
  4860.660 106.00112     2.165    -5.849               3.464            AX34R245
  4860.738 106.00112     2.165    -4.164               3.464            AX34Q255
  4860.739 607.01314     2.491    -5.263               7.724          0710Qc0265
  4860.751      42.0     2.678     -1.59                                        
  4860.768 106.00112     2.307    -6.368               3.464            AX01Q355
  4860.768 607.01314     2.502    -2.070               7.724          0710Pb0275
  4860.773 607.01314     2.491    -2.070               7.724          0710Pa0275
  4860.786 607.01314     2.414    -5.109               7.724          0710Qc0185
  4860.810 607.01314     2.414    -2.224               7.724          0710Pa0195
  4860.811 106.00112     0.806    -8.133               3.464            BX02Q095
  4860.825 106.00112     2.165    -5.570               3.464            AX34Q245
  4860.830 607.01314     2.407    -2.272               7.724          0710Pb0175
  4860.864 607.01314     2.480    -5.247               7.724          0710Qc0255
  4860.879 106.00112     0.806    -4.096               3.464            BX02R095
  4860.884   57.1139     0.244    -1.693                              Lawle01HFS
  4860.885   57.1139     0.244    -2.622                              Lawle01HFS
  4860.885 106.00112     0.359    -4.392               3.464            AX01Q035
  4860.886   57.1139     0.244    -3.836                              Lawle01HFS
  4860.890   57.1139     0.244    -1.814                              Lawle01HFS
  4860.891   57.1139     0.244    -2.417                              Lawle01HFS
  4860.891   57.1139     0.244    -3.431                              Lawle01HFS
  4860.895   57.1139     0.244    -1.950                              Lawle01HFS
  4860.896   57.1139     0.244    -2.351                              Lawle01HFS
  4860.897   57.1139     0.244    -3.220                              Lawle01HFS
  4860.897 607.01314     2.480    -2.087               7.724          0710Pa0265
  4860.900   57.1139     0.244    -2.106                              Lawle01HFS
  4860.900   57.1139     0.244    -2.355                              Lawle01HFS
  4860.901   57.1139     0.244    -3.111                              Lawle01HFS
  4860.902 607.01314     2.422    -5.131               7.724          0710Qc0195
  4860.903   57.1139     0.244    -2.291                              Lawle01HFS
  4860.904   57.1139     0.244    -2.416                              Lawle01HFS
  4860.904   57.1139     0.244    -3.089                              Lawle01HFS
  4860.904 106.00112     2.165    -6.342               3.464            AX34P255
  4860.906   57.1139     0.244    -2.525                              Lawle01HFS
  4860.906   57.1139     0.244    -2.538                              Lawle01HFS
  4860.906   57.1139     0.244    -3.199                              Lawle01HFS
  4860.907   57.1139     0.244    -2.867                              Lawle01HFS
  4860.908   57.1139     0.244    -2.721                              Lawle01HFS
  4860.926 607.01314     2.491    -2.087               7.724          0710Pb0265
  4860.927 607.01314     2.422    -2.202               7.724          0710Pa0205
  4860.956 607.01314     2.469    -5.229               7.724          0710Qc0245
  4860.962 607.01214     2.899    -2.274               7.724          0912Rb0185
  4860.963 607.01314     2.793    -2.472               7.724          0912Pb0105
  4860.970 106.00112     0.359    -4.387               3.464            AX01Q035
  4860.972 607.01314     2.793    -4.844               7.724          0912Qc0105
  4860.973 607.01314     2.117    -3.464               7.724          0609Ra0005
  4860.976 607.01314     2.414    -2.247               7.724          0710Pb0185
  4860.979      26.0     3.400     -2.33                              Ruffoni14 
  4860.980 607.01314     2.117    -3.764               7.724          0609Qd0005
  4860.982 607.01314     2.431    -5.153               7.724          0710Qc0205
  4860.988 607.01314     2.469    -2.104               7.724          0710Pa0255
  4860.991      92.1     0.669     -1.52                                        
  4860.991 607.01314     2.793    -2.432               7.724          0912Pa0115
