a line list in the range:    4099.00   4111.00
  4099.009      24.0     2.980     -1.46                                        
  4099.012      74.0     2.420     -0.74                                        
  4099.044      26.0     3.299     -7.81                                        
  4099.050      26.0     3.249     -3.17                                        
  4099.062      41.0     0.019     -1.44                                        
  4099.154 106.00112     0.644    -4.308               3.464            AX00R195
  4099.163      22.0     2.173     -0.29                                        
  4099.200 106.00112     1.581    -7.642               3.464            CX25R045
  4099.235 106.00112     1.581    -4.959               3.464            CX25Q045
  4099.301      40.0     0.000     -1.83                                        
  4099.356 106.00113     1.503    -3.062               3.464            AX32P235
  4099.422 106.00113     1.503    -5.084               3.464            AX32Q225
  4099.427      23.0     2.576     -1.39                                        
  4099.431 106.00113     1.376    -4.749               3.464            AX43Q155
  4099.439      20.0     6.007     -6.87                                        
  4099.439 106.00113     1.542    -7.021               3.464            CX25P025
  4099.467 106.00113     1.376    -3.029               3.464            AX43P155
  4099.473      28.0     3.938     -3.44                                        
  4099.482 106.00113     1.542    -5.213               3.464            CX25Q025
  4099.506      25.0     5.108     -0.64                                        
  4099.526 106.00113     1.376    -2.955               3.464            AX43P165
  4099.531 106.00112     1.581    -4.862               3.464            CX25Q055
  4099.535      57.1     1.753     -0.17                                        
  4099.566 106.00112     1.581    -7.418               3.464            CX25P055
  4099.595 106.00113     1.503    -3.166               3.464            AX32P225
  4099.611 106.00112     1.291    -6.315               3.464            CX14R035
  4099.708 106.00113     1.607    -2.212               3.464            AX54R145
  4099.719 106.00113     1.607    -2.156               3.464            AX54R155
  4099.731      25.0     4.723     -1.59                                        
  4099.736      26.0     4.298     -3.54                                        
  4099.736 106.00112     1.016    -8.754               3.464            CX03R055
  4099.740 106.00113     1.607    -4.228               3.464            AX54Q155
  4099.744      58.1     1.176     -0.79                                        
  4099.752   23.0051     2.357    -6.617                                 KURHFS 
  4099.752   23.0051     2.357    -6.872                                 KURHFS 
  4099.757   23.0051     2.357    -6.418                                 KURHFS 
  4099.757   23.0051     2.357    -6.617                                 KURHFS 
  4099.757   23.0051     2.357    -8.525                                 KURHFS 
  4099.764   23.0051     0.275    -1.621                                 LAWLER 
  4099.764   23.0051     0.275    -1.876                                 LAWLER 
  4099.765   23.0051     0.275    -1.906                                 LAWLER 
  4099.765   23.0051     2.357    -6.354                                 KURHFS 
  4099.765   23.0051     2.357    -6.418                                 KURHFS 
  4099.765   23.0051     2.357    -7.282                                 KURHFS 
  4099.767   23.0051     0.275    -1.488                                 LAWLER 
  4099.768   23.0051     0.275    -1.433                                 LAWLER 
  4099.769   23.0051     0.275    -1.876                                 LAWLER 
  4099.772   23.0051     0.275    -1.233                                 LAWLER 
  4099.773   23.0051     0.275    -1.342                                 LAWLER 
  4099.774   23.0051     0.275    -1.927                                 LAWLER 
  4099.776   23.0051     2.357    -6.354                                 KURHFS 
  4099.776   23.0051     2.357    -6.385                                 KURHFS 
  4099.776   23.0051     2.357    -6.565                                 KURHFS 
  4099.779   23.0051     0.275    -1.035                                 LAWLER 
  4099.780   23.0051     0.275    -1.320                                 LAWLER 
  4099.782   23.0051     0.275    -2.052                                 LAWLER 
  4099.787      12.0     6.976     -2.00                                        
  4099.787   23.0051     0.275    -0.871                                 LAWLER 
  4099.788   23.0051     2.121    -4.974                                 KURHFS 
  4099.789   23.0051     0.275    -1.374                                 LAWLER 
  4099.789   23.0051     2.121    -4.711                                 KURHFS 
  4099.789   23.0051     2.121    -4.907                                 KURHFS 
  4099.789   23.0051     2.357    -6.159                                 KURHFS 
  4099.789   23.0051     2.357    -6.385                                 KURHFS 
  4099.789   23.0051     2.357    -6.566                                 KURHFS 
  4099.791   23.0051     0.275    -2.274                                 LAWLER 
  4099.792   23.0051     2.121    -4.507                                 KURHFS 
  4099.792   23.0051     2.121    -4.711                                 KURHFS 
  4099.792   23.0051     2.121    -5.606                                 KURHFS 
  4099.797   23.0051     2.121    -4.337                                 KURHFS 
  4099.797   23.0051     2.121    -4.606                                 KURHFS 
  4099.797   23.0051     2.121    -5.451                                 KURHFS 
  4099.798   23.0051     0.275    -0.730                                 LAWLER 
  4099.800   23.0051     0.275    -1.570                                 LAWLER 
  4099.802   23.0051     0.275    -2.685                                 LAWLER 
  4099.803   23.0051     2.121    -4.191                                 KURHFS 
  4099.803   23.0051     2.121    -4.559                                 KURHFS 
  4099.803   23.0051     2.121    -5.451                                 KURHFS 
  4099.805   23.0051     2.357    -5.867                                 KURHFS 
  4099.805   23.0051     2.357    -6.566                                 KURHFS 
  4099.811   23.0051     2.121    -4.062                                 KURHFS 
  4099.811   23.0051     2.121    -4.565                                 KURHFS 
  4099.811   23.0051     2.121    -5.548                                 KURHFS 
  4099.820   23.0051     2.121    -3.946                                 KURHFS 
  4099.820   23.0051     2.121    -4.638                                 KURHFS 
  4099.820   23.0051     2.121    -5.752                                 KURHFS 
  4099.826 106.00112     1.368    -2.547               3.464            AX54Q075
  4099.831   23.0051     2.121    -3.841                                 KURHFS 
  4099.831   23.0051     2.121    -4.849                                 KURHFS 
  4099.831   23.0051     2.121    -6.150                                 KURHFS 
  4099.856 106.00112     1.368    -4.117               3.464            AX54R075
  4099.863 106.00113     1.288    -5.383               3.464            AX54P035
  4099.873      25.0     4.709     -0.66                                        
  4099.881      66.0     0.512     -0.78                                        
  4099.888 607.01214     3.535    -0.662               7.724          1515Pb0195
  4099.897 607.01214     3.535    -3.556               7.724          1515Qc0195
  4099.909 607.01214     3.535    -0.642               7.724          1515Pa0205
  4099.955      62.0     0.387     -0.54                                        
  4099.977 106.00113     1.288    -5.395               3.464            AX54P035
  4099.981      26.0     3.428     -2.38                                        
  4099.987 106.00113     1.762    -3.070               3.464            AX21P305
  4099.998 106.00112     1.291    -6.172               3.464            CX14R045
  4100.029 106.00112     1.291    -8.692               3.464            CX14Q045
  4100.039 106.00113     1.762    -5.257               3.464            AX21Q295
  4100.044 106.00112     1.368    -4.322               3.464            AX54P085
  4100.074 106.00112     1.368    -2.472               3.464            AX54Q085
  4100.088      24.0     4.532     -1.24                                        
  4100.167      28.0     3.741     -3.19                                        
  4100.175 607.01214     1.264    -0.772               7.724          0001Ra0665
  4100.177 106.00113     1.762    -3.218               3.464            AX21P295
  4100.181 106.00113     0.640    -4.308               3.464            AX00R195
  4100.200   23.0051     1.194    -3.905                                 KURHFS 
  4100.200   23.0051     1.194    -4.081                                 KURHFS 
  4100.203   23.0051     1.194    -3.780                                 KURHFS 
  4100.203   23.0051     1.194    -3.905                                 KURHFS 
  4100.207   23.0051     1.194    -3.780                                 KURHFS 
  4100.207   23.0051     1.194    -3.894                                 KURHFS 
  4100.207   23.0051     1.194    -4.099                                 KURHFS 
  4100.213   23.0051     1.194    -3.483                                 KURHFS 
  4100.213   23.0051     1.194    -3.894                                 KURHFS 
  4100.229 106.00112     1.368    -2.547               3.464            AX54Q075
  4100.238      26.0     3.281     -1.66                                        
  4100.240      60.1     0.380     -0.87                              DenHarto03
  4100.243      25.1     5.393     -6.14                                        
  4100.255 607.01214     1.264    -0.778               7.724          0001Rb0655
  4100.259 106.00112     1.368    -4.128               3.464            AX54R075
  4100.269      64.0     0.124     -0.32                                        
  4100.286   23.0051     2.113    -1.908                                 KURHFS 
  4100.286   23.0051     2.113    -2.049                                 KURHFS 
  4100.286   23.0051     2.113    -2.213                                 KURHFS 
  4100.286   23.0051     2.113    -2.411                                 KURHFS 
  4100.286   23.0051     2.113    -2.498                                 KURHFS 
  4100.286   23.0051     2.113    -2.520                                 KURHFS 
  4100.286   23.0051     2.113    -2.552                                 KURHFS 
  4100.286   23.0051     2.113    -2.611                                 KURHFS 
  4100.286   23.0051     2.113    -2.666                                 KURHFS 
  4100.286   23.0051     2.113    -2.748                                 KURHFS 
  4100.286   23.0051     2.113    -2.799                                 KURHFS 
  4100.286   23.0051     2.113    -3.054                                 KURHFS 
  4100.286   23.0051     2.113    -3.054                                 KURHFS 
  4100.286   23.0051     2.113    -3.084                                 KURHFS 
  4100.286   23.0051     2.113    -3.105                                 KURHFS 
  4100.286   23.0051     2.113    -3.230                                 KURHFS 
  4100.286   23.0051     2.113    -3.452                                 KURHFS 
  4100.286   23.0051     2.113    -3.862                                 KURHFS 
  4100.288      76.0     1.083     -1.94                                        
  4100.290 106.00113     1.261    -7.754               3.464            CX14R015
  4100.331 106.00113     1.536    -6.681               3.464            CX25P015
  4100.335 607.01214     1.264    -4.707               7.724          0001Qd0665
  4100.341      90.0     0.000     -1.27                                        
  4100.348      26.0     4.253     -1.86                                        
  4100.350      26.0     2.849     -3.97                                        
  4100.356 106.00112     1.754    -4.904               3.464            AX54R185
  4100.357 106.00113     1.536    -5.414               3.464            CX25Q015
  4100.362      22.0     2.295     -2.96                                        
  4100.364      44.0     0.259     -2.49                                        
  4100.391      41.0     0.049     -0.98                                        
  4100.406 106.00113     1.204    -5.878               3.464            AX43P115
  4100.408 106.00112     1.369    -4.313               3.464            AX54P085
  4100.410      20.0     2.930     -4.49                                        
  4100.433 106.00112     1.767    -5.211               3.464            AX21Q295
  4100.438 106.00112     1.369    -2.473               3.464            AX54Q085
  4100.445 607.01314     2.234    -0.691               7.724          0708Rb0395
  4100.485 607.01314     2.234    -4.204               7.724          0708Qd0405
  4100.488 106.00112     1.767    -3.069               3.464            AX21P305
  4100.501      24.0     3.123     -8.30                                        
  4100.517 106.00112     1.767    -3.217               3.464            AX21P295
  4100.558      68.1     0.669     -0.92                              Lawler08  
  4100.687      20.0     2.930     -8.70                                        
  4100.717      59.1     0.550      0.60                                        
  4100.738      26.0     0.859     -3.18                              NIST/A    
  4100.746 106.00113     1.328    -8.856               3.464            CX03P155
  4100.819      90.1     1.794     -0.39                                        
  4100.846      20.0     4.621     -3.01                                        
  4100.866 106.00112     1.567    -7.578               3.464            CX25R035
  4100.895 106.00112     1.567    -5.072               3.464            CX25Q035
  4100.910      26.0     2.452     -3.86                                        
  4100.915      28.0     4.161     -2.64                                        
  4100.915      41.0     0.049      0.13                                        
  4100.971      26.0     3.639     -3.58                                        
  4100.988      23.0     2.573     -1.95                                        
  4100.993 106.00113     1.377    -4.777               3.464            AX43Q155
  4101.006      23.1     3.121     -2.23                                        
  4101.019 106.00113     1.377    -2.955               3.464            AX43P165
  4101.026 106.00113     1.377    -3.029               3.464            AX43P155
  4101.034      22.0     2.083     -4.29                                        
  4101.052 607.01214     3.544    -0.642               7.724          1515Pb0205
  4101.055 106.00113     1.329    -5.662               3.464            CX03Q145
  4101.085      67.0     0.000     -0.59                                        
  4101.093 607.01214     3.544    -3.579               7.724          1515Qc0205
  4101.097      26.0     3.632     -4.19                                        
  4101.105 607.01214     3.544    -0.623               7.724          1515Pa0215
  4101.113 106.00112     1.424    -8.513               3.464            CX14R095
  4101.142 106.00113     1.328    -5.612               3.464            CX03Q155
  4101.155      24.0     2.965     -1.54                                        
  4101.172 106.00112     1.424    -5.236               3.464            CX14Q095
  4101.261      26.0     3.400     -1.35                              Ruffoni14 
  4101.278 106.00112     1.567    -4.959               3.464            CX25Q045
  4101.284 106.00112     1.424    -5.153               3.464            CX14Q105
  4101.301 106.00113     1.205    -5.914               3.464            AX43P115
  4101.306 106.00112     1.567    -7.329               3.464            CX25P045
  4101.310   23.0051     2.121    -1.946                                 KURHFS 
  4101.311   23.0051     2.121    -1.666                                 KURHFS 
  4101.311   23.0051     2.121    -1.946                                 KURHFS 
  4101.311   23.0051     2.121    -2.967                                 KURHFS 
  4101.315   23.0051     2.121    -1.528                                 KURHFS 
  4101.315   23.0051     2.121    -1.666                                 KURHFS 
  4101.315   23.0051     2.121    -2.268                                 KURHFS 
  4101.319   23.0051     2.121    -1.462                                 KURHFS 
  4101.319   23.0051     2.121    -1.528                                 KURHFS 
  4101.319   23.0051     2.121    -1.821                                 KURHFS 
  4101.325   23.0051     2.121    -1.455                                 KURHFS 
  4101.325   23.0051     2.121    -1.462                                 KURHFS 
  4101.325   23.0051     2.121    -1.490                                 KURHFS 
  4101.333   23.0051     2.121    -1.227                                 KURHFS 
  4101.333   23.0051     2.121    -1.455                                 KURHFS 
  4101.333   23.0051     2.121    -1.520                                 KURHFS 
  4101.342   23.0051     2.121    -1.008                                 KURHFS 
  4101.342   23.0051     2.121    -1.520                                 KURHFS 
  4101.342   23.0051     2.121    -1.724                                 KURHFS 
  4101.343 106.00112     1.424    -8.195               3.464            CX14P105
  4101.353   23.0051     2.121    -0.821                                 KURHFS 
  4101.353   23.0051     2.121    -1.724                                 KURHFS 
  4101.410      25.1     7.376     -3.80                                        
  4101.449      26.0     4.280     -4.50                                        
  4101.451 106.00113     1.329    -9.357               3.464            CX03R145
  4101.454      24.0     3.963     -2.79                                        
  4101.470      62.1     0.333     -2.36                              Lawler06  
  4101.563      23.1     1.554     -3.73                                        
  4101.571   23.0051     2.113    -1.486                                 KURHFS 
  4101.571   23.0051     2.113    -1.550                                 KURHFS 
  4101.571   23.0051     2.113    -1.550                                 KURHFS 
  4101.571   23.0051     2.113    -1.749                                 KURHFS 
  4101.571   23.0051     2.113    -1.749                                 KURHFS 
  4101.571   23.0051     2.113    -2.004                                 KURHFS 
  4101.571   23.0051     2.113    -2.414                                 KURHFS 
  4101.571   23.0051     2.113    -3.657                                 KURHFS 
  4101.572   23.0051     2.113    -0.999                                 KURHFS 
  4101.572   23.0051     2.113    -1.291                                 KURHFS 
  4101.572   23.0051     2.113    -1.486                                 KURHFS 
  4101.572   23.0051     2.113    -1.517                                 KURHFS 
  4101.572   23.0051     2.113    -1.517                                 KURHFS 
  4101.572   23.0051     2.113    -1.697                                 KURHFS 
  4101.572   23.0051     2.113    -1.698                                 KURHFS 
  4101.572   23.0051     2.113    -1.698                                 KURHFS 
  4101.578   27.0059     3.663    -4.165                                 KURHFS 
  4101.632 106.00112     0.787    -5.521               3.464            BX11R165
  4101.632 106.00113     1.390    -8.188               3.464            CX14P095
  4101.633   27.0059     3.663    -4.381                                 KURHFS 
  4101.633   27.0059     3.663    -4.791                                 KURHFS 
  4101.652      26.0     3.428     -2.48                                        
  4101.666 106.00113     1.390    -5.322               3.464            CX14Q085
  4101.678   27.0059     3.663    -4.630                                 KURHFS 
  4101.678   27.0059     3.663    -4.664                                 KURHFS 
  4101.678   27.0059     3.663    -5.656                                 KURHFS 
  4101.679      25.1     5.394     -6.10                                        
  4101.685      26.0     2.484     -2.52                              NIST/E    
  4101.709 106.00113     1.534    -5.866               3.464            CX25Q005
  4101.714   27.0059     3.663    -4.638                                 KURHFS 
  4101.714   27.0059     3.663    -5.103                                 KURHFS 
  4101.714   27.0059     3.663    -5.228                                 KURHFS 
  4101.720 106.00113     1.275    -6.500               3.464            CX14R025
  4101.728 607.01314     2.218    -0.700               7.724          0708Rb0385
  4101.731      26.1     6.798     -3.11                                        
  4101.732      24.0     4.407     -2.97                                        
  4101.741      44.0     1.122     -1.09                                        
  4101.741   27.0059     3.663    -4.802                                 KURHFS 
  4101.741   27.0059     3.663    -4.978                                 KURHFS 
  4101.759   27.0059     3.663    -4.802                                 KURHFS 
  4101.765      49.0     0.000     -0.55                                        
  4101.767 607.01314     2.218    -4.191               7.724          0708Qd0395
  4101.769      58.1     0.863      0.05                              Lawler09  
  4101.824 106.00112     1.539    -6.471               3.464            CX25R005
  4101.834 106.00112     1.539    -5.864               3.464            CX25Q005
  4101.842 106.00113     1.390    -5.238               3.464            CX14Q095
  4101.875 106.00113     1.390    -8.505               3.464            CX14R085
  4101.905      92.0     0.870      0.11                                        
  4101.917      22.0     2.304     -4.01                                        
  4101.933      66.1     1.960     -0.23                                        
  4101.935      20.0     6.009     -2.72                                        
  4101.966 106.00112     1.755    -4.851               3.464            AX54R185
  4101.975      28.1     6.611     -4.27                                        
  4102.016      25.1     5.376     -3.52                                        
  4102.019   27.0059     3.512    -6.880                                 KURHFS 
  4102.019   27.0059     3.512    -6.947                                 KURHFS 
  4102.019   27.0059     3.512    -7.579                                 KURHFS 
  4102.028   27.0059     3.512    -6.684                                 KURHFS 
  4102.028   27.0059     3.512    -6.684                                 KURHFS 
  4102.028   27.0059     3.512    -7.424                                 KURHFS 
  4102.042   27.0059     3.512    -6.480                                 KURHFS 
  4102.042   27.0059     3.512    -6.579                                 KURHFS 
  4102.042   27.0059     3.512    -7.424                                 KURHFS 
  4102.060   27.0059     3.512    -6.310                                 KURHFS 
  4102.060   27.0059     3.512    -6.532                                 KURHFS 
  4102.060   27.0059     3.512    -7.521                                 KURHFS 
  4102.072 106.00112     1.083    -4.411               3.464            AX11R215
  4102.083   27.0059     3.512    -6.164                                 KURHFS 
  4102.083   27.0059     3.512    -6.538                                 KURHFS 
  4102.083   27.0059     3.512    -7.725                                 KURHFS 
  4102.110   27.0059     3.512    -6.035                                 KURHFS 
  4102.110   27.0059     3.512    -6.611                                 KURHFS 
  4102.110   27.0059     3.512    -8.123                                 KURHFS 
  4102.142   27.0059     3.512    -5.919                                 KURHFS 
  4102.142   27.0059     3.512    -6.822                                 KURHFS 
  4102.149      23.0     1.050     -0.28                               LAWNOHFS 
  4102.149      42.0     2.063     -1.04                              NIST/B+   
  4102.171 106.00112     1.555    -7.499               3.464            CX25R025
  4102.178   27.0059     3.512    -5.814                                 KURHFS 
  4102.194 106.00112     1.555    -5.214               3.464            CX25Q025
  4102.203 106.00113     1.275    -8.554               3.464            CX14Q035
  4102.208      24.0     3.090     -3.85                                        
  4102.226      23.1     6.052     -4.67                                        
  4102.228      23.0     2.576     -3.08                                        
  4102.248 607.01214     3.553    -0.623               7.724          1515Pb0215
  4102.277      44.0     0.927     -1.81                                        
  4102.285 106.00112     2.102    -4.318               3.464            CX14P245
  4102.297 106.00113     1.275    -6.311               3.464            CX14R035
  4102.326 607.01214     3.553    -3.601               7.724          1515Qc0215
  4102.333 106.00112     2.102    -8.548               3.464            CX14Q235
  4102.339 607.01214     3.553    -0.605               7.724          1515Pa0225
  4102.356 106.00113     1.320    -3.285               3.464            AX54P055
  4102.367      58.1     1.106     -0.38                                BIEMONT 
  4102.369      39.0     0.066      0.41                                        
  4102.400 106.00112     1.986    -5.043               3.464            CX03P265
  4102.460 106.00112     1.986    -9.600               3.464            CX03Q255
  4102.462 106.00113     1.320    -4.241               3.464            AX54Q055
  4102.465 106.00112     2.102    -4.378               3.464            CX14P235
  4102.472      23.0     2.576     -0.99                                        
  4102.503 106.00112     1.568    -2.263               3.464            AX54R135
  4102.510      65.1     1.026     -0.43                              Lawler01  
  4102.530 106.00113     1.420    -2.402               3.464            AX54Q095
  4102.533      26.1     5.906     -4.31                                        
  4102.549      22.0     2.660     -2.31                                        
  4102.555      60.1     1.618     -0.13                                        
  4102.556 106.00113     1.420    -4.157               3.464            AX54R095
  4102.580 106.00112     1.568    -2.204               3.464            AX54R145
  4102.591 106.00112     1.986    -5.119               3.464            CX03P255
  4102.592 106.00113     1.320    -3.284               3.464            AX54P055
  4102.618      90.0     0.929     -0.78                                        
  4102.618 106.00112     1.568    -4.253               3.464            AX54Q145
  4102.623 607.01214     1.234    -0.778               7.724          0001Ra0655
  4102.677 106.00113     0.770    -1.374               3.464            BX00P205
  4102.693 106.00112     1.208    -5.878               3.464            AX43P115
  4102.696 106.00113     1.420    -4.375               3.464            AX54P105
  4102.699 106.00113     1.320    -4.252               3.464            AX54Q055
  4102.701      74.0     0.771     -1.11                                        
  4102.703 607.01214     1.234    -0.785               7.724          0001Rb0645
  4102.714 106.00112     1.556    -5.072               3.464            CX25Q035
  4102.722 106.00113     1.420    -2.333               3.464            AX54Q105
  4102.736 106.00112     1.556    -7.206               3.464            CX25P035
  4102.743      28.0     4.232     -1.38                                        
  4102.746 106.00113     0.770    -6.385               3.464            BX00Q205
  4102.752 106.00113     1.320    -3.196               3.464            AX54P065
  4102.763      26.0     4.183     -4.32                                        
  4102.772 607.01314     1.933    -0.688               7.724          0607Rb0345
  4102.781 607.01214     1.234    -4.701               7.724          0001Qd0655
  4102.808 607.01314     1.933    -4.088               7.724          0607Qd0355
  4102.819 106.00113     0.770    -1.401               3.464            BX00P215
  4102.820 106.00113     1.223    -8.878               3.464            AX10P265
  4102.821 106.00112     1.381    -4.749               3.464            AX43Q155
  4102.862 106.00112     1.381    -3.028               3.464            AX43P155
  4102.865      26.0     3.637     -3.68                                        
  4102.875 106.00113     1.078    -4.411               3.464            AX11R215
  4102.885      22.0     2.173     -3.51                                        
  4102.925 106.00112     1.381    -2.954               3.464            AX43P165
  4102.936      14.0     1.909     -3.34                              NIST/E    
  4102.952      25.0     4.350     -1.85                                        
  4102.956 607.01314     2.202    -0.709               7.724          0708Rb0375
  4102.959 106.00113     1.321    -3.196               3.464            AX54P065
  4102.984      25.0     5.345     -2.87                                        
  4102.985      24.0     2.913     -4.51                                        
  4102.990      24.0     4.774     -2.31                                        
  4102.994 607.01314     2.202    -4.179               7.724          0708Qd0385
  4103.012      24.0     2.985     -2.29                                        
  4103.045 106.00112     1.547    -7.401               3.464            CX25R015
  4103.061 106.00112     1.547    -5.421               3.464            CX25Q015
  4103.113      92.0     0.908      0.13                                        
  4103.126 106.00113     1.420    -2.402               3.464            AX54Q095
  4103.126 607.01314     1.706    -0.656               7.724          0506Rb0345
  4103.152 106.00113     1.420    -4.170               3.464            AX54R095
  4103.164 607.01314     1.706    -4.057               7.724          0506Qd0355
  4103.246 106.00113     1.420    -4.364               3.464            AX54P105
  4103.250      22.0     2.248     -5.28                                        
  4103.267      26.0     4.309     -2.53                                        
  4103.272 106.00113     1.420    -2.333               3.464            AX54Q105
  4103.298      26.0     3.015     -5.54                                        
  4103.310      66.1     0.100     -0.38                              Wickliff00
  4103.375      20.0     3.907     -5.40                                        
  4103.402      22.0     2.304     -4.42                                        
  4103.403      23.0     1.929     -1.14                               LAWNOHFS 
  4103.410 106.00112     1.230    -8.878               3.464            AX10P265
  4103.446   25.0055     2.886    -3.780                                 KURHFS 
  4103.450   25.0055     2.886    -3.920                                 KURHFS 
  4103.450   25.0055     2.886    -4.698                                 KURHFS 
  4103.452      28.0     3.703     -0.99                                        
  4103.454      25.0     4.357     -1.70                                        
  4103.454   25.0055     2.886    -4.078                                 KURHFS 
  4103.454   25.0055     2.886    -4.522                                 KURHFS 
  4103.454   25.0055     2.886    -5.915                                 KURHFS 
  4103.456   25.0055     2.886    -4.262                                 KURHFS 
  4103.456   25.0055     2.886    -4.496                                 KURHFS 
  4103.456   25.0055     2.886    -5.563                                 KURHFS 
  4103.458   25.0055     2.886    -4.484                                 KURHFS 
  4103.458   25.0055     2.886    -4.563                                 KURHFS 
  4103.458   25.0055     2.886    -5.438                                 KURHFS 
  4103.460   25.0055     2.886    -4.739                                 KURHFS 
  4103.460   25.0055     2.886    -4.769                                 KURHFS 
  4103.460   25.0055     2.886    -5.517                                 KURHFS 
  4103.474 106.00113     1.193    -6.574               3.464            AX32P175
  4103.478 607.01214     3.562    -0.605               7.724          1515Pb0225
  4103.493 607.01314     2.218    -0.691               7.724          0708Ra0395
  4103.543      25.0     4.357     -0.95                                        
  4103.559      28.0     4.232     -2.02                                        
  4103.569 106.00112     1.209    -5.913               3.464            AX43P115
  4103.599 607.01214     3.562    -3.623               7.724          1515Qc0225
  4103.604      26.0     3.651     -3.43                                        
  4103.605 106.00112     1.569    -2.263               3.464            AX54R135
  4103.611      26.0     3.252     -2.67                              Belmonte17
  4103.613 607.01214     3.562    -0.588               7.724          1515Pa0235
  4103.616 106.00112     1.569    -2.205               3.464            AX54R145
  4103.624 106.00112     1.197    -6.574               3.464            AX32P175
  4103.654 106.00112     1.569    -4.229               3.464            AX54Q145
  4103.659      25.1     5.105     -4.10                                        
  4103.737      25.1     5.811     -8.46                                        
  4103.751      42.0     3.441     -0.95                                        
  4103.782 106.00112     1.306    -3.436               3.464            AX54P045
  4103.796      67.0     0.000      0.85                                        
  4103.826      24.0     3.119     -2.32                                        
  4103.847 106.00112     1.547    -5.212               3.464            CX25Q025
  4103.857 607.01314     1.918    -0.699               7.724          0607Rb0335
  4103.861 607.01314     1.918    -0.688               7.724          0607Ra0345
  4103.862      24.0     3.432     -4.47                                        
  4103.863      24.0     3.110     -3.85                                        
  4103.863 106.00112     1.547    -7.020               3.464            CX25P025
  4103.875      22.0     1.442     -6.35                                        
  4103.875      66.0     0.874      0.60                                        
  4103.892 607.01314     1.918    -4.075               7.724          0607Qd0345
  4103.898 106.00112     1.306    -4.210               3.464            AX54Q045
  4103.900 106.00113     1.077    -9.771               3.464            CX03Q085
  4103.910      65.1     0.126     -0.91                              Lawler01  
  4103.922 106.00113     1.077    -6.563               3.464            CX03R075
  4103.954 106.00112     1.306    -3.435               3.464            AX54P045
  4103.979      68.1     0.636     -1.83                              Lawler08  
  4104.070 106.00112     1.306    -4.220               3.464            AX54Q045
  4104.114      26.0     3.266     -1.27                              DenHarto14
  4104.119      62.1     0.040     -1.66                                        
  4104.120 106.00113     1.077    -6.499               3.464            CX03R085
  4104.128      26.0     4.442     -4.38                                        
  4104.137 607.01314     2.186    -0.719               7.724          0708Rb0365
  4104.154      26.0     2.832     -2.40                              Belmonte17
  4104.160      41.1     1.690     -1.24                              Nilsson10 
  4104.174 607.01314     2.186    -4.166               7.724          0708Qd0375
  4104.188      26.1     2.853     -5.34                                        
  4104.217      29.0     4.970     -1.82                                        
  4104.225      24.0     3.142     -7.29                                        
  4104.228      60.1     0.380     -0.96                                        
  4104.234      72.0     0.699     -1.50                                        
  4104.252 106.00112     1.306    -3.326               3.464            AX54P055
  4104.255 607.01314     1.691    -0.656               7.724          0506Ra0345
  4104.259      24.0     3.553     -3.46                                        
  4104.270 106.00112     1.382    -4.776               3.464            AX43Q155
  4104.274 607.01314     2.202    -0.700               7.724          0708Ra0385
  4104.297 106.00112     1.382    -2.955               3.464            AX43P165
  4104.312 106.00112     1.382    -3.028               3.464            AX43P155
  4104.318      24.0     2.542     -6.01                                        
  4104.318   23.0051     2.136    -1.699                                 KURHFS 
  4104.318   23.0051     2.136    -2.151                                 KURHFS 
  4104.318   23.0051     2.136    -3.151                                 KURHFS 
  4104.326      24.0     4.204     -2.16                                        
  4104.326   23.0051     2.136    -1.581                                 KURHFS 
  4104.326   23.0051     2.136    -1.940                                 KURHFS 
  4104.326   23.0051     2.136    -2.944                                 KURHFS 
  4104.328      25.1     5.468     -3.86                                        
  4104.336   23.0051     2.136    -1.463                                 KURHFS 
  4104.336   23.0051     2.136    -1.844                                 KURHFS 
  4104.336   23.0051     2.136    -2.916                                 KURHFS 
  4104.349   23.0051     2.136    -1.351                                 KURHFS 
  4104.349   23.0051     2.136    -1.808                                 KURHFS 
  4104.349   23.0051     2.136    -2.996                                 KURHFS 
  4104.353 607.01314     1.691    -0.667               7.724          0506Rb0335
  4104.365   23.0051     2.136    -1.247                                 KURHFS 
  4104.365   23.0051     2.136    -1.824                                 KURHFS 
  4104.365   23.0051     2.136    -3.188                                 KURHFS 
  4104.369      24.1     5.326     -3.36                                        
  4104.378   23.0051     2.129    -1.618                                 KURHFS 
  4104.378   23.0051     2.129    -1.814                                 KURHFS 
  4104.382      90.1     1.038     -1.14                                        
  4104.382   23.0051     2.129    -1.593                                 KURHFS 
  4104.382   23.0051     2.129    -1.604                                 KURHFS 
  4104.382   23.0051     2.129    -1.814                                 KURHFS 
  4104.383   23.0051     2.136    -1.151                                 KURHFS 
  4104.383   23.0051     2.136    -1.906                                 KURHFS 
  4104.383   23.0051     2.136    -3.577                                 KURHFS 
  4104.389   23.0051     2.129    -1.466                                 KURHFS 
  4104.389   23.0051     2.129    -1.490                                 KURHFS 
  4104.389   23.0051     2.129    -1.593                                 KURHFS 
  4104.390 607.01314     1.691    -4.044               7.724          0506Qd0345
  4104.398   23.0051     2.129    -1.299                                 KURHFS 
  4104.398   23.0051     2.129    -1.447                                 KURHFS 
  4104.398   23.0051     2.129    -1.490                                 KURHFS 
  4104.398 106.00112     1.306    -3.326               3.464            AX54P055
  4104.401   27.0059     2.041    -3.881                                 KURHFS 
  4104.401   27.0059     2.041    -4.057                                 KURHFS 
  4104.404   23.0051     2.136    -1.061                                 KURHFS 
  4104.404   23.0051     2.136    -2.124                                 KURHFS 
  4104.405   27.0059     2.041    -3.756                                 KURHFS 
  4104.405   27.0059     2.041    -3.881                                 KURHFS 
  4104.409   23.0051     2.129    -1.130                                 KURHFS 
  4104.409   23.0051     2.129    -1.447                                 KURHFS 
  4104.409   23.0051     2.129    -1.458                                 KURHFS 
  4104.409   27.0059     2.041    -3.756                                 KURHFS 
  4104.409   27.0059     2.041    -3.870                                 KURHFS 
  4104.409   27.0059     2.041    -4.075                                 KURHFS 
  4104.410      28.0     4.164     -1.66                                        
  4104.415   27.0059     2.041    -3.459                                 KURHFS 
  4104.415   27.0059     2.041    -3.870                                 KURHFS 
  4104.416   27.0059     2.540    -5.497                                 KURHFS 
  4104.417      75.0     2.411     -0.46                                        
  4104.422      58.1     0.674     -1.19                                        
  4104.422   23.0051     2.129    -0.971                                 KURHFS 
  4104.422   23.0051     2.129    -1.458                                 KURHFS 
  4104.422   23.0051     2.129    -1.535                                 KURHFS 
  4104.427   23.0051     2.136    -0.977                                 KURHFS 
  4104.436   27.0059     2.540    -5.476                                 KURHFS 
  4104.436   27.0059     2.540    -5.953                                 KURHFS 
  4104.438   23.0051     2.129    -0.823                                 KURHFS 
  4104.438   23.0051     2.129    -1.535                                 KURHFS 
  4104.438   23.0051     2.129    -1.750                                 KURHFS 
  4104.438 106.00112     1.085    -4.349               3.464            AX11R215
  4104.456   23.0051     2.129    -0.687                                 KURHFS 
  4104.456   23.0051     2.129    -1.750                                 KURHFS 
  4104.460      26.0     2.988     -3.25                                        
  4104.463   27.0059     2.540    -5.476                                 KURHFS 
  4104.463   27.0059     2.540    -5.622                                 KURHFS 
  4104.472 106.00112     1.265    -7.753               3.464            CX14R015
  4104.475 106.00112     1.770    -3.070               3.464            AX21P305
  4104.480      25.0     4.191     -2.38                                        
  4104.480      25.0     4.191     -2.86                                        
  4104.497   27.0059     2.540    -5.155                                 KURHFS 
  4104.550 106.00112     1.770    -5.257               3.464            AX21Q295
  4104.565 106.00112     0.774    -1.373               3.464            BX00P205
  4104.569 106.00113     1.536    -5.304               3.464            CX25P015
  4104.583 106.00112     1.334    -9.356               3.464            CX03R145
  4104.633 106.00112     1.770    -3.217               3.464            AX21P295
  4104.636 106.00112     0.774    -6.385               3.464            BX00Q205
  4104.680 106.00112     1.334    -5.661               3.464            CX03Q145
  4104.694 106.00112     1.334    -5.611               3.464            CX03Q155
  4104.703   23.0051     1.954    -1.109                                 KURHFS 
  4104.703   23.0051     1.954    -1.176                                 KURHFS 
  4104.703   23.0051     1.954    -1.808                                 KURHFS 
  4104.708   23.0051     1.954    -0.913                                 KURHFS 
  4104.708   23.0051     1.954    -0.913                                 KURHFS 
  4104.708   23.0051     1.954    -1.653                                 KURHFS 
  4104.713 106.00112     0.774    -1.401               3.464            BX00P215
  4104.717   23.0051     1.954    -0.709                                 KURHFS 
  4104.717   23.0051     1.954    -0.808                                 KURHFS 
  4104.717   23.0051     1.954    -1.653                                 KURHFS 
  4104.722   27.0059     2.326    -1.809                                 KURHFS 
  4104.728   23.0051     1.954    -0.539                                 KURHFS 
  4104.728   23.0051     1.954    -0.761                                 KURHFS 
  4104.728   23.0051     1.954    -1.750                                 KURHFS 
  4104.729      26.1     6.212     -4.15                                        
  4104.730 106.00112     1.542    -5.413               3.464            CX25Q015
  4104.736   27.0059     2.326    -1.955                                 KURHFS 
  4104.736   27.0059     2.326    -2.286                                 KURHFS 
  4104.739 106.00112     1.542    -6.680               3.464            CX25P015
  4104.741 106.00112     1.654    -4.403               3.464            AX43R205
  4104.742 607.01214     3.571    -0.588               7.724          1515Pb0235
  4104.743   23.0051     1.954    -0.393                                 KURHFS 
  4104.743   23.0051     1.954    -0.767                                 KURHFS 
  4104.743   23.0051     1.954    -1.954                                 KURHFS 
  4104.748      25.0     4.350     -0.77                                        
  4104.750   27.0059     2.326    -1.809                                 KURHFS 
  4104.760      26.0     2.806     -4.81                                        
  4104.760   23.0051     1.954    -0.264                                 KURHFS 
  4104.760   23.0051     1.954    -0.840                                 KURHFS 
  4104.760   23.0051     1.954    -2.352                                 KURHFS 
  4104.780   23.0051     1.954    -0.148                                 KURHFS 
  4104.780   23.0051     1.954    -1.051                                 KURHFS 
  4104.783      23.0     1.042     -2.12                                        
  4104.792 106.00112     1.334    -8.855               3.464            CX03P155
  4104.803   23.0051     1.954    -0.043                                 KURHFS 
  4104.815 106.00112     1.654    -2.012               3.464            AX43Q215
  4104.826 106.00112     1.654    -2.084               3.464            AX43Q205
  4104.830      62.1     0.248     -2.89                              Lawler06  
  4104.859      24.0     2.965     -1.17                                        
  4104.873 106.00113     1.214    -7.577               3.464            AX21P225
  4104.876      57.0     0.331     -0.67                                        
  4104.900 106.00112     1.654    -4.758               3.464            AX43P215
  4104.904      24.0     2.542     -4.73                                        
  4104.911 607.01214     3.571    -3.644               7.724          1515Qc0235
  4104.925 607.01214     3.571    -0.572               7.724          1515Pa0245
  4104.932 607.01314     1.904    -0.699               7.724          0607Ra0335
  4104.935 607.01314     1.904    -0.711               7.724          0607Rb0325
  4104.941      26.0     3.332     -2.14                              NIST/D    
  4104.949      20.0     4.621     -3.82                                        
  4104.969 607.01314     1.904    -4.062               7.724          0607Qd0335
  4104.979      25.1     6.124     -1.35                                        
  4104.984      64.0     0.880     -0.27                                        
  4104.995      24.0     3.008     -3.52                                        
  4104.996      58.1     1.057     -0.08                                BIEMONT 
  4105.012      73.0     0.249     -1.84                                        
  4105.016      26.0     4.253     -2.15                                        
  4105.040      66.1     0.590     -1.46                              Wickliff00
  4105.048 607.01214     1.205    -0.785               7.724          0001Ra0645
  4105.058      26.0     3.428     -2.98                                        
  4105.081      42.0     3.031     -0.52                                        
  4105.098 607.01314     2.186    -0.709               7.724          0708Ra0375
  4105.106 106.00113     0.431    -4.253               3.464            BX11P065
  4105.128 607.01214     1.205    -0.791               7.724          0001Rb0635
  4105.142   23.0051     0.267    -1.344                                 LAWLER 
  4105.142   23.0051     0.267    -1.344                                 LAWLER 
  4105.142   23.0051     0.267    -1.645                                 LAWLER 
  4105.149   23.0051     0.267    -1.180                                 LAWLER 
  4105.149   23.0051     0.267    -1.206                                 LAWLER 
  4105.149   23.0051     0.267    -1.520                                 LAWLER 
  4105.153 106.00113     0.487    -1.940               3.464            BX11P085
  4105.157   23.0051     0.267    -0.923                                 LAWLER 
  4105.158   23.0051     0.267    -1.172                                 LAWLER 
  4105.158   23.0051     0.267    -1.770                                 LAWLER 
  4105.168   23.0051     0.267    -0.707                                 LAWLER 
  4105.169   23.0051     0.267    -1.333                                 LAWLER 
  4105.169   23.0051     0.267    -2.198                                 LAWLER 
  4105.185 106.00113     0.487    -7.805               3.464            BX11Q085
  4105.205 607.01214     1.205    -4.695               7.724          0001Qd0645
  4105.211 106.00113     1.855    -4.912               3.464            AX54R205
  4105.221 106.00113     1.080    -4.348               3.464            AX11R215
  4105.262      23.0     2.503     -6.84                                        
  4105.276 607.01314     2.171    -0.729               7.724          0708Rb0355
  4105.310 106.00113     1.194    -6.626               3.464            AX32P175
  4105.312 607.01314     2.171    -4.153               7.724          0708Qd0365
  4105.330      90.1     0.868     -0.95                              Nils02/10%
  4105.350      90.1     1.067     -1.07                              Nils02/10%
  4105.380      25.0     4.329     -0.47                                        
  4105.404      26.0     3.639     -7.15                                        
  4105.410 106.00113     0.488    -1.925               3.464            BX11P095
  4105.417      26.0     4.309     -3.85                                        
  4105.449      26.0     2.996     -7.29                                        
  4105.468 106.00112     1.199    -6.626               3.464            AX32P175
  4105.473 607.01314     1.677    -0.668               7.724          0506Ra0335
  4105.477 106.00112     1.220    -7.577               3.464            AX21P225
  4105.526      42.0     2.678     -1.35                                        
  4105.566 607.01314     1.677    -0.679               7.724          0506Rb0325
  4105.602 607.01314     1.677    -4.030               7.724          0506Qd0335
  4105.655      21.0     4.602     -2.15                                        
  4105.686 106.00112     1.395    -2.471               3.464            AX54Q085
  4105.704 106.00112     1.395    -4.140               3.464            AX54R085
  4105.719 106.00112     1.395    -8.505               3.464            CX14R085
  4105.772 106.00112     1.395    -5.322               3.464            CX14Q085
  4105.783      25.0     4.317     -4.40                                        
  4105.806      20.0     4.677     -3.66                                        
  4105.808 106.00113     1.363    -5.410               3.464            CX14Q075
  4105.826 106.00113     1.364    -8.174               3.464            CX14P085
  4105.838      69.0     0.000      0.18                                        
  4105.869 106.00112     1.279    -6.499               3.464            CX14R025
  4105.880 106.00112     1.395    -4.352               3.464            AX54P095
  4105.897 106.00112     1.395    -2.400               3.464            AX54Q095
  4105.912 106.00112     1.395    -5.237               3.464            CX14Q095
  4105.915      90.1     1.322     -1.16                                        
  4105.930      23.1     4.700     -2.74                                        
  4105.955 607.01314     2.171    -0.719               7.724          0708Ra0365
  4105.965 106.00112     1.395    -8.187               3.464            CX14P095
  4105.993 106.00113     1.363    -8.489               3.464            CX14R075
  4105.997 607.01314     1.890    -0.711               7.724          0607Ra0325
  4106.005 607.01314     1.890    -0.723               7.724          0607Rb0315
  4106.010      60.1     0.559     -1.64                              DenHarto03
  4106.012 106.00113     1.364    -5.323               3.464            CX14Q085
  4106.027      24.0     3.110     -3.13                                        
  4106.038 607.01314     1.890    -4.048               7.724          0607Qd0325
  4106.040 607.01214     3.581    -0.573               7.724          1515Pb0245
  4106.088 106.00112     1.539    -5.865               3.464            CX25Q005
  4106.133      58.1     0.721     -0.87                              Lawler09  
  4106.139      20.0     6.012     -3.55                                        
  4106.169      41.0     1.120     -1.08                                        
  4106.175      26.0     4.383     -2.93                                        
  4106.187 106.00112     1.395    -2.471               3.464            AX54Q085
  4106.205 106.00112     1.395    -4.152               3.464            AX54R085
  4106.238      26.0     4.214     -1.84                                        
  4106.259      26.0     2.588     -2.24                              NIST/E    
  4106.263 607.01214     3.581    -3.664               7.724          1515Qc0245
  4106.272      23.0     2.579     -2.35                                        
  4106.278 607.01214     3.581    -0.557               7.724          1515Pa0255
  4106.280      62.0     0.282     -2.06                                        
  4106.312      24.0     3.823     -2.25                                        
  4106.336 106.00112     1.395    -4.341               3.464            AX54P095
  4106.347      22.0     1.748     -5.78                                        
  4106.353 106.00112     1.395    -2.400               3.464            AX54Q095
  4106.364 106.00112     0.433    -4.253               3.464            BX11P065
  4106.378      66.1     1.223     -0.96                                        
  4106.379 607.01314     2.156    -0.739               7.724          0708Rb0345
  4106.384      39.0     2.294      0.09                                        
  4106.390   27.0059     3.064    -4.788                                 KURHFS 
  4106.398   27.0059     3.064    -4.788                                 KURHFS 
  4106.398   27.0059     3.064    -4.964                                 KURHFS 
  4106.407 106.00112     1.279    -6.311               3.464            CX14R035
  4106.410   27.0059     3.064    -4.624                                 KURHFS 
  4106.410   27.0059     3.064    -5.089                                 KURHFS 
  4106.410   27.0059     3.064    -5.214                                 KURHFS 
  4106.415 607.01314     2.156    -4.139               7.724          0708Qd0355
  4106.423      26.0     3.397     -1.50                              DenHarto14
  4106.425      20.0     4.677     -3.15                                        
  4106.426   27.0059     3.064    -4.616                                 KURHFS 
  4106.426   27.0059     3.064    -4.650                                 KURHFS 
  4106.426   27.0059     3.064    -5.642                                 KURHFS 
  4106.432 106.00112     1.279    -8.554               3.464            CX14Q035
  4106.447   27.0059     3.064    -4.367                                 KURHFS 
  4106.447   27.0059     3.064    -4.777                                 KURHFS 
  4106.456 106.00112     0.489    -1.940               3.464            BX11P085
  4106.471   27.0059     3.064    -4.151                                 KURHFS 
  4106.487 106.00112     0.489    -7.805               3.464            BX11Q085
  4106.498      21.0     4.429     -2.18                                        
  4106.498      21.0     4.429     -3.37                                        
  4106.508 106.00112     0.580    -4.345               3.464            AX00R185
  4106.521 106.00113     1.226    -8.952               3.464            AX10P265
  4106.547      72.0     1.305     -0.98                                        
  4106.560      60.1     0.559     -1.05                              DenHarto03
  4106.583      68.1     1.560     -0.60                                        
  4106.610      62.1     0.543     -1.58                              Lawler06  
  4106.675 607.01314     1.663    -0.680               7.724          0506Ra0325
  4106.710      24.0     3.842     -3.75                                        
  4106.713 106.00112     0.489    -1.924               3.464            BX11P095
  4106.723      22.0     2.660     -3.91                                        
  4106.744   23.0051     1.217    -5.465                                 KURHFS 
  4106.744   23.0051     1.217    -5.720                                 KURHFS 
  4106.745   23.0051     1.217    -5.266                                 KURHFS 
  4106.745   23.0051     1.217    -5.465                                 KURHFS 
  4106.745   23.0051     1.217    -7.373                                 KURHFS 
  4106.747   23.0051     1.217    -5.202                                 KURHFS 
  4106.747   23.0051     1.217    -5.266                                 KURHFS 
  4106.747   23.0051     1.217    -6.130                                 KURHFS 
  4106.750   23.0051     1.217    -5.202                                 KURHFS 
  4106.750   23.0051     1.217    -5.233                                 KURHFS 
  4106.750   23.0051     1.217    -5.413                                 KURHFS 
  4106.753   23.0051     1.217    -5.007                                 KURHFS 
  4106.753   23.0051     1.217    -5.233                                 KURHFS 
  4106.753   23.0051     1.217    -5.414                                 KURHFS 
  4106.757   23.0051     1.217    -4.715                                 KURHFS 
  4106.757   23.0051     1.217    -5.414                                 KURHFS 
  4106.763 607.01314     1.663    -0.692               7.724          0506Rb0315
  4106.780      41.0     0.197     -1.52                                        
  4106.798 607.01314     1.663    -4.017               7.724          0506Qd0325
  4106.838 607.01314     2.156    -0.729               7.724          0708Ra0355
  4106.844      58.1     1.999      0.27                                        
  4106.859      63.0     1.601     -0.19                                        
  4106.879      22.0     2.675     -2.65                                        
  4106.901 106.00112     2.039    -4.379               3.464            CX14P235
  4106.906      24.0     3.119     -4.07                                        
  4106.907      58.1     0.495     -1.10                              Lawler09  
  4106.912      26.0     4.100     -3.59                                        
  4106.934      92.1     0.000     -1.64                                        
  4106.942 106.00112     2.039    -8.628               3.464            CX14Q225
  4106.955      25.1     6.828     -9.84                                        
  4106.990 106.00112     1.656    -2.013               3.464            AX43Q215
  4106.996      23.1     6.286     -2.10                                        
  4107.014 106.00112     1.656    -4.428               3.464            AX43R205
  4107.026      26.0     4.309     -3.81                                        
  4107.054 607.01314     1.877    -0.723               7.724          0607Ra0315
  4107.067 607.01314     1.877    -0.735               7.724          0607Rb0305
  4107.068 106.00112     2.039    -4.442               3.464            CX14P225
  4107.076 106.00112     1.656    -4.735               3.464            AX43P215
  4107.094 106.00113     1.856    -4.855               3.464            AX54R205
  4107.099 607.01314     1.877    -4.034               7.724          0607Qd0315
  4107.100 106.00112     1.656    -2.084               3.464            AX43Q205
  4107.157 106.00112     1.233    -8.952               3.464            AX10P265
  4107.164 106.00113     1.541    -5.272               3.464            CX25P015
  4107.170      66.1     1.360     -1.33                              Wickliff00
  4107.177      58.1     0.445     -2.05                              Lawler09  
  4107.190 106.00113     1.541   -10.073               3.464            CX25Q015
  4107.216      26.0     2.482     -3.27                                        
  4107.270      62.1     0.104     -1.42                              Lawler06  
  4107.284      26.0     3.637     -3.03                                        
  4107.369      23.0     2.573     -2.25                                        
  4107.372      90.1     1.377     -1.21                                        
  4107.374 607.01214     3.592    -0.558               7.724          1515Pb0255
  4107.386      26.0     4.383     -3.57                                        
  4107.390      62.1     0.543     -0.54                              Lawler06  
  4107.399 106.00113     1.707    -4.379               3.464            AX43R215
  4107.409 106.00113     1.266    -6.785               3.464            CX14R015
  4107.423      58.1     0.495     -0.14                              Lawler09  
  4107.426      22.0     2.235     -5.53                                        
  4107.438      60.1     1.337     -0.11                                        
  4107.448 106.00113     1.707    -1.945               3.464            AX43Q225
  4107.452 607.01214     1.176    -0.792               7.724          0001Ra0635
  4107.452 607.01314     2.141    -0.750               7.724          0708Rb0335
  4107.462      42.0     2.069     -0.59                              NIST/B+   
  4107.468      23.0     1.194     -1.42                               LAWNOHFS 
  4107.478 106.00113     1.707    -2.017               3.464            AX43Q215
  4107.486 607.01314     2.141    -4.126               7.724          0708Qd0345
  4107.488      26.0     2.832     -0.88                              NIST/B    
  4107.492      45.0     1.832     -1.30                                        
  4107.507      59.1     1.157     -0.73                                        
  4107.513      26.0     4.317     -2.03                                        
  4107.526 106.00113     0.577    -4.345               3.464            AX00R185
  4107.527 106.00113     1.707    -4.719               3.464            AX43P225
  4107.531 607.01214     1.176    -0.798               7.724          0001Rb0625
  4107.551      40.0     1.481     -0.22                                        
  4107.586      25.0     4.675     -1.31                                        
  4107.608 607.01214     1.176    -4.689               7.724          0001Qd0635
  4107.632      25.1     7.376     -2.77                                        
  4107.656 607.01214     3.592    -3.684               7.724          1515Qc0255
  4107.669 106.00112     1.081    -6.562               3.464            CX03R075
  4107.672 106.00113     1.216    -7.642               3.464            AX21P225
  4107.742 607.01314     2.141    -0.739               7.724          0708Ra0345
  4107.752      26.0     3.600     -3.57                                        
  4107.775      25.1     5.393     -4.28                                        
  4107.790      62.1     0.104     -2.16                              Lawler06  
  4107.794      58.1     1.087     -0.78                                        
  4107.797 106.00112     1.081    -6.499               3.464            CX03R085
  4107.834      44.0     1.821     -0.71                                        
  4107.857      20.0     4.677     -3.50                                        
  4107.861      90.0     0.457     -1.25                                        
  4107.861 106.00112     1.081    -9.770               3.464            CX03Q085
  4107.861 607.01314     1.650    -0.692               7.724          0506Ra0315
  4107.865      25.0     4.602     -0.61                                        
  4107.896 106.00112     1.291    -5.382               3.464            AX54P035
  4107.929      69.0     2.074      0.14                                        
  4107.930 106.00113     1.542    -5.260               3.464            CX25P025
  4107.934      26.0     4.206     -1.76                                        
  4107.945      24.0     3.011     -3.12                                        
  4107.946 607.01314     1.650    -0.705               7.724          0506Rb0305
  4107.955      60.1     1.751      0.30                                        
  4107.980 607.01314     1.650    -4.003               7.724          0506Qd0315
  4108.000 106.00113     0.997    -8.691               3.464            CX03R045
  4108.011 106.00112     1.291    -5.394               3.464            AX54P035
  4108.027      26.0     3.692     -2.61                                        
  4108.038 607.01214     1.977    -0.702               7.724          0607Rb0345
  4108.046      80.0     6.699     -2.06                                        
  4108.052      44.0     1.512     -1.50                                        
  4108.075 607.01214     1.977    -4.102               7.724          0607Qd0355
  4108.102 607.01314     1.864    -0.735               7.724          0607Ra0305
  4108.119 607.01314     1.864    -0.748               7.724          0607Rb0295
  4108.120      42.0     2.985     -1.33                                        
  4108.125      23.0     1.941     -3.24                                        
  4108.133      26.0     3.241     -2.00                              DenHarto14
  4108.140      23.0     3.252     -3.68                                        
  4108.151 607.01314     1.864    -4.019               7.724          0607Qd0305
  4108.163 106.00113     0.596    -1.735               3.464            BX11Q115
  4108.196   23.0051     2.113    -0.732                                 KURHFS 
  4108.196   23.0051     2.113    -0.948                                 KURHFS 
  4108.196   23.0051     2.113    -1.197                                 KURHFS 
  4108.196   23.0051     2.113    -1.205                                 KURHFS 
  4108.196   23.0051     2.113    -1.231                                 KURHFS 
  4108.196   23.0051     2.113    -1.358                                 KURHFS 
  4108.196   23.0051     2.113    -1.369                                 KURHFS 
  4108.196   23.0051     2.113    -1.369                                 KURHFS 
  4108.196   23.0051     2.113    -1.545                                 KURHFS 
  4108.196   23.0051     2.113    -1.670                                 KURHFS 
  4108.196   23.0051     2.113    -1.795                                 KURHFS 
  4108.196   23.0051     2.113    -2.223                                 KURHFS 
  4108.198 106.00113     1.266    -8.336               3.464            CX14Q025
  4108.202 106.00112     1.576    -4.990               3.464            AX32Q235
  4108.210 106.00113     0.596    -4.967               3.464            BX11R115
  4108.251      58.1     0.896     -1.27                                        
  4108.261 106.00113     0.596    -4.842               3.464            BX11P125
  4108.267 106.00112     1.576    -2.954               3.464            AX32P245
  4108.271 106.00113     1.266    -6.491               3.464            CX14R025
  4108.275   27.0059     3.710    -6.268                                 KURHFS 
  4108.275   27.0059     3.710    -6.523                                 KURHFS 
  4108.277      25.0     4.191     -3.00                                        
  4108.283   27.0059     3.710    -6.069                                 KURHFS 
  4108.283   27.0059     3.710    -6.268                                 KURHFS 
  4108.283   27.0059     3.710    -8.176                                 KURHFS 
  4108.296   27.0059     3.710    -6.005                                 KURHFS 
  4108.296   27.0059     3.710    -6.069                                 KURHFS 
  4108.296   27.0059     3.710    -6.933                                 KURHFS 
  4108.306 106.00112     1.576    -3.062               3.464            AX32P235
  4108.308 106.00113     0.596    -1.749               3.464            BX11Q125
  4108.310      62.1     0.378     -1.45                              Lawler06  
  4108.311      26.0     3.684     -6.16                                        
  4108.313   27.0059     3.710    -6.005                                 KURHFS 
  4108.313   27.0059     3.710    -6.036                                 KURHFS 
  4108.313   27.0059     3.710    -6.216                                 KURHFS 
  4108.314      24.0     4.443     -3.70                                        
  4108.319      23.0     2.676     -3.65                                        
  4108.320 106.00112     1.222    -7.642               3.464            AX21P225
  4108.334   27.0059     3.710    -5.810                                 KURHFS 
  4108.334   27.0059     3.710    -6.036                                 KURHFS 
  4108.334   27.0059     3.710    -6.217                                 KURHFS 
  4108.352      92.0     0.000     -1.21                                        
  4108.359   27.0059     3.710    -5.518                                 KURHFS 
  4108.359   27.0059     3.710    -6.217                                 KURHFS 
  4108.367      22.0     2.295     -1.88                                        
  4108.385      40.0     0.542     -1.04                                        
  4108.386      64.1     1.569     -0.49                                        
  4108.387      24.0     2.706     -2.83                                        
  4108.410 106.00112     0.581    -4.289               3.464            AX00R185
  4108.420      90.1     0.556     -0.84                                        
  4108.422      20.0     6.013     -4.72                                        
  4108.442   27.0059     0.174    -7.216                                 KURHFS 
  4108.448      26.0     4.253     -4.46                                        
  4108.451   27.0059     0.174    -7.035                                 KURHFS 
  4108.459   27.0059     0.174    -7.004                                 KURHFS 
  4108.463   27.0059     0.174    -6.517                                 KURHFS 
  4108.466   27.0059     0.174    -7.068                                 KURHFS 
  4108.468   27.0059     0.174    -6.809                                 KURHFS 
  4108.473   27.0059     0.174    -7.215                                 KURHFS 
  4108.473   27.0059     0.174    -7.267                                 KURHFS 
  4108.477      20.0     4.677     -7.66                                        
  4108.477   27.0059     0.174    -7.932                                 KURHFS 
  4108.480   27.0059     0.174    -9.175                                 KURHFS 
  4108.482   27.0059     0.174    -7.522                                 KURHFS 
  4108.483      22.0     2.159     -3.07                                        
  4108.488   27.0059     0.174    -7.267                                 KURHFS 
  4108.489   27.0059     0.174    -7.216                                 KURHFS 
  4108.490   27.0059     0.174    -7.004                                 KURHFS 
  4108.490   27.0059     0.174    -7.035                                 KURHFS 
  4108.490   27.0059     0.174    -7.068                                 KURHFS 
  4108.497 607.01314     2.127    -0.761               7.724          0708Rb0325
  4108.498   23.0051     2.364    -5.869                                 KURHFS 
  4108.498   23.0051     2.364    -6.124                                 KURHFS 
  4108.498   23.0051     2.364    -6.154                                 KURHFS 
  4108.500   23.0051     2.364    -5.681                                 KURHFS 
  4108.500   23.0051     2.364    -6.124                                 KURHFS 
  4108.500   23.0051     2.364    -6.175                                 KURHFS 
  4108.501   23.0051     2.364    -5.590                                 KURHFS 
  4108.501   23.0051     2.364    -5.736                                 KURHFS 
  4108.501   23.0051     2.364    -6.300                                 KURHFS 
  4108.503   23.0051     2.364    -5.481                                 KURHFS 
  4108.503   23.0051     2.364    -5.568                                 KURHFS 
  4108.503   23.0051     2.364    -6.522                                 KURHFS 
  4108.506   23.0051     2.364    -5.283                                 KURHFS 
  4108.506   23.0051     2.364    -5.622                                 KURHFS 
  4108.506   23.0051     2.364    -6.932                                 KURHFS 
  4108.509   23.0051     2.364    -5.119                                 KURHFS 
  4108.509   23.0051     2.364    -5.818                                 KURHFS 
  4108.513   23.0051     2.364    -4.978                                 KURHFS 
  4108.518      23.1     6.037     -4.71                                        
  4108.521 106.00113     1.651    -2.160               3.464            AX54R155
  4108.526      20.0     2.709      0.20                              NIST/D    
  4108.527      74.0     2.244     -0.74                                        
  4108.530 607.01314     2.127    -4.112               7.724          0708Qd0335
  4108.535   23.0051     1.349    -8.543                                 KURHFS 
  4108.537   23.0051     1.349    -8.258                                 KURHFS 
  4108.537   23.0051     1.349    -8.513                                 KURHFS 
  4108.542   23.0051     1.349    -8.070                                 KURHFS 
  4108.542   23.0051     1.349    -8.513                                 KURHFS 
  4108.542   23.0051     1.349    -8.564                                 KURHFS 
  4108.549   23.0051     1.349    -7.979                                 KURHFS 
  4108.549   23.0051     1.349    -8.125                                 KURHFS 
  4108.549   23.0051     1.349    -8.689                                 KURHFS 
  4108.558   23.0051     1.349    -7.870                                 KURHFS 
  4108.558   23.0051     1.349    -7.957                                 KURHFS 
  4108.558   23.0051     1.349    -8.911                                 KURHFS 
  4108.569   23.0051     1.349    -7.672                                 KURHFS 
  4108.569   23.0051     1.349    -8.011                                 KURHFS 
  4108.569   23.0051     1.349    -9.321                                 KURHFS 
  4108.582   23.0051     1.349    -7.508                                 KURHFS 
  4108.582   23.0051     1.349    -8.207                                 KURHFS 
  4108.583 106.00113     1.651    -2.108               3.464            AX54R165
  4108.598   23.0051     1.349    -7.367                                 KURHFS 
  4108.608      24.0     3.553     -4.46                                        
  4108.612 106.00113     1.651    -4.250               3.464            AX54Q165
  4108.614 106.00113     1.284    -8.846               3.464            CX03P145
  4108.631      24.0     3.011     -5.41                                        
  4108.660 607.01314     2.127    -0.750               7.724          0708Ra0335
  4108.828      58.1     0.634     -2.39                              Lawler09  
  4108.859      26.0     3.249     -5.63                                        
  4108.882 106.00113     1.284    -5.713               3.464            CX03Q135
  4108.907      26.0     4.188     -1.41                                        
  4108.979 106.00113     1.284    -5.663               3.464            CX03Q145
  4108.986 106.00112     1.542    -5.303               3.464            CX25P015
  4109.001 106.00112     1.018    -4.391               3.464            AX11R205
  4109.019   23.0051     1.194    -3.174                                 KURHFS 
  4109.022   23.0051     1.194    -3.153                                 KURHFS 
  4109.022   23.0051     1.194    -3.630                                 KURHFS 
  4109.027   23.0051     1.194    -3.153                                 KURHFS 
  4109.027   23.0051     1.194    -3.299                                 KURHFS 
  4109.031 607.01314     1.637    -0.705               7.724          0506Ra0305
  4109.032   23.0051     1.194    -2.832                                 KURHFS 
  4109.056      26.0     3.292     -1.55                              DenHarto14
  4109.070      60.1     0.064     -0.16                              DenHarto03
  4109.113 607.01314     1.637    -0.718               7.724          0506Rb0295
  4109.141 607.01314     1.851    -0.748               7.724          0607Ra0295
  4109.144 607.01214     1.962    -0.702               7.724          0607Ra0345
  4109.146 607.01314     1.637    -3.989               7.724          0506Qd0305
  4109.150      25.0     3.370     -5.47                                        
  4109.162 607.01314     1.851    -0.762               7.724          0607Rb0285
  4109.172      23.1     6.096     -3.12                                        
  4109.182      23.0     2.581     -4.26                                        
  4109.192 607.01314     1.851    -4.004               7.724          0607Qd0295
  4109.194 607.01214     1.962    -0.713               7.724          0607Rb0335
  4109.217      25.1     5.394     -3.32                                        
  4109.231 607.01214     1.962    -4.089               7.724          0607Qd0345
  4109.247 106.00113     1.284    -9.338               3.464            CX03R135
  4109.294      22.0     2.693     -2.35                                        
  4109.301      28.0     3.462     -4.93                                        
  4109.323      90.0     1.005     -0.71                                        
  4109.325      68.0     0.862     -0.10                                        
  4109.358      24.0     3.432     -3.75                                        
  4109.390      62.1     0.277     -1.04                              Lawler06  
  4109.401      22.0     2.425     -6.64                                        
  4109.405 106.00113     0.578    -4.289               3.464            AX00R185
  4109.413      24.0     4.413     -3.04                                        
  4109.446   27.0059     2.079    -5.053                                 KURHFS 
  4109.446   27.0059     2.079    -5.308                                 KURHFS 
  4109.450      60.1     0.320      0.35                              DenHarto03
  4109.461   27.0059     2.079    -4.854                                 KURHFS 
  4109.461   27.0059     2.079    -5.053                                 KURHFS 
  4109.461   27.0059     2.079    -6.961                                 KURHFS 
  4109.480      69.1     1.086     -2.71                              Wickliff97
  4109.484   27.0059     2.079    -4.790                                 KURHFS 
  4109.484   27.0059     2.079    -4.854                                 KURHFS 
  4109.484   27.0059     2.079    -5.718                                 KURHFS 
  4109.515   27.0059     2.079    -4.790                                 KURHFS 
  4109.515   27.0059     2.079    -4.821                                 KURHFS 
  4109.515   27.0059     2.079    -5.001                                 KURHFS 
  4109.519 607.01314     2.114    -0.773               7.724          0708Rb0315
  4109.520 106.00113     1.340    -5.501               3.464            CX14Q065
  4109.539      58.1     0.435     -1.28                              Lawler09  
  4109.551 607.01314     2.114    -4.098               7.724          0708Qd0325
  4109.554   27.0059     2.079    -4.595                                 KURHFS 
  4109.554   27.0059     2.079    -4.821                                 KURHFS 
  4109.554   27.0059     2.079    -5.002                                 KURHFS 
  4109.558 106.00113     1.302    -5.263               3.464            AX54P045
  4109.573      24.0     2.707     -1.26                                        
  4109.584      24.0     4.444     -4.35                                        
  4109.589 607.01314     2.114    -0.761               7.724          0708Ra0325
  4109.593   27.0059     0.000    -9.933                                 KURHFS 
  4109.595      22.0     2.486     -4.31                                        
  4109.596 106.00113     1.340    -8.150               3.464            CX14P075
  4109.599      24.0     3.548     -3.09                                        
  4109.602   27.0059     2.079    -4.303                                 KURHFS 
  4109.602   27.0059     2.079    -5.002                                 KURHFS 
  4109.603 106.00113     1.845    -5.128               3.464            AX21Q305
  4109.611   27.0059     0.000    -8.632                                 KURHFS 
  4109.611   27.0059     0.000    -9.535                                 KURHFS 
  4109.620 106.00113     1.845    -2.929               3.464            AX21P315
  4109.626   27.0059     0.000    -8.421                                 KURHFS 
  4109.627   27.0059     0.000    -9.331                                 KURHFS 
  4109.631   27.0059     0.000    -7.624                                 KURHFS 
  4109.633      44.0     1.130     -2.01                                        
  4109.640   27.0059     0.000    -8.348                                 KURHFS 
  4109.641   27.0059     0.000    -9.234                                 KURHFS 
  4109.644   27.0059     0.000    -7.729                                 KURHFS 
  4109.646 106.00112     0.599    -1.735               3.464            BX11Q115
  4109.651   27.0059     0.000    -8.342                                 KURHFS 
  4109.653   27.0059     0.000    -9.234                                 KURHFS 
  4109.653 106.00113     1.452    -2.333               3.464            AX54Q105
  4109.655   27.0059     0.000    -7.845                                 KURHFS 
  4109.660   27.0059     0.000    -8.389                                 KURHFS 
  4109.662   27.0059     0.000    -9.389                                 KURHFS 
  4109.664   27.0059     0.000    -7.974                                 KURHFS 
  4109.667   27.0059     0.000    -8.494                                 KURHFS 
  4109.669 106.00113     1.452    -4.166               3.464            AX54R105
  4109.670   27.0059     0.000    -8.120                                 KURHFS 
  4109.672   27.0059     0.000    -8.690                                 KURHFS 
  4109.675   27.0059     0.000    -8.290                                 KURHFS 
  4109.676   27.0059     0.000    -8.757                                 KURHFS 
  4109.677   27.0059     0.000    -8.494                                 KURHFS 
  4109.682 106.00113     1.340    -8.463               3.464            CX14R065
  4109.691 106.00112     0.599    -4.967               3.464            BX11R115
  4109.728 106.00113     1.303    -5.278               3.464            AX54P045
  4109.744 106.00112     0.599    -4.842               3.464            BX11P125
  4109.749      74.0     1.654     -0.90                                        
  4109.757      23.0     0.262     -0.33                               LAWNOHFS 
  4109.759 106.00113     1.340    -5.410               3.464            CX14Q075
  4109.789 106.00112     0.599    -1.748               3.464            BX11Q125
  4109.791 106.00113     1.341    -3.168               3.464            AX54P065
  4109.793      57.0     0.130     -1.21                                        
  4109.798 106.00113     1.845    -3.071               3.464            AX21P305
  4109.802      26.0     2.845     -0.94                              NIST/B    
  4109.802 106.00113     1.452    -4.389               3.464            AX54P115
  4109.803      26.0     4.291     -4.36                                        
  4109.813 106.00113     1.013    -4.391               3.464            AX11R205
  4109.817      23.0     1.042     -0.50                               LAWNOHFS 
  4109.818 106.00113     1.452    -2.266               3.464            AX54Q115
  4109.833 607.01214     1.148    -0.799               7.724          0001Ra0625
  4109.869      41.0     0.656     -1.84                                        
  4109.874 106.00113     1.341    -4.269               3.464            AX54Q065
  4109.891      24.0     4.532     -2.90                                        
  4109.898 106.00113     1.652    -2.109               3.464            AX54R165
  4109.906 106.00113     1.652    -2.161               3.464            AX54R155
  4109.908 106.00112     1.368    -8.488               3.464            CX14R075
  4109.912 607.01214     1.148    -0.805               7.724          0001Rb0615
  4109.925 106.00113     1.652    -4.223               3.464            AX54Q165
  4109.953      20.0     4.621     -3.82                                        
  4109.955 106.00112     1.368    -5.409               3.464            CX14Q075
  4109.962      24.0     3.844     -2.64                                        
  4109.988 607.01214     1.148    -4.682               7.724          0001Qd0625
  4110.009   27.0059     3.729    -1.234                                 KURHFS 
  4110.009   27.0059     3.729    -1.860                                 KURHFS 
  4110.009   27.0059     3.729    -2.725                                 KURHFS 
  4110.040      25.0     4.636     -3.26                                        
  4110.058   27.0059     3.729    -1.450                                 KURHFS 
  4110.058   27.0059     3.729    -1.699                                 KURHFS 
  4110.058   27.0059     3.729    -2.297                                 KURHFS 
  4110.058 106.00113     0.986    -5.144               3.464            BX00P245
  4110.060      40.1     0.757     -1.40                                        
  4110.097   27.0059     3.729    -1.707                                 KURHFS 
  4110.097   27.0059     3.729    -1.733                                 KURHFS 
  4110.097   27.0059     3.729    -2.047                                 KURHFS 
  4110.105 106.00113     1.341    -3.168               3.464            AX54P065
  4110.122 106.00113     1.341    -3.092               3.464            AX54P075
  4110.126   27.0059     3.729    -1.871                                 KURHFS 
  4110.126   27.0059     3.729    -1.871                                 KURHFS 
  4110.126   27.0059     3.729    -2.172                                 KURHFS 
  4110.127 106.00112     1.368    -5.322               3.464            CX14Q085
  4110.169 607.01314     1.839    -0.762               7.724          0607Ra0285
  4110.175 106.00112     1.368    -8.173               3.464            CX14P085
  4110.180      62.1     0.659     -0.98                              Lawler06  
  4110.185 607.01314     1.624    -0.718               7.724          0506Ra0295
  4110.188 106.00113     1.341    -4.282               3.464            AX54Q065
  4110.194 607.01314     1.839    -0.776               7.724          0607Rb0275
  4110.217 106.00113     1.709    -1.946               3.464            AX43Q225
  4110.223 607.01314     1.839    -3.988               7.724          0607Qd0285
  4110.263 106.00113     1.709    -4.405               3.464            AX43R215
  4110.265 607.01314     1.624    -0.732               7.724          0506Rb0285
  4110.287 607.01214     1.947    -0.713               7.724          0607Ra0335
  4110.296 607.01314     1.624    -3.974               7.724          0506Qd0295
  4110.305 106.00113     1.709    -4.695               3.464            AX43P225
  4110.310      41.1     1.620     -1.61                              Nilsson10 
  4110.324 106.00113     0.988    -3.431               3.464            BX10R245
  4110.339 607.01214     1.947    -0.725               7.724          0607Rb0325
  4110.351 106.00113     1.709    -2.017               3.464            AX43Q215
  4110.363 106.00113     1.452    -2.333               3.464            AX54Q105
  4110.370      26.0     4.442     -4.31                                        
  4110.374 607.01214     1.947    -4.075               7.724          0607Qd0335
  4110.379 106.00113     1.452    -4.181               3.464            AX54R105
  4110.381      58.1     1.089     -0.11                                BIEMONT 
  4110.402 106.00113     1.341    -3.092               3.464            AX54P075
  4110.427      64.1     1.446     -0.83                                        
  4110.461 106.00113     1.452    -4.377               3.464            AX54P115
  4110.470      60.1     0.000     -0.71                              DenHarto03
  4110.477 106.00113     1.452    -2.266               3.464            AX54Q115
  4110.496   27.0059     1.048    -2.425                                 KURHFS 
  4110.498   27.0059     1.048    -2.575                                 LAWHFS 
  4110.500   27.0059     1.048    -2.244                                 KURHFS 
  4110.502   27.0059     1.048    -2.394                                 LAWHFS 
  4110.504   27.0059     1.048    -2.213                                 KURHFS 
  4110.506   27.0059     1.048    -2.363                                 LAWHFS 
  4110.509   27.0059     1.048    -2.277                                 KURHFS 
  4110.511   27.0059     1.048    -2.427                                 LAWHFS 
  4110.514      90.1     1.547     -0.74                                        
  4110.514   27.0059     1.048    -2.476                                 KURHFS 
  4110.516   27.0059     1.048    -2.626                                 LAWHFS 
  4110.520 607.01314     2.100    -0.785               7.724          0708Rb0305
  4110.523 607.01314     2.100    -0.773               7.724          0708Ra0315
  4110.526   27.0059     1.048    -2.731                                 KURHFS 
  4110.526   27.0059     1.048    -4.384                                 KURHFS 
  4110.528   27.0059     1.048    -2.881                                 LAWHFS 
  4110.528   27.0059     1.048    -3.141                                 KURHFS 
  4110.528   27.0059     1.048    -4.531                                 LAWHFS 
  4110.529   27.0059     1.048    -2.424                                 KURHFS 
  4110.530   27.0059     1.048    -3.291                                 LAWHFS 
  4110.531   27.0059     1.048    -2.018                                 KURHFS 
  4110.531   27.0059     1.048    -2.574                                 LAWHFS 
  4110.533   27.0059     1.048    -1.726                                 KURHFS 
  4110.533   27.0059     1.048    -2.168                                 LAWHFS 
  4110.535   27.0059     1.048    -1.876                                 LAWHFS 
  4110.538   27.0059     1.048    -2.476                                 KURHFS 
  4110.540   27.0059     1.048    -2.626                                 LAWHFS 
  4110.543 106.00113     1.550    -5.247               3.464            CX25P025
  4110.545   27.0059     1.048    -2.277                                 KURHFS 
  4110.547   27.0059     1.048    -2.427                                 LAWHFS 
  4110.551 607.01314     2.100    -4.083               7.724          0708Qd0315
  4110.553   27.0059     1.048    -2.213                                 KURHFS 
  4110.555   27.0059     1.048    -2.363                                 LAWHFS 
  4110.561   27.0059     1.048    -2.244                                 KURHFS 
  4110.562      74.0     2.265     -0.73                                        
  4110.563   27.0059     1.048    -2.394                                 LAWHFS 
  4110.568   27.0059     1.048    -2.425                                 KURHFS 
  4110.570   27.0059     1.048    -2.575                                 LAWHFS 
  4110.577      24.0     4.172     -3.78                                        
  4110.586 106.00113     1.550    -9.084               3.464            CX25Q025
  4110.589      25.0     4.602     -2.74                                        
  4110.598      64.1     1.373     -0.38                                        
  4110.615      25.1     6.128     -1.51                                        
  4110.635      90.1     0.774     -1.50                                        
  4110.701      42.0     2.678     -1.86                                        
  4110.719      23.1     6.097     -2.49                                        
  4110.722 106.00113     1.425    -4.724               3.464            AX43Q165
  4110.726      22.0     2.152     -3.14                                        
  4110.739      23.0     2.121     -1.26                               LAWNOHFS 
  4110.743      24.1     4.924     -3.93                                        
  4110.766 106.00113     1.425    -2.953               3.464            AX43P165
  4110.789      23.0     2.129     -1.97                                        
  4110.801      25.0     4.341     -1.02                                        
  4110.804      39.0     1.889     -0.19                                        
  4110.808      22.0     2.091     -4.35                                        
  4110.808 106.00113     1.425    -2.880               3.464            AX43P175
  4110.835      58.1     0.320     -1.08                              Lawler09  
  4110.854 106.00112     1.324    -3.283               3.464            AX54P055
  4110.888      75.0     2.136     -0.50                                        
  4110.895      25.0     4.329      0.09                                        
  4110.909      59.1     0.216     -1.56                                        
  4110.936      42.0     3.196    -10.00                                        
  4110.940 106.00112     1.324    -4.239               3.464            AX54Q055
  4110.941      24.0     4.528      0.15                                        
  4110.941 106.00113     1.258    -7.243               3.464            CX14R005
  4110.959      24.0     2.897     -1.75                                        
  4110.982      24.1     3.758     -2.19                              Lawler17  
  4110.997      23.0     2.576     -1.15                                        
