a line list in the range:    4589.00   4601.00
  4589.000      41.1     2.520     -1.46                              Nilsson10 
  4589.002   23.0051     1.954    -3.053                                 KURHFS 
  4589.002   23.0051     1.954    -3.956                                 KURHFS 
  4589.030   23.0051     1.954    -2.948                                 KURHFS 
  4589.031 106.00112     0.806    -7.160               3.464            BX12Q085
  4589.056 607.01214     3.356    -1.350               7.724          1214Pb0225
  4589.062      22.0     3.321     -3.94                                        
  4589.122      90.1     1.547     -1.35                                        
  4589.208      70.0     3.131      0.02                                        
  4589.277 106.00113     1.275    -9.510               3.464            CX04R025
  4589.281 607.01214     3.356    -4.371               7.724          1214Qc0225
  4589.288      26.0     2.690     -4.72                                        
  4589.301 106.00112     0.806    -2.527               3.464            BX12P095
  4589.327   27.0059     3.626    -3.551                                 KURHFS 
  4589.327   27.0059     3.626    -3.618                                 KURHFS 
  4589.327   27.0059     3.626    -4.250                                 KURHFS 
  4589.334   27.0059     3.626    -3.355                                 KURHFS 
  4589.334   27.0059     3.626    -3.355                                 KURHFS 
  4589.334   27.0059     3.626    -4.095                                 KURHFS 
  4589.339 607.01214     3.356    -1.330               7.724          1214Pa0235
  4589.345   27.0059     3.626    -3.151                                 KURHFS 
  4589.345   27.0059     3.626    -3.250                                 KURHFS 
  4589.345   27.0059     3.626    -4.095                                 KURHFS 
  4589.347 106.00113     1.865    -4.580               3.464            AX22P275
  4589.359   27.0059     3.626    -2.981                                 KURHFS 
  4589.359   27.0059     3.626    -3.203                                 KURHFS 
  4589.359   27.0059     3.626    -4.192                                 KURHFS 
  4589.361      27.0     4.143     -2.01                                        
  4589.361      66.0     0.000     -0.17                                        
  4589.374      58.1     0.357     -1.97                              Lawler09  
  4589.378   27.0059     3.626    -2.835                                 KURHFS 
  4589.378   27.0059     3.626    -3.209                                 KURHFS 
  4589.378   27.0059     3.626    -4.396                                 KURHFS 
  4589.400   27.0059     3.626    -2.706                                 KURHFS 
  4589.400   27.0059     3.626    -3.282                                 KURHFS 
  4589.400   27.0059     3.626    -4.794                                 KURHFS 
  4589.401      26.0     5.029     -3.34                                        
  4589.410      62.1     1.165     -1.08                              Lawler06  
  4589.426   27.0059     3.626    -2.590                                 KURHFS 
  4589.426   27.0059     3.626    -3.493                                 KURHFS 
  4589.442 607.01214     0.996    -5.801               7.724          0002Qc0455
  4589.456   27.0059     3.626    -2.485                                 KURHFS 
  4589.468      22.0     1.967     -5.18                                        
  4589.511 607.01214     0.996    -2.142               7.724          0002Pa0465
  4589.514      26.0     4.577     -3.08                                        
  4589.558      20.0     4.440     -5.18                                        
  4589.593 607.01214     0.996    -2.153               7.724          0002Pb0455
  4589.597 106.00113     0.750    -4.863               3.464            BX12P065
  4589.644   27.0059     4.055    -6.289                                 KURHFS 
  4589.650   27.0059     4.055    -6.009                                 KURHFS 
  4589.650   27.0059     4.055    -6.289                                 KURHFS 
  4589.650   27.0059     4.055    -7.310                                 KURHFS 
  4589.653      26.0     4.581     -2.89                                        
  4589.660   23.0051     0.267    -6.643                                 KURHFS 
  4589.660   23.0051     0.267    -6.643                                 KURHFS 
  4589.660   23.0051     0.267    -6.944                                 KURHFS 
  4589.663   27.0059     4.055    -5.871                                 KURHFS 
  4589.663   27.0059     4.055    -6.009                                 KURHFS 
  4589.663   27.0059     4.055    -6.611                                 KURHFS 
  4589.663 607.01214     0.519    -2.889               7.724          0002Ra0085
  4589.669   23.0051     0.267    -6.479                                 KURHFS 
  4589.669   23.0051     0.267    -6.505                                 KURHFS 
  4589.669   23.0051     0.267    -6.819                                 KURHFS 
  4589.670 106.00112     1.538    -6.408               3.464            AX23R195
  4589.671      90.1     1.547     -1.47                                        
  4589.680   23.0051     0.267    -6.222                                 KURHFS 
  4589.680   23.0051     0.267    -6.471                                 KURHFS 
  4589.680   23.0051     0.267    -7.069                                 KURHFS 
  4589.682   27.0059     4.055    -5.805                                 KURHFS 
  4589.682   27.0059     4.055    -5.871                                 KURHFS 
  4589.682   27.0059     4.055    -6.164                                 KURHFS 
  4589.684 607.01214     0.519    -2.937               7.724          0002Rb0075
  4589.695   23.0051     0.267    -6.006                                 KURHFS 
  4589.695   23.0051     0.267    -6.632                                 KURHFS 
  4589.695   23.0051     0.267    -7.497                                 KURHFS 
  4589.697 106.00113     1.612    -9.228               3.464            CX15P065
  4589.697 607.01214     0.519    -5.114               7.724          0002Qd0085
  4589.708   27.0059     4.055    -5.798                                 KURHFS 
  4589.708   27.0059     4.055    -5.805                                 KURHFS 
  4589.708   27.0059     4.055    -5.833                                 KURHFS 
  4589.715      21.0     5.025     -3.81                                        
  4589.740   27.0059     4.055    -5.570                                 KURHFS 
  4589.740   27.0059     4.055    -5.798                                 KURHFS 
  4589.740   27.0059     4.055    -5.863                                 KURHFS 
  4589.779   27.0059     4.055    -5.351                                 KURHFS 
  4589.779   27.0059     4.055    -5.863                                 KURHFS 
  4589.779   27.0059     4.055    -6.067                                 KURHFS 
  4589.824   27.0059     4.055    -5.164                                 KURHFS 
  4589.824   27.0059     4.055    -6.067                                 KURHFS 
  4589.874      20.0     5.881     -4.76                                        
  4589.881 106.00113     1.275   -11.244               3.464            CX04Q035
  4589.895      24.1     4.072     -2.47                              Lawler17  
  4589.904 106.00113     1.533    -6.352               3.464            AX23R195
  4589.948 607.01214     3.366    -1.330               7.724          1214Pb0235
  4589.958      22.1     1.236     -1.79                                        
  4589.960      24.1     3.103     -4.28                                        
  4590.005   27.0059     4.061    -5.244                                 KURHFS 
  4590.005 106.00113     1.275    -9.346               3.464            CX04R035
  4590.008   27.0059     4.061    -5.499                                 KURHFS 
  4590.016   27.0059     4.061    -5.045                                 KURHFS 
  4590.020   27.0059     4.061    -7.152                                 KURHFS 
  4590.022   27.0059     4.061    -5.244                                 KURHFS 
  4590.033   27.0059     4.061    -4.981                                 KURHFS 
  4590.038   27.0059     4.061    -5.909                                 KURHFS 
  4590.042   27.0059     4.061    -5.045                                 KURHFS 
  4590.056   27.0059     4.061    -5.012                                 KURHFS 
  4590.062   27.0059     4.061    -5.192                                 KURHFS 
  4590.067   27.0059     4.061    -4.981                                 KURHFS 
  4590.080      24.0     4.486     -2.17                                        
  4590.085   27.0059     4.061    -5.193                                 KURHFS 
  4590.093   27.0059     4.061    -4.786                                 KURHFS 
  4590.099   27.0059     4.061    -5.012                                 KURHFS 
  4590.110 106.00113     0.894    -6.132               3.464            AX01R185
  4590.129   27.0059     4.061    -4.494                                 KURHFS 
  4590.135      40.0     1.442     -1.32                                        
  4590.136   27.0059     4.061    -5.193                                 KURHFS 
  4590.161      22.0     3.332     -3.15                                        
  4590.173 106.00112     0.898    -6.132               3.464            AX01R185
  4590.200 607.01214     3.366    -4.389               7.724          1214Qc0235
  4590.253 106.00112     1.961    -3.974               3.464            AX55R165
  4590.261 607.01214     3.366    -1.312               7.724          1214Pa0245
  4590.305      24.0     3.889     -2.52                                        
  4590.312 106.00113     1.770    -4.546               3.464            AX33P225
  4590.316 106.00113     1.650    -7.083               3.464            CX04P165
  4590.319 106.00112     1.961    -1.612               3.464            AX55Q165
  4590.325 106.00113     1.651    -7.108               3.464            CX04P155
  4590.351 106.00112     1.961    -1.631               3.464            AX55Q175
  4590.417 106.00112     1.961    -3.906               3.464            AX55P175
  4590.436 106.00112     1.604    -3.461               3.464            AX01R285
  4590.485      24.0     4.486     -0.86                                        
  4590.499      23.1     3.793     -0.78                                        
  4590.501 106.00112     2.465    -7.618               3.464            CX05R265
  4590.528 106.00113     1.827    -3.772               3.464            AX55Q135
  4590.529 106.00113     1.827    -1.956               3.464            AX55P135
  4590.535      40.0     0.542     -1.35                                        
  4590.626 607.01214     0.975    -5.792               7.724          0002Qc0445
  4590.636 106.00112     1.604    -5.525               3.464            AX01Q285
  4590.642 106.00113     1.827    -1.942               3.464            AX55P145
  4590.658      28.0     3.539     -4.18                                        
  4590.667 106.00112     2.465   -11.924               3.464            CX05Q265
  4590.672      24.0     3.011     -5.01                                        
  4590.694 607.01214     0.975    -2.153               7.724          0002Pa0455
  4590.721 106.00112     1.604    -3.391               3.464            AX01R275
  4590.723      25.1     5.563     -5.03                                        
  4590.736      26.1     6.218     -3.99                                        
  4590.740 106.00112     2.466    -8.571               3.464            CX05R255
  4590.774 607.01214     0.975    -2.165               7.724          0002Pb0445
  4590.789      26.0     4.383     -4.42                                        
  4590.808      22.0     2.470     -1.80                                        
  4590.814 106.00113     1.699    -4.533               3.464            AX44P165
  4590.822 106.00113     1.651   -11.837               3.464            CX04Q155
  4590.833      23.1     3.755     -5.12                                        
  4590.834 607.01214     0.516    -2.938               7.724          0002Ra0075
  4590.835      70.0     3.204      0.39                                        
  4590.854 607.01214     0.516    -2.992               7.724          0002Rb0065
  4590.859 607.01214     3.376    -1.312               7.724          1214Pb0245
  4590.865 607.01214     0.516    -5.063               7.724          0002Qd0075
  4590.869      22.0     2.504     -4.90                                        
  4590.881 106.00113     1.596    -3.461               3.464            AX01R285
  4590.957      24.0     3.008     -3.83                                        
  4591.047      24.0     2.542     -4.06                                        
  4591.056 106.00113     1.596    -5.525               3.464            AX01Q285
  4591.107      44.0     1.138     -1.59                                        
  4591.113      27.0     4.206     -2.46                                        
  4591.116      58.1     1.106     -0.41                              Lawler09  
  4591.119 106.00113     1.596    -3.391               3.464            AX01R275
  4591.129      24.0     4.398     -3.46                                        
  4591.140 607.01214     3.376    -4.406               7.724          1214Qc0245
  4591.173   23.0051     1.948    -4.073                                 KURHFS 
  4591.176   23.0051     1.948    -3.788                                 KURHFS 
  4591.176   23.0051     1.948    -4.043                                 KURHFS 
  4591.183   23.0051     1.948    -3.600                                 KURHFS 
  4591.183   23.0051     1.948    -4.043                                 KURHFS 
  4591.183   23.0051     1.948    -4.094                                 KURHFS 
  4591.192   23.0051     1.948    -3.509                                 KURHFS 
  4591.192   23.0051     1.948    -3.655                                 KURHFS 
  4591.192   23.0051     1.948    -4.219                                 KURHFS 
  4591.204 607.01214     3.376    -1.294               7.724          1214Pa0255
  4591.205   23.0051     1.948    -3.400                                 KURHFS 
  4591.205   23.0051     1.948    -3.487                                 KURHFS 
  4591.205   23.0051     1.948    -4.441                                 KURHFS 
  4591.212      25.0     4.657     -1.85                                        
  4591.216      23.0     2.372     -1.35                                        
  4591.220   23.0051     1.948    -3.202                                 KURHFS 
  4591.220   23.0051     1.948    -3.541                                 KURHFS 
  4591.220   23.0051     1.948    -4.851                                 KURHFS 
  4591.238      26.1     2.520     -6.43                                        
  4591.239   23.0051     1.948    -3.038                                 KURHFS 
  4591.239   23.0051     1.948    -3.737                                 KURHFS 
  4591.261   23.0051     1.948    -2.897                                 KURHFS 
  4591.269      25.0     3.761     -5.05                                        
  4591.312   27.0059     0.922    -6.046                                 KURHFS 
  4591.314   27.0059     0.922    -5.761                                 KURHFS 
  4591.314   27.0059     0.922    -6.016                                 KURHFS 
  4591.320   27.0059     0.922    -5.573                                 KURHFS 
  4591.320   27.0059     0.922    -6.016                                 KURHFS 
  4591.320   27.0059     0.922    -6.067                                 KURHFS 
  4591.329   27.0059     0.922    -5.482                                 KURHFS 
  4591.329   27.0059     0.922    -5.628                                 KURHFS 
  4591.329   27.0059     0.922    -6.192                                 KURHFS 
  4591.335      26.0     4.577     -2.17                                        
  4591.340   27.0059     0.922    -5.373                                 KURHFS 
  4591.340   27.0059     0.922    -5.460                                 KURHFS 
  4591.340   27.0059     0.922    -6.414                                 KURHFS 
  4591.354   27.0059     0.922    -5.175                                 KURHFS 
  4591.354   27.0059     0.922    -5.514                                 KURHFS 
  4591.354   27.0059     0.922    -6.824                                 KURHFS 
  4591.365 106.00112     1.598    -9.099               3.464            CX15P055
  4591.370   27.0059     0.922    -5.011                                 KURHFS 
  4591.370   27.0059     0.922    -5.710                                 KURHFS 
  4591.389   27.0059     0.922    -4.870                                 KURHFS 
  4591.391      24.0     0.968     -1.74                                 SOBECK 
  4591.440      62.1     0.543     -2.66                              Lawler06  
  4591.444      27.0     4.110     -2.71                                        
  4591.459      24.0     4.437     -1.93                                        
  4591.480      24.0     3.419     -1.89                                        
  4591.521 106.00112     1.872    -4.579               3.464            AX22P275
  4591.538      26.0     2.756     -6.52                                        
  4591.539      23.0     2.741     -2.16                                        
  4591.570      65.1     1.114     -0.69                              Lawler01  
  4591.600      24.0     4.486     -3.99                                        
  4591.601      22.0     2.406     -1.97                                        
  4591.672      75.0     2.537     -1.25                                        
  4591.675   27.0059     4.046    -3.056                                 KURHFS 
  4591.675   27.0059     4.046    -3.682                                 KURHFS 
  4591.675   27.0059     4.046    -4.547                                 KURHFS 
  4591.713      24.0     3.110     -4.67                                        
  4591.736   27.0059     4.046    -3.272                                 KURHFS 
  4591.736   27.0059     4.046    -3.521                                 KURHFS 
  4591.736   27.0059     4.046    -4.119                                 KURHFS 
  4591.767 607.01214     0.955    -5.784               7.724          0002Qc0435
  4591.781      66.1     2.542      0.08                                        
  4591.785   27.0059     4.046    -3.529                                 KURHFS 
  4591.785   27.0059     4.046    -3.555                                 KURHFS 
  4591.785   27.0059     4.046    -3.869                                 KURHFS 
  4591.790 607.01214     3.386    -1.294               7.724          1214Pb0255
  4591.806   62.1154     0.184    -1.120                              Roe08HFSIS
  4591.812   62.1152     0.184    -1.120                              Roe08HFSIS
  4591.814 106.00112     2.231   -11.767               3.464            CX04P255
  4591.820      56.0     1.142     -1.59                                        
  4591.820   62.1149     0.184    -2.704                              Roe08HFSIS
  4591.822   27.0059     4.046    -3.693                                 KURHFS 
  4591.822   27.0059     4.046    -3.693                                 KURHFS 
  4591.822   27.0059     4.046    -3.994                                 KURHFS 
  4591.823   62.1149     0.184    -2.500                              Roe08HFSIS
  4591.824   62.1147     0.184    -2.704                              Roe08HFSIS
  4591.825   62.1149     0.184    -2.435                              Roe08HFSIS
  4591.825   62.1150     0.184    -1.120                              Roe08HFSIS
  4591.827   62.1147     0.184    -2.500                              Roe08HFSIS
  4591.827   62.1149     0.184    -2.442                              Roe08HFSIS
  4591.828 106.00113     2.001   -12.122               3.464            CX15P175
  4591.829   62.1149     0.184    -2.508                              Roe08HFSIS
  4591.830   62.1147     0.184    -2.435                              Roe08HFSIS
  4591.830   62.1149     0.184    -1.801                              Roe08HFSIS
  4591.831   62.1149     0.184    -1.988                              Roe08HFSIS
  4591.831   62.1149     0.184    -2.646                              Roe08HFSIS
  4591.832   62.1147     0.184    -2.442                              Roe08HFSIS
  4591.832   62.1149     0.184    -2.207                              Roe08HFSIS
  4591.832 106.00113     1.827    -1.955               3.464            AX55P135
  4591.832 106.00113     1.827    -3.797               3.464            AX55Q135
  4591.833   62.1149     0.184    -2.470                              Roe08HFSIS
  4591.833   62.1149     0.184    -2.801                              Roe08HFSIS
  4591.833   62.1149     0.184    -2.926                              Roe08HFSIS
  4591.833 607.01214     0.955    -2.165               7.724          0002Pa0445
  4591.834   62.1147     0.184    -2.508                              Roe08HFSIS
  4591.834   62.1148     0.184    -1.120                              Roe08HFSIS
  4591.834   62.1149     0.184    -3.248                              Roe08HFSIS
  4591.834   62.1149     0.184    -3.947                              Roe08HFSIS
  4591.836   62.1147     0.184    -1.801                              Roe08HFSIS
  4591.836   62.1149     0.184    -2.926                              Roe08HFSIS
  4591.837   62.1147     0.184    -1.988                              Roe08HFSIS
  4591.837   62.1147     0.184    -2.646                              Roe08HFSIS
  4591.837   62.1149     0.184    -2.646                              Roe08HFSIS
  4591.838   62.1149     0.184    -2.508                              Roe08HFSIS
  4591.839   62.1147     0.184    -2.207                              Roe08HFSIS
  4591.839   62.1147     0.184    -2.470                              Roe08HFSIS
  4591.839   62.1147     0.184    -2.926                              Roe08HFSIS
  4591.839   62.1149     0.184    -2.442                              Roe08HFSIS
  4591.840   62.1147     0.184    -2.801                              Roe08HFSIS
  4591.840   62.1147     0.184    -3.248                              Roe08HFSIS
  4591.840   62.1147     0.184    -3.947                              Roe08HFSIS
  4591.840   62.1149     0.184    -2.435                              Roe08HFSIS
  4591.841   62.1149     0.184    -2.500                              Roe08HFSIS
  4591.841   62.1149     0.184    -2.704                              Roe08HFSIS
  4591.842   62.1147     0.184    -2.926                              Roe08HFSIS
  4591.844   62.1147     0.184    -2.646                              Roe08HFSIS
  4591.845   62.1147     0.184    -2.508                              Roe08HFSIS
  4591.847   62.1144     0.184    -1.120                              Roe08HFSIS
  4591.847   62.1147     0.184    -2.442                              Roe08HFSIS
  4591.848   62.1147     0.184    -2.435                              Roe08HFSIS
  4591.849   62.1147     0.184    -2.500                              Roe08HFSIS
  4591.850   62.1147     0.184    -2.704                              Roe08HFSIS
  4591.867 106.00113     1.827    -1.942               3.464            AX55P145
  4591.912 607.01214     0.955    -2.176               7.724          0002Pb0435
  4591.948 106.00112     1.793    -3.723               3.464            AX55Q125
  4591.963 607.01214     0.512    -2.992               7.724          0002Ra0065
  4591.965 106.00112     1.793    -1.976               3.464            AX55P125
  4591.977 106.00112     1.539    -6.352               3.464            AX23R195
  4591.980 607.01214     0.512    -3.054               7.724          0002Rb0055
  4591.990 607.01214     0.512    -5.005               7.724          0002Qd0065
  4591.993      24.0     3.319     -3.26                                        
  4592.012 106.00113     1.145    -2.331               3.464            BX01P215
  4592.023      26.0     5.008     -1.68                                        
  4592.025   23.0051     1.929    -6.031                                 KURHFS 
  4592.025   23.0051     1.929    -6.286                                 KURHFS 
  4592.034   23.0051     1.929    -5.832                                 KURHFS 
  4592.034   23.0051     1.929    -6.031                                 KURHFS 
  4592.034   23.0051     1.929    -7.939                                 KURHFS 
  4592.049   23.0051     1.929    -5.768                                 KURHFS 
  4592.049   23.0051     1.929    -5.832                                 KURHFS 
  4592.049   23.0051     1.929    -6.696                                 KURHFS 
  4592.052      24.1     4.074     -1.30                              Lawler17  
  4592.068   23.0051     1.929    -5.768                                 KURHFS 
  4592.068   23.0051     1.929    -5.799                                 KURHFS 
  4592.068   23.0051     1.929    -5.979                                 KURHFS 
  4592.091 106.00112     1.962    -3.995               3.464            AX55R165
  4592.092   23.0051     1.929    -5.573                                 KURHFS 
  4592.092   23.0051     1.929    -5.799                                 KURHFS 
  4592.092   23.0051     1.929    -5.980                                 KURHFS 
  4592.092 106.00112     1.793    -1.956               3.464            AX55P135
  4592.098      92.1     0.548     -2.24                              Nils02/43%
  4592.099 106.00113     1.145    -6.817               3.464            BX01Q215
  4592.100 106.00112     1.962    -1.631               3.464            AX55Q175
  4592.103 607.01214     3.386    -4.423               7.724          1214Qc0255
  4592.121   23.0051     1.929    -5.281                                 KURHFS 
  4592.121   23.0051     1.929    -5.980                                 KURHFS 
  4592.128 106.00112     2.031    -6.436               3.464            AX12R305
  4592.157 106.00112     1.962    -1.612               3.464            AX55Q165
  4592.167 106.00112     1.962    -3.887               3.464            AX55P175
  4592.176 106.00113     1.145    -2.295               3.464            BX01P225
  4592.202      42.0     3.300     -0.90                                        
  4592.227      13.0     3.140     -3.29                                        
  4592.234 106.00112     2.031    -4.595               3.464            AX12R295
  4592.259 106.00113     2.024    -4.693               3.464            AX11P325
  4592.296      13.0     3.140     -3.59                                        
  4592.302 106.00112     2.031    -5.990               3.464            AX12Q305
  4592.372      22.0     3.106     -1.30                                        
  4592.406      74.0     2.434     -0.60                                        
  4592.406 106.00112     2.116    -4.700               3.464            AX12R315
  4592.425      26.0     4.100     -2.48                                        
  4592.439   23.0051     1.944    -5.146                                 KURHFS 
  4592.443   23.0051     1.944    -5.146                                 KURHFS 
  4592.443   23.0051     1.944    -5.322                                 KURHFS 
  4592.449   23.0051     1.944    -4.982                                 KURHFS 
  4592.449   23.0051     1.944    -5.447                                 KURHFS 
  4592.449   23.0051     1.944    -5.572                                 KURHFS 
  4592.458   23.0051     1.944    -4.974                                 KURHFS 
  4592.458   23.0051     1.944    -5.008                                 KURHFS 
  4592.458   23.0051     1.944    -6.000                                 KURHFS 
  4592.469   23.0051     1.944    -4.725                                 KURHFS 
  4592.469   23.0051     1.944    -5.135                                 KURHFS 
  4592.482   23.0051     1.944    -4.509                                 KURHFS 
  4592.524      44.0     1.316     -1.31                                        
  4592.526      28.0     3.541     -0.36                              Wood14    
  4592.531      24.0     4.452     -0.34                                        
  4592.566      74.0     1.654     -1.50                                        
  4592.568      26.0     4.309     -3.18                                        
  4592.586 106.00112     2.116    -6.171               3.464            AX12Q315
  4592.592   23.0051     1.349    -7.208                                 KURHFS 
  4592.594   23.0051     1.349    -6.923                                 KURHFS 
  4592.594   23.0051     1.349    -7.178                                 KURHFS 
  4592.600   23.0051     1.349    -6.735                                 KURHFS 
  4592.600   23.0051     1.349    -7.178                                 KURHFS 
  4592.600   23.0051     1.349    -7.229                                 KURHFS 
  4592.605 106.00112     0.752    -4.862               3.464            BX12P065
  4592.608   23.0051     1.349    -6.644                                 KURHFS 
  4592.608   23.0051     1.349    -6.790                                 KURHFS 
  4592.608   23.0051     1.349    -7.354                                 KURHFS 
  4592.620   23.0051     1.349    -6.535                                 KURHFS 
  4592.620   23.0051     1.349    -6.622                                 KURHFS 
  4592.620   23.0051     1.349    -7.576                                 KURHFS 
  4592.634   23.0051     1.349    -6.337                                 KURHFS 
  4592.634   23.0051     1.349    -6.676                                 KURHFS 
  4592.634   23.0051     1.349    -7.986                                 KURHFS 
  4592.650   23.0051     1.349    -6.173                                 KURHFS 
  4592.650   23.0051     1.349    -6.872                                 KURHFS 
  4592.651      26.0     1.557     -2.45                              NIST/A    
  4592.666      90.0     1.021     -0.91                                        
  4592.670   23.0051     1.349    -6.032                                 KURHFS 
  4592.680 106.00112     2.116    -6.437               3.464            AX12R305
  4592.681 106.00113     2.109    -4.700               3.464            AX12R315
  4592.774 106.00112     1.368   -11.526               3.464            CX04R075
  4592.792 106.00113     2.024    -6.436               3.464            AX12R305
  4592.838   23.0051     2.136    -6.078                                 KURHFS 
  4592.838   23.0051     2.136    -6.648                                 KURHFS 
  4592.846 106.00112     1.368    -7.921               3.464            CX04Q075
  4592.848   23.0051     2.136    -6.052                                 KURHFS 
  4592.848   23.0051     2.136    -6.427                                 KURHFS 
  4592.848   23.0051     2.136    -6.648                                 KURHFS 
  4592.850 106.00113     2.109    -6.171               3.464            AX12Q315
  4592.861   23.0051     2.136    -5.971                                 KURHFS 
  4592.861   23.0051     2.136    -6.330                                 KURHFS 
  4592.861   23.0051     2.136    -6.427                                 KURHFS 
  4592.864 607.01214     0.935    -5.775               7.724          0002Qc0425
  4592.877   23.0051     2.136    -5.866                                 KURHFS 
  4592.877   23.0051     2.136    -6.295                                 KURHFS 
  4592.877   23.0051     2.136    -6.330                                 KURHFS 
  4592.897   23.0051     2.136    -5.753                                 KURHFS 
  4592.897   23.0051     2.136    -6.295                                 KURHFS 
  4592.897   23.0051     2.136    -6.313                                 KURHFS 
  4592.919   23.0051     2.136    -5.639                                 KURHFS 
  4592.919   23.0051     2.136    -6.313                                 KURHFS 
  4592.919   23.0051     2.136    -6.397                                 KURHFS 
  4592.929 607.01214     0.935    -2.176               7.724          0002Pa0435
  4592.934 106.00113     2.024    -4.595               3.464            AX12R295
  4592.946   23.0051     2.136    -5.528                                 KURHFS 
  4592.946   23.0051     2.136    -6.397                                 KURHFS 
  4592.946   23.0051     2.136    -6.618                                 KURHFS 
  4592.958 106.00113     2.024    -5.990               3.464            AX12Q305
  4592.975   23.0051     2.136    -5.421                                 KURHFS 
  4592.975   23.0051     2.136    -6.618                                 KURHFS 
  4592.986      25.0     5.334     -3.10                                        
  4593.007 607.01214     0.935    -2.188               7.724          0002Pb0425
  4593.030 106.00113     2.109    -6.437               3.464            AX12R305
  4593.049 106.00112     1.368    -7.804               3.464            CX04Q085
  4593.049 607.01214     0.510    -3.054               7.724          0002Ra0055
  4593.065 607.01214     0.510    -3.128               7.724          0002Rb0045
  4593.073 607.01214     0.510    -4.937               7.724          0002Qd0055
  4593.105 106.00112     1.794    -3.746               3.464            AX55Q125
  4593.108      55.0     0.000     -2.00                                        
  4593.120 106.00112     1.368   -10.363               3.464            CX04P085
  4593.122 106.00112     1.794    -1.975               3.464            AX55P125
  4593.178 106.00112     1.794    -1.957               3.464            AX55P135
  4593.306 106.00112     2.032    -4.693               3.464            AX11P325
  4593.336      23.0     2.682     -5.30                                        
  4593.356 106.00113     1.340    -8.051               3.464            CX04Q065
  4593.368      22.0     2.394     -2.43                                        
  4593.373      26.0     4.603     -1.59                                        
  4593.383      22.0     3.291     -3.70                                        
  4593.400      23.1     3.756     -5.45                                        
  4593.452 106.00113     1.340   -10.385               3.464            CX04P075
  4593.524   62.1154     0.378    -0.830                              Roe08HFSIS
  4593.525      26.0     3.943     -2.03                              NIST/E    
  4593.525 106.00113     1.868    -4.654               3.464            AX22P275
  4593.527 106.00112     1.704    -4.484               3.464            AX44P165
  4593.532   62.1152     0.378    -0.830                              Roe08HFSIS
  4593.548   62.1149     0.378    -2.757                              Roe08HFSIS
  4593.549   62.1149     0.378    -2.536                              Roe08HFSIS
  4593.551   62.1149     0.378    -2.452                              Roe08HFSIS
  4593.551   62.1150     0.378    -0.830                              Roe08HFSIS
  4593.552   62.1149     0.378    -2.434                              Roe08HFSIS
  4593.553   62.1149     0.378    -2.469                              Roe08HFSIS
  4593.554   62.1147     0.378    -2.757                              Roe08HFSIS
  4593.555   62.1149     0.378    -2.566                              Roe08HFSIS
  4593.556   62.1147     0.378    -2.536                              Roe08HFSIS
  4593.556   62.1149     0.378    -2.787                              Roe08HFSIS
  4593.557   62.1147     0.378    -2.452                              Roe08HFSIS
  4593.559   62.1147     0.378    -2.434                              Roe08HFSIS
  4593.560   62.1147     0.378    -2.469                              Roe08HFSIS
  4593.560   62.1149     0.378    -1.560                              Roe08HFSIS
  4593.560   62.1149     0.378    -1.667                              Roe08HFSIS
  4593.560   62.1149     0.378    -1.778                              Roe08HFSIS
  4593.560   62.1149     0.378    -1.892                              Roe08HFSIS
  4593.560   62.1149     0.378    -2.005                              Roe08HFSIS
  4593.560   62.1149     0.378    -2.110                              Roe08HFSIS
  4593.560   62.1149     0.378    -2.191                              Roe08HFSIS
  4593.560   62.1149     0.378    -2.217                              Roe08HFSIS
  4593.562   62.1147     0.378    -2.566                              Roe08HFSIS
  4593.563   62.1148     0.378    -0.830                              Roe08HFSIS
  4593.564   62.1147     0.378    -2.787                              Roe08HFSIS
  4593.564   62.1149     0.378    -2.787                              Roe08HFSIS
  4593.565   62.1149     0.378    -2.566                              Roe08HFSIS
  4593.567   62.1149     0.378    -2.469                              Roe08HFSIS
  4593.568   62.1149     0.378    -2.434                              Roe08HFSIS
  4593.569   62.1147     0.378    -1.560                              Roe08HFSIS
  4593.569   62.1147     0.378    -1.667                              Roe08HFSIS
  4593.569   62.1147     0.378    -1.778                              Roe08HFSIS
  4593.569   62.1147     0.378    -1.892                              Roe08HFSIS
  4593.569   62.1147     0.378    -2.005                              Roe08HFSIS
  4593.569   62.1147     0.378    -2.110                              Roe08HFSIS
  4593.569   62.1147     0.378    -2.191                              Roe08HFSIS
  4593.569   62.1147     0.378    -2.217                              Roe08HFSIS
  4593.569   62.1149     0.378    -2.452                              Roe08HFSIS
  4593.569 106.00113     1.340   -11.505               3.464            CX04R065
  4593.571   62.1149     0.378    -2.536                              Roe08HFSIS
  4593.572   62.1149     0.378    -2.757                              Roe08HFSIS
  4593.574   62.1147     0.378    -2.787                              Roe08HFSIS
  4593.575   62.1147     0.378    -2.566                              Roe08HFSIS
  4593.577   62.1147     0.378    -2.469                              Roe08HFSIS
  4593.578 106.00112     2.059   -11.779               3.464            CX15P185
  4593.579   62.1147     0.378    -2.434                              Roe08HFSIS
  4593.580   62.1147     0.378    -2.452                              Roe08HFSIS
  4593.582   62.1144     0.378    -0.830                              Roe08HFSIS
  4593.582   62.1147     0.378    -2.536                              Roe08HFSIS
  4593.583   62.1147     0.378    -2.757                              Roe08HFSIS
  4593.641      42.0     3.300     -1.38                                        
  4593.644      90.0     1.622     -0.73                                        
  4593.647      28.1     4.026     -4.05                                        
  4593.665 106.00113     1.340    -7.923               3.464            CX04Q075
  4593.693      20.0     5.014     -6.83                                        
  4593.717 106.00112     2.051    -4.940               3.464            AX50R365
  4593.827      26.1     2.889     -4.92                                        
  4593.851      24.0     3.320     -2.29                                        
  4593.918 607.01214     0.916    -5.766               7.724          0002Qc0415
  4593.926      58.1     0.696      0.07                              Lawler09  
  4593.934      59.1     0.216     -1.93                                        
  4593.935 106.00112     2.051    -8.740               3.464            AX50Q365
  4593.981 607.01214     0.916    -2.188               7.724          0002Pa0425
  4594.033 106.00112     2.051    -5.347               3.464            AX50R355
  4594.035      63.0     0.000      0.68                                        
  4594.058 607.01214     0.916    -2.200               7.724          0002Pb0415
  4594.080   23.0051     0.069    -1.364                                 LAWLER 
  4594.093 607.01214     0.507    -3.128               7.724          0002Ra0045
  4594.096   23.0051     0.069    -1.448                                 LAWLER 
  4594.106 607.01214     0.507    -3.216               7.724          0002Rb0035
  4594.109   23.0051     0.069    -2.511                                 LAWLER 
  4594.110   23.0051     0.069    -1.538                                 LAWLER 
  4594.113 607.01214     0.507    -4.857               7.724          0002Qd0045
  4594.121   23.0051     0.069    -2.293                                 LAWLER 
  4594.122   23.0051     0.069    -1.634                                 LAWLER 
  4594.123   23.0051     1.194    -6.236                                 KURHFS 
  4594.123   23.0051     1.194    -6.236                                 KURHFS 
  4594.123   23.0051     1.194    -6.537                                 KURHFS 
  4594.127   23.0051     1.194    -6.072                                 KURHFS 
  4594.127   23.0051     1.194    -6.098                                 KURHFS 
  4594.127   23.0051     1.194    -6.412                                 KURHFS 
  4594.132   23.0051     0.069    -2.211                                 LAWLER 
  4594.132   23.0051     1.194    -5.815                                 KURHFS 
  4594.132   23.0051     1.194    -6.064                                 KURHFS 
  4594.132   23.0051     1.194    -6.662                                 KURHFS 
  4594.133   23.0051     0.069    -1.738                                 LAWLER 
  4594.134   23.0051     0.069    -3.961                                 LAWLER 
  4594.139   23.0051     1.194    -5.599                                 KURHFS 
  4594.139   23.0051     1.194    -6.225                                 KURHFS 
  4594.139   23.0051     1.194    -7.090                                 KURHFS 
  4594.141   23.0051     0.069    -2.195                                 LAWLER 
  4594.143   23.0051     0.069    -1.850                                 LAWLER 
  4594.143   23.0051     0.069    -3.574                                 LAWLER 
  4594.149   23.0051     0.069    -2.231                                 LAWLER 
  4594.151   23.0051     0.069    -1.968                                 LAWLER 
  4594.151   23.0051     0.069    -3.384                                 LAWLER 
  4594.155   23.0051     0.069    -2.327                                 LAWLER 
  4594.157   23.0051     0.069    -2.086                                 LAWLER 
  4594.157   23.0051     0.069    -3.304                                 LAWLER 
  4594.160   23.0051     0.069    -2.537                                 LAWLER 
  4594.162   23.0051     0.069    -3.332                                 LAWLER 
  4594.165   23.0051     0.069    -3.536                                 LAWLER 
  4594.236      27.0     4.146     -3.75                                        
  4594.263 106.00113     1.635    -9.345               3.464            CX15P075
  4594.276      25.0     4.426     -3.34                                        
  4594.317   27.0059     0.581    -6.823                                 KURHFS 
  4594.317   27.0059     0.581    -6.887                                 KURHFS 
  4594.318   27.0059     0.581    -6.854                                 KURHFS 
  4594.318   27.0059     0.581    -7.086                                 KURHFS 
  4594.319   27.0059     0.581    -7.035                                 KURHFS 
  4594.324   27.0059     0.581    -7.341                                 KURHFS 
  4594.326   27.0059     0.581    -8.994                                 KURHFS 
  4594.327 106.00113     1.772    -4.609               3.464            AX33P225
  4594.329   27.0059     0.581    -7.751                                 KURHFS 
  4594.333   27.0059     0.581    -7.034                                 KURHFS 
  4594.333   27.0059     0.581    -7.086                                 KURHFS 
  4594.335   23.0051     1.954    -2.497                                 KURHFS 
  4594.337   27.0059     0.581    -6.628                                 KURHFS 
  4594.338   27.0059     0.581    -6.887                                 KURHFS 
  4594.342   23.0051     1.954    -2.379                                 KURHFS 
  4594.342   23.0051     1.954    -2.949                                 KURHFS 
  4594.343   27.0059     0.581    -6.336                                 KURHFS 
  4594.345   27.0059     0.581    -6.823                                 KURHFS 
  4594.353   23.0051     1.954    -2.261                                 KURHFS 
  4594.353   23.0051     1.954    -2.738                                 KURHFS 
  4594.353   23.0051     1.954    -3.949                                 KURHFS 
  4594.353   27.0059     0.581    -6.854                                 KURHFS 
  4594.361   27.0059     0.581    -7.035                                 KURHFS 
  4594.368   23.0051     1.954    -2.149                                 KURHFS 
  4594.368   23.0051     1.954    -2.642                                 KURHFS 
  4594.368   23.0051     1.954    -3.742                                 KURHFS 
  4594.386   23.0051     1.954    -2.045                                 KURHFS 
  4594.386   23.0051     1.954    -2.606                                 KURHFS 
  4594.386   23.0051     1.954    -3.714                                 KURHFS 
  4594.407   23.0051     1.954    -1.949                                 KURHFS 
  4594.407   23.0051     1.954    -2.622                                 KURHFS 
  4594.407   23.0051     1.954    -3.794                                 KURHFS 
  4594.432   23.0051     1.954    -1.859                                 KURHFS 
  4594.432   23.0051     1.954    -2.704                                 KURHFS 
  4594.432   23.0051     1.954    -3.986                                 KURHFS 
  4594.450      60.1     0.204     -1.36                              DenHarto03
  4594.461   23.0051     1.954    -1.775                                 KURHFS 
  4594.461   23.0051     1.954    -2.922                                 KURHFS 
  4594.461   23.0051     1.954    -4.375                                 KURHFS 
  4594.488      22.0     2.343     -1.82                                 LAWLER 
  4594.543   27.0059     3.629    -1.882                                 KURHFS 
  4594.548   27.0059     3.629    -1.602                                 KURHFS 
  4594.548   27.0059     3.629    -1.882                                 KURHFS 
  4594.548   27.0059     3.629    -2.903                                 KURHFS 
  4594.559   27.0059     3.629    -1.464                                 KURHFS 
  4594.559   27.0059     3.629    -1.602                                 KURHFS 
  4594.559   27.0059     3.629    -2.204                                 KURHFS 
  4594.570      62.1     1.374     -0.89                              Lawler06  
  4594.575   27.0059     3.629    -1.398                                 KURHFS 
  4594.575   27.0059     3.629    -1.464                                 KURHFS 
  4594.575   27.0059     3.629    -1.757                                 KURHFS 
  4594.596   27.0059     3.629    -1.391                                 KURHFS 
  4594.596   27.0059     3.629    -1.398                                 KURHFS 
  4594.596   27.0059     3.629    -1.426                                 KURHFS 
  4594.622   27.0059     3.629    -1.163                                 KURHFS 
  4594.622   27.0059     3.629    -1.391                                 KURHFS 
  4594.622   27.0059     3.629    -1.456                                 KURHFS 
  4594.636      20.0     5.045     -4.45                                        
  4594.654   27.0059     3.629    -0.944                                 KURHFS 
  4594.654   27.0059     3.629    -1.456                                 KURHFS 
  4594.654   27.0059     3.629    -1.660                                 KURHFS 
  4594.664      21.0     4.429     -2.82                                        
  4594.691   27.0059     3.629    -0.757                                 KURHFS 
  4594.691   27.0059     3.629    -1.660                                 KURHFS 
  4594.705 106.00112     1.976    -3.890               3.464            AX44Q215
  4594.786 106.00112     1.976    -1.681               3.464            AX44P225
  4594.812 106.00112     1.976    -1.673               3.464            AX44P215
  4594.929 607.01214     0.896    -5.756               7.724          0002Qc0405
  4594.939      26.0     3.271     -7.38                                        
  4594.981      23.0     2.860     -4.15                                        
  4594.991 607.01214     0.896    -2.200               7.724          0002Pa0415
  4595.040      24.0     3.320     -2.50                                        
  4595.044      76.0     3.640      0.14                                        
  4595.066 607.01214     0.896    -2.212               7.724          0002Pb0405
  4595.084      28.0     3.396     -3.81                                        
  4595.089      27.0     4.146     -3.35                                        
  4595.094 607.01214     0.506    -3.216               7.724          0002Ra0035
  4595.105 607.01214     0.506    -3.328               7.724          0002Rb0025
  4595.110      24.0     3.446     -2.87                                        
  4595.111 607.01214     0.506    -4.758               7.724          0002Qd0035
  4595.155      42.0     1.381     -1.74                              NIST/B+   
  4595.200 106.00112     1.694    -4.414               3.464            AX55P095
  4595.207      26.0     3.632     -3.50                                        
  4595.280   62.1154     0.484    -0.500                              Roe08HFSIS
  4595.284   62.1152     0.484    -0.500                              Roe08HFSIS
  4595.285   62.1149     0.484    -2.558                              Roe08HFSIS
  4595.287   62.1147     0.484    -2.558                              Roe08HFSIS
  4595.289   62.1149     0.484    -2.334                              Roe08HFSIS
  4595.291   62.1147     0.484    -2.334                              Roe08HFSIS
  4595.292   62.1149     0.484    -2.246                              Roe08HFSIS
  4595.295   62.1147     0.484    -2.246                              Roe08HFSIS
  4595.295   62.1149     0.484    -2.225                              Roe08HFSIS
  4595.296   62.1149     0.484    -1.248                              Roe08HFSIS
  4595.296   62.1150     0.484    -0.500                              Roe08HFSIS
  4595.298   62.1147     0.484    -2.225                              Roe08HFSIS
  4595.298   62.1149     0.484    -1.335                              Roe08HFSIS
  4595.298   62.1149     0.484    -2.257                              Roe08HFSIS
  4595.300   62.1147     0.484    -1.248                              Roe08HFSIS
  4595.300   62.1149     0.484    -2.352                              Roe08HFSIS
  4595.301   62.1149     0.484    -1.424                              Roe08HFSIS
  4595.302   62.1147     0.484    -1.335                              Roe08HFSIS
  4595.302   62.1147     0.484    -2.257                              Roe08HFSIS
  4595.302   62.1149     0.484    -1.513                              Roe08HFSIS
  4595.302   62.1149     0.484    -2.575                              Roe08HFSIS
  4595.303   62.1148     0.484    -0.500                              Roe08HFSIS
  4595.304   62.1149     0.484    -1.598                              Roe08HFSIS
  4595.305   62.1147     0.484    -1.424                              Roe08HFSIS
  4595.305   62.1147     0.484    -2.352                              Roe08HFSIS
  4595.306   62.1149     0.484    -1.676                              Roe08HFSIS
  4595.307   62.1147     0.484    -1.513                              Roe08HFSIS
  4595.307   62.1149     0.484    -1.737                              Roe08HFSIS
  4595.308   62.1147     0.484    -2.575                              Roe08HFSIS
  4595.308   62.1149     0.484    -1.767                              Roe08HFSIS
  4595.309   62.1149     0.484    -2.558                              Roe08HFSIS
  4595.310   62.1147     0.484    -1.598                              Roe08HFSIS
  4595.310   62.1149     0.484    -2.334                              Roe08HFSIS
  4595.311   62.1147     0.484    -1.676                              Roe08HFSIS
  4595.311   62.1149     0.484    -2.225                              Roe08HFSIS
  4595.311   62.1149     0.484    -2.246                              Roe08HFSIS
  4595.312   62.1149     0.484    -2.257                              Roe08HFSIS
  4595.312   62.1149     0.484    -2.352                              Roe08HFSIS
  4595.312   62.1149     0.484    -2.575                              Roe08HFSIS
  4595.313   62.1147     0.484    -1.737                              Roe08HFSIS
  4595.314   62.1144     0.484    -0.500                              Roe08HFSIS
  4595.314   62.1147     0.484    -1.767                              Roe08HFSIS
  4595.315   62.1147     0.484    -2.558                              Roe08HFSIS
  4595.316   62.1147     0.484    -2.334                              Roe08HFSIS
  4595.318   62.1147     0.484    -2.246                              Roe08HFSIS
  4595.319   62.1147     0.484    -2.225                              Roe08HFSIS
  4595.319   62.1147     0.484    -2.257                              Roe08HFSIS
  4595.319   62.1147     0.484    -2.352                              Roe08HFSIS
  4595.319   62.1147     0.484    -2.575                              Roe08HFSIS
  4595.358      26.0     3.301     -1.73                              Belmonte17
  4595.362      26.0     4.952     -2.48                                        
  4595.421      90.0     0.457     -1.29                                        
  4595.435      26.0     3.412     -4.06                                        
  4595.448      22.1     5.008     -2.72                                        
  4595.457 106.00112     1.705    -4.532               3.464            AX44P165
  4595.503      27.0     4.107     -3.62                                        
  4595.506      24.0     3.011     -3.61                                        
  4595.542 106.00112     1.265   -10.720               3.464            CX04R015
  4595.556      24.0     2.542     -8.28                                        
  4595.590      24.0     4.183      0.29                                        
  4595.682      26.1     2.853     -4.25                                        
  4595.683 106.00113     0.894    -5.559               3.464            BX01P175
  4595.704 106.00112     1.150    -2.330               3.464            BX01P215
  4595.736      20.0     5.041     -4.02                                        
  4595.738      26.0     4.555     -2.23                                        
  4595.793 106.00112     1.150    -6.816               3.464            BX01Q215
  4595.829 106.00113     1.953   -11.078               3.464            CX15P165
  4595.845 106.00113     2.111    -4.622               3.464            AX11P335
  4595.875      59.1     0.633     -1.52                                        
  4595.881 106.00112     1.150    -2.294               3.464            BX01P225
  4595.897 607.01214     0.878    -5.746               7.724          0002Qc0395
  4595.925 106.00112     1.694    -4.443               3.464            AX55P095
  4595.942      28.0     3.417     -1.64                                        
  4595.957 607.01214     0.878    -2.212               7.724          0002Pa0405
  4595.991 106.00112     1.780    -4.545               3.464            AX33P225
  4596.008      26.1     6.226     -1.96                                 NIST/D+
  4596.023 106.00112     1.279    -9.509               3.464            CX04R025
  4596.031 607.01214     0.878    -2.224               7.724          0002Pb0395
  4596.042 106.00112     1.875    -4.653               3.464            AX22P275
  4596.045   27.0059     3.277    -4.796                                 KURHFS 
  4596.045   27.0059     3.277    -5.051                                 KURHFS 
  4596.045   27.0059     3.277    -5.081                                 KURHFS 
  4596.051   27.0059     3.277    -4.608                                 KURHFS 
  4596.051   27.0059     3.277    -4.663                                 KURHFS 
  4596.051   27.0059     3.277    -5.051                                 KURHFS 
  4596.053 607.01214     0.504    -3.328               7.724          0002Ra0025
  4596.060   27.0059     3.277    -4.408                                 KURHFS 
  4596.060   27.0059     3.277    -4.517                                 KURHFS 
  4596.060   27.0059     3.277    -5.102                                 KURHFS 
  4596.061      26.0     3.603     -1.37                              NIST/C+   
  4596.062 607.01214     0.504    -3.483               7.724          0002Rb0015
  4596.065 607.01214     0.504    -4.627               7.724          0002Qd0025
  4596.073   27.0059     3.277    -4.210                                 KURHFS 
  4596.073   27.0059     3.277    -4.495                                 KURHFS 
  4596.073   27.0059     3.277    -5.227                                 KURHFS 
  4596.088   27.0059     3.277    -4.046                                 KURHFS 
  4596.088   27.0059     3.277    -4.549                                 KURHFS 
  4596.088   27.0059     3.277    -5.449                                 KURHFS 
  4596.099      22.0     2.479     -2.35                                        
  4596.106   27.0059     3.277    -3.905                                 KURHFS 
  4596.106   27.0059     3.277    -4.745                                 KURHFS 
  4596.106   27.0059     3.277    -5.859                                 KURHFS 
  4596.117      22.0     3.145     -3.49                                        
  4596.132      24.0     2.543     -7.81                                        
  4596.176   23.0051     1.948    -3.556                                 KURHFS 
  4596.179   23.0051     1.948    -3.276                                 KURHFS 
  4596.179   23.0051     1.948    -3.556                                 KURHFS 
  4596.179   23.0051     1.948    -4.577                                 KURHFS 
  4596.185   23.0051     1.948    -3.138                                 KURHFS 
  4596.185   23.0051     1.948    -3.276                                 KURHFS 
  4596.185   23.0051     1.948    -3.878                                 KURHFS 
  4596.189      24.0     2.543     -6.80                                        
  4596.195   23.0051     1.948    -3.072                                 KURHFS 
  4596.195   23.0051     1.948    -3.138                                 KURHFS 
  4596.195   23.0051     1.948    -3.431                                 KURHFS 
  4596.207   23.0051     1.948    -3.065                                 KURHFS 
  4596.207   23.0051     1.948    -3.072                                 KURHFS 
  4596.207   23.0051     1.948    -3.100                                 KURHFS 
  4596.223   23.0051     1.948    -2.837                                 KURHFS 
  4596.223   23.0051     1.948    -3.065                                 KURHFS 
  4596.223   23.0051     1.948    -3.130                                 KURHFS 
  4596.242   23.0051     1.948    -2.618                                 KURHFS 
  4596.242   23.0051     1.948    -3.130                                 KURHFS 
  4596.242   23.0051     1.948    -3.334                                 KURHFS 
  4596.264   23.0051     1.948    -2.431                                 KURHFS 
  4596.264   23.0051     1.948    -3.334                                 KURHFS 
  4596.354      26.1     7.123     -4.23                                        
  4596.371      24.0     4.096     -1.25                                        
  4596.375      23.1     3.796     -1.55                                        
  4596.383      28.0     4.086     -0.70                                        
  4596.394      24.0     3.432     -1.86                                        
  4596.416      26.0     3.654     -2.28                              NIST/E    
  4596.469      26.0     4.412     -4.13                                        
  4596.527      39.0     2.121     -0.32                                        
  4596.532      20.0     5.014     -7.34                                        
  4596.561      24.0     4.436     -1.39                                        
  4596.575      26.0     3.234     -3.90                                        
  4596.626      69.0     2.182      0.20                                        
  4596.682      25.0     5.345     -3.31                                        
  4596.691 106.00112     1.279    -9.345               3.464            CX04R035
  4596.728      44.0     2.906     -0.13                                        
  4596.730 106.00112     1.279   -11.243               3.464            CX04Q035
  4596.743      20.0     4.776     -2.93                                        
  4596.743      62.0     0.036     -0.67                                        
  4596.745      68.0     0.954     -0.64                                        
  4596.746 106.00112     1.657   -11.836               3.464            CX04Q155
  4596.775 106.00112     1.657    -7.081               3.464            CX04P165
  4596.808   27.0059     3.629    -1.820                                 KURHFS 
  4596.813   27.0059     3.629    -1.535                                 KURHFS 
  4596.813   27.0059     3.629    -1.790                                 KURHFS 
  4596.817 106.00112     1.618    -9.226               3.464            CX15P065
  4596.821 607.01214     0.860    -5.736               7.724          0002Qc0385
  4596.824   27.0059     3.629    -1.347                                 KURHFS 
  4596.824   27.0059     3.629    -1.790                                 KURHFS 
  4596.824   27.0059     3.629    -1.841                                 KURHFS 
  4596.834 106.00113     1.720    -4.448               3.464            AX55P105
  4596.839   27.0059     3.629    -1.256                                 KURHFS 
  4596.839   27.0059     3.629    -1.402                                 KURHFS 
  4596.839   27.0059     3.629    -1.966                                 KURHFS 
  4596.849      23.0     2.503     -5.65                                        
  4596.861   27.0059     3.629    -1.147                                 KURHFS 
  4596.861   27.0059     3.629    -1.234                                 KURHFS 
  4596.861   27.0059     3.629    -2.188                                 KURHFS 
  4596.868 106.00112     1.657    -7.107               3.464            CX04P155
  4596.880 607.01214     0.860    -2.225               7.724          0002Pa0395
  4596.884 106.00112     2.034    -6.436               3.464            AX12R305
  4596.887   27.0059     3.629    -0.949                                 KURHFS 
  4596.887   27.0059     3.629    -1.288                                 KURHFS 
  4596.887   27.0059     3.629    -2.598                                 KURHFS 
  4596.892 106.00112     2.119    -4.621               3.464            AX11P335
  4596.900      26.0     4.581     -2.12                                        
  4596.914      24.0     3.090     -5.77                                        
  4596.918      26.0     4.383     -3.95                                        
  4596.919   27.0059     3.629    -0.785                                 KURHFS 
  4596.919   27.0059     3.629    -1.484                                 KURHFS 
  4596.928      58.1     0.811     -1.53                              Lawler09  
  4596.929      28.0     3.603     -3.65                                        
  4596.935      59.1     1.478     -0.32                                        
  4596.952 607.01214     0.860    -2.237               7.724          0002Pb0385
  4596.956   27.0059     3.629    -0.644                                 KURHFS 
  4596.968 607.01214     0.503    -3.483               7.724          0002Ra0015
  4596.975 607.01214     0.503    -3.738               7.724          0002Rb0005
  4596.977 607.01214     0.503    -4.436               7.724          0002Qd0015
  4596.980      64.1     0.522     -0.99                              DenHarto06
  4596.994      26.0     3.265     -3.50                                        
  4597.010      60.1     0.204     -1.15                              DenHarto03
  4597.018 106.00112     1.521    -3.391               3.464            AX01R275
  4597.058      26.0     0.989     -4.81                                        
  4597.061 106.00112     2.034    -5.945               3.464            AX12Q305
  4597.062 106.00113     1.138    -6.028               3.464            AX12R175
  4597.076 607.01214     3.592    -1.267               7.724          1315Rb0255
  4597.081 106.00113     2.027    -6.436               3.464            AX12R305
  4597.091 106.00113     1.216    -5.874               3.464            BX11P225
  4597.137 106.00112     1.520    -3.336               3.464            AX01R265
  4597.152 106.00112     2.034    -4.595               3.464            AX12R295
  4597.157      76.0     1.410     -1.93                                        
  4597.158      58.1     1.347     -0.65                                        
  4597.211 106.00112     1.521    -5.517               3.464            AX01Q275
  4597.235 106.00113     1.513    -3.391               3.464            AX01R275
  4597.247 106.00113     2.027    -5.945               3.464            AX12Q305
  4597.263 106.00112     1.143    -6.028               3.464            AX12R175
  4597.269      22.0     3.348     -2.62                                        
  4597.300      22.0     2.493     -2.83                                        
  4597.327 607.01214     3.581    -1.268               7.724          1315Ra0255
  4597.364 106.00113     1.513    -3.336               3.464            AX01R265
  4597.382      26.0     4.555     -1.44                                        
  4597.395 607.01214     3.581    -1.285               7.724          1315Rb0245
  4597.407 106.00113     1.513    -5.517               3.464            AX01Q275
  4597.414 607.01214     3.581    -4.401               7.724          1315Qd0255
  4597.417 106.00113     2.027    -4.595               3.464            AX12R295
  4597.448      26.0     4.635     -3.02                                        
  4597.580   27.0059     4.055    -3.622                                 KURHFS 
  4597.586   27.0059     4.055    -3.342                                 KURHFS 
  4597.586   27.0059     4.055    -3.622                                 KURHFS 
  4597.586   27.0059     4.055    -4.643                                 KURHFS 
  4597.595 106.00112     1.978    -1.681               3.464            AX44P225
  4597.599   27.0059     4.055    -3.204                                 KURHFS 
  4597.599   27.0059     4.055    -3.342                                 KURHFS 
  4597.599   27.0059     4.055    -3.944                                 KURHFS 
  4597.600      26.0     2.690     -6.71                                        
  4597.619   27.0059     4.055    -3.138                                 KURHFS 
  4597.619   27.0059     4.055    -3.204                                 KURHFS 
  4597.619   27.0059     4.055    -3.497                                 KURHFS 
  4597.635 106.00112     1.978    -3.927               3.464            AX44Q215
  4597.635 106.00113     1.288    -5.292               3.464            BX11P245
  4597.644   27.0059     4.055    -3.131                                 KURHFS 
  4597.644   27.0059     4.055    -3.138                                 KURHFS 
  4597.644   27.0059     4.055    -3.166                                 KURHFS 
  4597.646      28.0     3.396     -2.94                                        
  4597.659 106.00113     1.266    -9.753               3.464            CX04R015
  4597.661 607.01214     3.571    -1.285               7.724          1315Ra0245
  4597.677   27.0059     4.055    -2.903                                 KURHFS 
  4597.677   27.0059     4.055    -3.131                                 KURHFS 
  4597.677   27.0059     4.055    -3.196                                 KURHFS 
  4597.681 106.00113     1.288    -1.465               3.464            BX11Q235
  4597.682 106.00113     1.720    -4.479               3.464            AX55P105
  4597.701 607.01214     0.842    -5.726               7.724          0002Qc0375
  4597.706 106.00112     1.951    -4.594               3.464            AX12R295
  4597.716   27.0059     4.055    -2.684                                 KURHFS 
  4597.716   27.0059     4.055    -3.196                                 KURHFS 
  4597.716   27.0059     4.055    -3.400                                 KURHFS 
  4597.733 607.01214     3.571    -1.302               7.724          1315Rb0235
  4597.743 106.00112     1.978    -1.673               3.464            AX44P215
  4597.748      26.0     4.604     -4.12                                        
  4597.751 106.00113     1.288    -0.897               3.464            BX11Q245
  4597.751 607.01214     3.571    -4.384               7.724          1315Qd0245
  4597.759 607.01214     0.842    -2.237               7.724          0002Pa0385
  4597.761   27.0059     4.055    -2.497                                 KURHFS 
  4597.761   27.0059     4.055    -3.400                                 KURHFS 
  4597.790      25.1     5.563     -4.26                                        
  4597.797 106.00113     1.288    -4.504               3.464            BX11R235
  4597.798      26.0     4.581     -3.19                                        
  4597.802      23.0     2.721     -3.13                                        
  4597.807 106.00112     1.951    -4.099               3.464            AX12R285
  4597.830 607.01214     0.842    -2.250               7.724          0002Pb0375
  4597.841 607.01214     0.503    -3.738               7.724          0002Ra0005
  4597.846 607.01214     0.503    -4.038               7.724          0002Qd0005
  4597.849      24.0     4.437     -2.97                                        
  4597.872      26.0     4.431     -3.07                                        
  4597.876 106.00112     1.951    -5.824               3.464            AX12Q295
  4597.879      42.0     3.731     -0.68                                        
  4597.910      64.1     0.601     -0.83                              DenHarto06
  4597.919      23.1     6.291     -4.36                                        
  4597.939      26.1     5.566     -4.39                                        
  4597.946 106.00113     1.660    -9.458               3.464            CX15P085
  4598.014 607.01214     3.562    -1.302               7.724          1315Ra0235
  4598.039      25.1     7.376     -3.68                                        
  4598.065      58.1     1.106     -0.41                                BIEMONT 
  4598.090 607.01214     3.562    -1.321               7.724          1315Rb0225
  4598.107 607.01214     3.562    -4.367               7.724          1315Qd0235
  4598.117      26.0     3.281     -1.57                                        
  4598.118      68.0     0.889     -0.48                                        
  4598.163      22.0     2.493     -1.91                                        
  4598.186      26.0     3.249     -5.74                                        
  4598.207 106.00113     1.944    -4.594               3.464            AX12R295
  4598.225      42.0     3.455     -0.85                              NIST/B    
  4598.274      62.0     0.185     -1.34                                        
  4598.324      26.0     0.957     -4.16                                        
  4598.335      28.0     3.594     -2.80                                        
  4598.341 106.00113     1.944    -4.099               3.464            AX12R285
  4598.346 106.00113     1.477    -6.296               3.464            AX23R185
  4598.350      62.1     0.333     -1.43                              Lawler06  
  4598.356      70.1     3.962     -0.62                                        
  4598.367      26.0     3.940     -4.03                                        
  4598.370 106.00113     1.944    -5.824               3.464            AX12Q295
  4598.386 607.01214     3.553    -1.321               7.724          1315Ra0225
  4598.388 106.00113     0.949    -2.174               3.464            BX12Q125
  4598.421 106.00112     2.009   -12.121               3.464            CX15P175
  4598.432      24.0     3.110     -1.57                                        
  4598.452 106.00113     0.949    -5.432               3.464            BX12R125
  4598.465 607.01214     3.553    -1.340               7.724          1315Rb0215
  4598.477 106.00113     0.949    -5.470               3.464            BX12P135
  4598.482 607.01214     3.553    -4.349               7.724          1315Qd0225
  4598.487      23.1     3.325     -3.95                                        
  4598.505      24.0     5.068     -0.99                                        
  4598.511      21.0     4.429     -1.44                                        
  4598.538 607.01214     0.825    -5.715               7.724          0002Qc0365
  4598.541 106.00113     0.949    -2.155               3.464            BX12Q135
  4598.594 607.01214     0.825    -2.250               7.724          0002Pa0375
  4598.600      24.0     3.887     -2.63                                        
  4598.648 106.00113     1.266   -11.070               3.464            CX04Q025
  4598.663 607.01214     0.825    -2.263               7.724          0002Pb0365
  4598.720      28.1     4.029     -4.00                                        
  4598.727      26.0     4.581     -1.61                                        
  4598.744 106.00113     1.266    -9.501               3.464            CX04R025
  4598.745      26.0     3.651     -2.66                                        
  4598.776 607.01214     3.544    -1.340               7.724          1315Ra0215
  4598.803      72.0     0.000     -1.49                                        
  4598.857 607.01214     3.544    -1.360               7.724          1315Rb0205
  4598.873 607.01214     3.544    -4.330               7.724          1315Qd0215
  4598.897      64.0     0.880      0.20                                        
  4598.913 106.00113     1.606    -7.150               3.464            CX04P145
  4598.918 106.00113     1.605    -7.110               3.464            CX04P155
  4598.959      25.0     4.682     -3.48                                        
  4598.969      22.0     2.331     -0.96                                        
  4598.999      24.0     3.090     -1.62                                        
  4599.017      69.0     0.000     -1.70                                        
  4599.019 106.00113     1.140    -5.976               3.464            AX12R175
  4599.030      58.1     0.740     -1.65                                        
  4599.056 106.00113     1.908   -10.633               3.464            CX15P155
  4599.093      44.0     1.320     -0.97                                        
  4599.097 106.00112     0.898    -5.558               3.464            BX01P175
  4599.156      42.0     2.521     -1.42                                        
  4599.183 607.01214     3.535    -1.360               7.724          1315Ra0205
  4599.192 106.00113     2.155   -11.080               3.464            CX04P245
  4599.254      24.0     3.090     -2.41                                        
  4599.263 106.00112     1.144    -5.976               3.464            AX12R175
  4599.264      24.0     2.542     -9.62                                        
  4599.267 607.01214     3.535    -1.381               7.724          1315Rb0195
  4599.268   23.0051     1.868    -4.362                                 KURHFS 
  4599.268   23.0051     1.868    -4.383                                 KURHFS 
  4599.268   23.0051     1.868    -4.508                                 KURHFS 
  4599.270 106.00112     1.782    -4.608               3.464            AX33P225
  4599.282 607.01214     3.535    -4.310               7.724          1315Qd0205
  4599.309   23.0051     1.868    -4.041                                 KURHFS 
  4599.309   23.0051     1.868    -4.362                                 KURHFS 
  4599.309   23.0051     1.868    -4.839                                 KURHFS 
  4599.331 607.01214     0.808    -5.704               7.724          0002Qc0355
  4599.349      24.0     4.398     -1.37                                        
  4599.370 106.00113     1.606   -11.809               3.464            CX04Q145
  4599.386 607.01214     0.808    -2.263               7.724          0002Pa0365
  4599.445 106.00113     2.155   -10.663               3.464            CX05R215
  4599.454 607.01214     0.808    -2.277               7.724          0002Pb0355
  4599.455 607.01214     0.503    -4.038               7.724          0002Qc0005
  4599.457 607.01214     0.503    -3.736               7.724          0002Pa0015
  4599.465      41.0     1.169     -1.71                                        
  4599.608 607.01214     3.527    -1.381               7.724          1315Ra0195
  4599.657 106.00113     1.319    -8.192               3.464            CX04Q055
  4599.692 607.01214     3.527    -1.403               7.724          1315Rb0185
  4599.704      22.0     2.504     -4.25                                        
  4599.706 607.01214     3.527    -4.289               7.724          1315Qd0195
  4599.718 106.00113     1.307    -0.070               3.464            BX10P275
  4599.740      26.0     3.299     -4.59                                        
  4599.762      56.0     1.566     -0.50                                        
  4599.837 106.00113     1.319   -10.404               3.464            CX04P065
  4599.840 106.00113     1.319   -11.472               3.464            CX04R055
  4599.841      26.0     4.309     -2.33                                        
  4599.848 106.00113     1.307    -4.294               3.464            BX10Q275
  4599.857      22.0     2.470     -3.45                                        
  4599.861 106.00113     0.835    -2.528               3.464            BX12P095
  4599.896 106.00113     1.307     0.317               3.464            BX10P285
  4599.906 106.00113     0.835    -7.067               3.464            BX12Q095
  4599.934   27.0059     4.061    -4.975                                 KURHFS 
  4599.934   27.0059     4.061    -5.230                                 KURHFS 
  4599.934   27.0059     4.061    -5.260                                 KURHFS 
  4599.949   27.0059     4.061    -4.787                                 KURHFS 
  4599.949   27.0059     4.061    -4.842                                 KURHFS 
  4599.949   27.0059     4.061    -5.230                                 KURHFS 
  4599.960      74.0     3.068      0.31                                        
  4599.971   27.0059     4.061    -4.587                                 KURHFS 
  4599.971   27.0059     4.061    -4.696                                 KURHFS 
  4599.971   27.0059     4.061    -5.281                                 KURHFS 
  4600.001      24.0     2.542     -8.44                                        
  4600.001   27.0059     4.061    -4.389                                 KURHFS 
  4600.001   27.0059     4.061    -4.674                                 KURHFS 
  4600.001   27.0059     4.061    -5.406                                 KURHFS 
  4600.020 106.00113     1.319    -8.052               3.464            CX04Q065
  4600.026      25.0     4.675     -1.93                                        
  4600.028 106.00112     1.344   -11.503               3.464            CX04R065
  4600.038   27.0059     4.061    -4.225                                 KURHFS 
  4600.038   27.0059     4.061    -4.728                                 KURHFS 
  4600.038   27.0059     4.061    -5.628                                 KURHFS 
  4600.049 607.01214     3.520    -1.403               7.724          1315Ra0185
  4600.069      20.0     4.760     -1.84                                        
  4600.081 607.01214     0.791    -5.693               7.724          0002Qc0345
  4600.082   27.0059     4.061    -4.084                                 KURHFS 
  4600.082   27.0059     4.061    -4.924                                 KURHFS 
  4600.082   27.0059     4.061    -6.038                                 KURHFS 
  4600.092 106.00112     1.344    -8.050               3.464            CX04Q065
  4600.096      24.0     2.542     -1.18                                        
  4600.133 607.01214     3.520    -1.426               7.724          1315Rb0175
  4600.134 607.01214     0.791    -2.277               7.724          0002Pa0355
  4600.146 106.00113     0.835    -2.498               3.464            BX12P105
  4600.147 607.01214     3.520    -4.267               7.724          1315Qd0185
  4600.174 106.00112     1.483    -6.295               3.464            AX23R185
  4600.176      23.1     2.263     -1.86                                        
  4600.195 607.01214     0.504    -4.436               7.724          0002Qc0015
  4600.199 607.01214     0.504    -3.480               7.724          0002Pa0025
  4600.200 607.01214     0.504    -3.736               7.724          0002Pb0015
  4600.200 607.01214     0.791    -2.291               7.724          0002Pb0345
  4600.206      41.0     1.549     -0.73                                        
  4600.267      22.1     1.242     -3.62                                        
  4600.299      27.0     4.110     -3.69                                        
  4600.344 106.00112     1.345    -7.921               3.464            CX04Q075
  4600.355      28.0     3.594     -0.61                                        
  4600.364      23.1     6.096     -3.61                                        
  4600.408 106.00112     1.345   -10.384               3.464            CX04P075
  4600.428      74.0     2.265     -1.13                                        
  4600.506 607.01214     3.513    -1.426               7.724          1315Ra0175
  4600.578      24.0     2.543     -7.79                                        
  4600.590 607.01214     3.513    -1.450               7.724          1315Rb0165
  4600.595      22.0     2.332     -1.08                                        
  4600.595      26.0     4.648     -2.03                                        
  4600.602 607.01214     3.513    -4.244               7.724          1315Qd0175
  4600.716 106.00113     1.478    -6.242               3.464            AX23R185
  4600.739 106.00113     1.688    -9.572               3.464            CX15P095
  4600.749      24.0     1.003     -1.25                                 SOBECK 
  4600.787 607.01214     0.775    -5.681               7.724          0002Qc0335
  4600.791      24.0     2.965     -2.35                                        
  4600.838 607.01214     0.775    -2.291               7.724          0002Pa0345
  4600.891 607.01214     0.506    -4.628               7.724          0002Qc0025
  4600.897 607.01214     0.506    -3.325               7.724          0002Pa0035
  4600.900 607.01214     0.506    -3.480               7.724          0002Pb0025
  4600.903 607.01214     0.775    -2.305               7.724          0002Pb0335
  4600.934      26.0     3.237     -2.56                              NIST/C    
  4600.978 607.01214     3.506    -1.450               7.724          1315Ra0165
