a line list in the range:    5728.00   5742.00
  5728.006 607.01314     2.664    -2.826               7.724          1911Qd0235
  5728.049      24.1     3.754     -6.95                                        
  5728.056 607.01314     0.104    -3.543               7.724          0500Pb0205
  5728.135 607.01214     1.235    -3.238               7.724          1105Rb0025
  5728.142 607.01214     1.235    -3.070               7.724          1105Qd0035
  5728.160 607.01214     1.234    -3.411               7.724          1105Rb0015
  5728.166 607.01214     1.234    -3.159               7.724          1105Qd0025
  5728.179      22.0     2.091     -5.57                                        
  5728.182 607.01214     0.421    -3.145               7.724          0500Rb0415
  5728.187 607.01214     1.595    -3.066               7.724          0600Qa0835
  5728.218 106.00113     1.302    -4.534               3.464            BX14R045
  5728.249 607.01314     2.602    -2.519               7.724          1911Pb0145
  5728.258 607.01314     1.877    -3.257               7.724          1407Pc0305
  5728.274 607.01214     1.237    -3.108               7.724          1105Rb0035
  5728.283 607.01214     0.421    -4.273               7.724          0500Qd0425
  5728.284 607.01214     1.237    -3.006               7.724          1105Qd0045
  5728.297      22.0     3.137     -1.96                                        
  5728.349 607.01214     1.233    -3.687               7.724          1105Rb0005
  5728.352 607.01214     1.233    -3.289               7.724          1105Qd0015
  5728.359 607.01214     2.798    -2.107               7.724          1911Rb0295
  5728.415 607.01314     2.575    -3.240               7.724          1911Pc0095
  5728.491   27.0059     3.629    -6.718                                 KURHFS 
  5728.494 607.01214     2.015    -2.795               7.724          1508Qc0185
  5728.509   27.0059     3.629    -6.308                                 KURHFS 
  5728.526   27.0059     3.629    -6.086                                 KURHFS 
  5728.532 607.01214     0.294    -4.461               7.724          0500Rc0345
  5728.533 607.01214     2.015    -2.337               7.724          1508Pa0195
  5728.541   27.0059     3.629    -5.604                                 KURHFS 
  5728.541   27.0059     3.629    -5.961                                 KURHFS 
  5728.551   27.0059     3.629    -5.408                                 KURHFS 
  5728.554   27.0059     3.629    -5.910                                 KURHFS 
  5728.559   27.0059     3.629    -5.354                                 KURHFS 
  5728.561 607.01214     1.309    -3.212               7.724          1105Rd0185
  5728.565   27.0059     3.629    -5.376                                 KURHFS 
  5728.565   27.0059     3.629    -5.940                                 KURHFS 
  5728.570   27.0059     3.629    -5.467                                 KURHFS 
  5728.574   27.0059     3.629    -5.655                                 KURHFS 
  5728.578 607.01214     1.239    -3.003               7.724          1105Rb0045
  5728.590   27.0059     3.629    -5.910                                 KURHFS 
  5728.590 607.01214     1.239    -2.959               7.724          1105Qd0055
  5728.595   27.0059     3.629    -5.522                                 KURHFS 
  5728.597 607.01214     1.379    -2.082               7.724          1004Ra0415
  5728.598   27.0059     3.629    -5.267                                 KURHFS 
  5728.599   27.0059     3.629    -4.764                                 KURHFS 
  5728.600   27.0059     3.629    -4.905                                 KURHFS 
  5728.600   27.0059     3.629    -5.069                                 KURHFS 
  5728.617 607.01214     0.294    -2.953               7.724          0500Qa0355
  5728.624 607.01214     1.414    -3.460               7.724          0600Pb0775
  5728.668 607.01314     1.958    -2.285               7.724          1508Ra0175
  5728.702 607.01214     1.233    -3.455               7.724          1105Qd0005
  5728.745      26.1     3.195     -9.81                                        
  5728.756      42.0     3.198     -1.38                              NIST/C+   
  5728.771 607.01214     1.494    -2.131               7.724          0903Ra0575
  5728.832 607.01314     0.146    -4.337               7.724          0500Rc0245
  5728.890      39.1     1.839     -1.15                              Biemont11 
  5728.890 607.01314     0.146    -3.096               7.724          0500Qa0255
  5728.898 106.00113     1.303    -7.317               3.464            BX14Q055
  5728.946 106.00113     1.303    -4.408               3.464            BX14R055
  5729.013 607.01214     1.292    -1.887               7.724          1004Qb0355
  5729.035 607.01214     0.253    -4.449               7.724          0601Rd0005
  5729.050 607.01214     1.242    -2.915               7.724          1105Rb0055
  5729.064 607.01214     1.242    -2.923               7.724          1105Qd0065
  5729.095 607.01214     1.292    -3.412               7.724          1004Pd0365
  5729.156 607.01314     0.385    -4.568               7.724          0500Rd0415
  5729.185      41.0     0.197     -1.53                                        
  5729.198 106.00112     0.838    -6.958               3.464            AX02P095
  5729.204 607.01314     1.922    -2.653               7.724          1508Pb0105
  5729.206      24.0     3.842     -1.06                                        
  5729.251      39.0     2.002     -1.18                                        
  5729.272      60.0     0.293     -0.18                                        
  5729.294 607.01314     0.251    -3.246               7.724          0500Rb0325
  5729.313      62.0     1.413     -0.57                                        
  5729.319      28.0     5.000     -2.80                                        
  5729.339      58.0     0.646     -1.07                                        
  5729.342 607.01314     0.236    -3.239               7.724          0500Ra0325
  5729.370 607.01314     0.251    -4.163               7.724          0500Qd0335
  5729.371 106.00113     1.570    -7.032               3.464            AX02P235
  5729.396 607.01314     1.922    -2.981               7.724          1508Rc0105
  5729.399 607.01214     0.350    -3.859               7.724          0601Rd0205
  5729.410 112.00124     0.745    -4.061               1.340           13R119b24
  5729.418 607.01314     1.922    -2.257               7.724          1508Qa0115
  5729.424      58.0     1.054     -0.77                                        
  5729.438      25.0     4.675     -2.99                                        
  5729.445      42.0     2.495     -2.24                              NIST/B+   
  5729.459 607.01214     1.992    -3.156               7.724          1508Pc0155
  5729.488 106.00113     1.420    -4.022               3.464            BX14R095
  5729.539 607.01314     2.728    -3.206               7.724          1911Rd0295
  5729.572      42.0     3.733     -0.98                              NIST/B    
  5729.611   25.0055     3.376    -4.311                                 KURHFS 
  5729.627   25.0055     3.376    -4.523                                 KURHFS 
  5729.627   25.0055     3.376    -5.000                                 KURHFS 
  5729.640   25.0055     3.376    -4.796                                 KURHFS 
  5729.640   25.0055     3.376    -4.854                                 KURHFS 
  5729.640   25.0055     3.376    -5.954                                 KURHFS 
  5729.650   25.0055     3.376    -4.875                                 KURHFS 
  5729.650   25.0055     3.376    -5.206                                 KURHFS 
  5729.650   25.0055     3.376    -5.574                                 KURHFS 
  5729.657   25.0055     3.376    -5.030                                 KURHFS 
  5729.657   25.0055     3.376    -5.398                                 KURHFS 
  5729.660      22.0     3.184     -1.81                                        
  5729.660   25.0055     3.376    -5.352                                 KURHFS 
  5729.676 106.00113     2.402    -4.828               3.464            AX03Q325
  5729.684 106.00113     2.402    -8.149               3.464            AX03R315
  5729.689 607.01214     1.245    -2.838               7.724          1105Rb0065
  5729.703 607.01314     2.590    -2.792               7.724          1911Qc0125
  5729.705 607.01214     1.245    -2.897               7.724          1105Qd0075
  5729.736      27.0     5.107     -4.27                                        
  5729.738 607.01314     1.906    -2.862               7.724          1508Qc0065
  5729.739 607.01314     2.590    -2.595               7.724          1911Pa0135
  5729.751 607.01314     1.906    -2.925               7.724          1508Pa0075
  5729.759 607.01314     1.982    -2.253               7.724          1508Rb0195
  5729.781 607.01214     2.709    -2.309               7.724          1911Pb0215
  5729.792      26.1     6.802     -3.53                                        
  5729.799 607.01314     1.982    -2.766               7.724          1508Qd0205
  5729.812 106.00113     1.420    -7.537               3.464            BX14Q105
  5729.870      42.0     2.913     -1.66                                        
  5729.889 607.01214     1.233    -3.455               7.724          1105Qb0005
  5729.892 607.01214     1.233    -3.756               7.724          1105Pd0015
  5729.896 106.00113     1.420    -3.934               3.464            BX14R105
  5729.896 607.01314     0.061    -4.432               7.724          0500Pc0155
  5729.911 607.01214     0.256    -3.848               7.724          0601Rb0025
  5729.917      23.0     1.798     -3.51                                        
  5729.919 607.01214     0.256    -3.689               7.724          0601Qd0035
  5729.946      20.0     5.449     -4.38                                        
  5729.962 607.01214     0.258    -3.718               7.724          0601Rb0035
  5729.967 106.00113     2.402    -7.286               3.464            AX03P325
  5729.973 607.01214     0.258    -3.626               7.724          0601Qd0045
  5729.976 106.00113     2.402    -4.816               3.464            AX03Q315
  5730.010 607.01214     0.254    -4.023               7.724          0601Rb0015
  5730.016 607.01214     0.254    -3.777               7.724          0601Qd0025
  5730.034 607.01314     1.055    -3.351               7.724          1004Pc0185
  5730.047 607.01314     1.901    -3.517               7.724          1508Pc0045
  5730.137      62.0     1.413     -0.72                                        
  5730.164 607.01214     0.260    -3.613               7.724          0601Rb0045
  5730.177 607.01214     0.260    -3.580               7.724          0601Qd0055
  5730.230 106.00112     2.204    -7.504               3.464            AX36R175
  5730.236 607.01314     2.655    -2.220               7.724          1911Ra0225
  5730.258 607.01214     0.253    -4.299               7.724          0601Rb0005
  5730.262 607.01214     0.254    -3.905               7.724          0601Qd0015
  5730.321 607.01214     1.317    -3.218               7.724          1105Rd0195
  5730.346 106.00113     2.552    -6.004               3.464            AX46P235
  5730.355   27.0059     3.565    -4.703                                 KURHFS 
  5730.362   27.0059     3.565    -4.440                                 KURHFS 
  5730.362   27.0059     3.565    -4.636                                 KURHFS 
  5730.369 607.01314     2.615    -3.026               7.724          1911Rc0165
  5730.377   27.0059     3.565    -4.236                                 KURHFS 
  5730.377   27.0059     3.565    -4.440                                 KURHFS 
  5730.377   27.0059     3.565    -5.335                                 KURHFS 
  5730.386 607.01314     2.052    -3.171               7.724          1508Rd0275
  5730.397 607.01314     2.615    -2.084               7.724          1911Qa0175
  5730.398   27.0059     3.565    -4.066                                 KURHFS 
  5730.398   27.0059     3.565    -4.335                                 KURHFS 
  5730.398   27.0059     3.565    -5.180                                 KURHFS 
  5730.401 607.01314     1.102    -2.410               7.724          1004Pb0235
  5730.427   27.0059     3.565    -3.920                                 KURHFS 
  5730.427   27.0059     3.565    -4.288                                 KURHFS 
  5730.427   27.0059     3.565    -5.180                                 KURHFS 
  5730.446 607.01214     1.259    -2.300               7.724          0903Pb0465
  5730.450 607.01314     0.094    -4.071               7.724          0500Qc0195
  5730.457 607.01314     2.630    -2.055               7.724          1911Qb0185
  5730.463   27.0059     3.565    -3.791                                 KURHFS 
  5730.463   27.0059     3.565    -4.294                                 KURHFS 
  5730.463   27.0059     3.565    -5.277                                 KURHFS 
  5730.474      22.0     2.736     -3.47                                        
  5730.481 106.00112     0.839    -6.988               3.464            AX02P095
  5730.489 607.01314     2.630    -3.049               7.724          1911Pd0195
  5730.497 607.01314     0.094    -3.559               7.724          0500Pa0205
  5730.498 607.01214     1.249    -2.772               7.724          1105Rb0075
  5730.507   27.0059     3.565    -3.675                                 KURHFS 
  5730.507   27.0059     3.565    -4.367                                 KURHFS 
  5730.507   27.0059     3.565    -5.481                                 KURHFS 
  5730.517 607.01214     1.249    -2.877               7.724          1105Qd0085
  5730.519 607.01214     0.263    -3.524               7.724          0601Rb0055
  5730.534 607.01214     0.263    -3.546               7.724          0601Qd0065
  5730.557   27.0059     3.565    -3.570                                 KURHFS 
  5730.557   27.0059     3.565    -4.578                                 KURHFS 
  5730.557   27.0059     3.565    -5.879                                 KURHFS 
  5730.631      22.0     2.504     -3.58                                        
  5730.634      22.0     3.176     -2.01                                        
  5730.644 112.00124     1.450    -1.413               1.340           02P243b24
  5730.650 607.01314     1.945    -2.134               7.724          1508Qb0145
  5730.656 607.01214     0.253    -4.069               7.724          0601Qd0005
  5730.681 607.01314     1.945    -3.015               7.724          1508Pd0155
  5730.711 607.01214     2.700    -2.323               7.724          1911Pa0215
  5730.726 607.01214     1.234    -3.216               7.724          1105Qb0015
  5730.731 607.01214     1.234    -3.527               7.724          1105Pd0025
  5730.739 607.01214     1.371    -1.919               7.724          0903Qb0515
  5730.746 106.00113     1.838    -7.180               3.464            BX03P245
  5730.748 106.00113     1.652    -6.288               3.464            BX14R165
  5730.756      24.0     5.600     -1.18                                        
  5730.794 607.01214     0.311    -2.952               7.724          0500Qb0355
  5730.833      63.0     1.667     -0.54                                        
  5730.854      26.0     4.909     -1.81                                        
  5730.859 607.01214     1.371    -3.739               7.724          0903Pd0525
  5730.859 607.01214     1.414    -5.003               7.724          0600Qc0775
  5730.874 607.01214     2.700    -2.830               7.724          1911Qc0205
  5730.881 607.01214     0.311    -4.508               7.724          0500Pd0365
  5730.897 106.00112     2.339    -5.119               3.464            AX25R245
  5730.902 112.00124     1.450    -4.415               1.340           02Q243b24
  5730.909 112.00124     1.099    -1.053               1.340           13Q231b24
  5730.917 607.01214     2.675    -3.177               7.724          1911Pc0175
  5730.981 106.00112     2.339    -5.012               3.464            AX25R235
  5731.027 607.01214     0.266    -3.448               7.724          0601Rb0065
  5731.037 106.00112     2.586    -5.613               3.464            AX51P385
  5731.045 607.01214     0.266    -3.521               7.724          0601Qd0075
  5731.045 607.01214     1.414    -3.454               7.724          0600Pa0785
  5731.046 607.01214     2.121    -2.050               7.724          1508Ra0295
  5731.063 106.00112     2.339    -6.891               3.464            AX25Q245
  5731.086 112.00124     1.099    -4.976               1.340           13P131b24
  5731.099 112.00124     1.450    -1.402               1.340           02P143b24
  5731.101 607.01314     1.966    -2.260               7.724          1508Ra0185
  5731.118      22.0     2.229     -2.04                                 LAWLER 
  5731.123      24.0     3.373     -4.12                                        
  5731.147 607.01214     2.134    -2.059               7.724          1508Rb0295
  5731.152 112.00124     1.099    -4.976               1.340           13R231b24
  5731.159 607.01214     0.360    -3.866               7.724          0601Rd0215
  5731.177   23.0051     1.063    -1.370                                 LAWLER 
  5731.207 607.01214     2.134    -2.862               7.724          1508Qd0305
  5731.210   23.0051     1.063    -2.210                                 LAWLER 
  5731.220   23.0051     1.063    -1.511                                 LAWLER 
  5731.224 106.00113     0.870    -6.972               3.464            AX02P105
  5731.232 607.01214     2.750    -3.123               7.724          1911Pd0265
  5731.239   23.0051     1.063    -3.325                                 LAWLER 
  5731.248   23.0051     1.063    -2.014                                 LAWLER 
  5731.256   23.0051     1.063    -1.675                                 LAWLER 
  5731.272   23.0051     1.063    -2.914                                 LAWLER 
  5731.280   23.0051     1.063    -1.960                                 LAWLER 
  5731.286   23.0051     1.063    -1.873                                 LAWLER 
  5731.299   23.0051     1.063    -2.692                                 LAWLER 
  5731.305   23.0051     1.063    -1.982                                 LAWLER 
  5731.310   23.0051     1.063    -2.128                                 LAWLER 
  5731.319   23.0051     1.063    -2.567                                 LAWLER 
  5731.324   23.0051     1.063    -2.073                                 LAWLER 
  5731.327   23.0051     1.063    -2.516                                 LAWLER 
  5731.328 112.00124     1.099    -1.039               1.340           13Q131b24
  5731.333   23.0051     1.063    -2.516                                 LAWLER 
  5731.336   23.0051     1.063    -2.261                                 LAWLER 
  5731.341   23.0051     1.063    -2.546                                 LAWLER 
  5731.354 607.01214     2.739    -1.897               7.724          1911Qa0255
  5731.362 607.01214     2.073    -1.871               7.724          1508Qb0245
  5731.413 607.01214     2.073    -3.094               7.724          1508Pd0255
  5731.434      14.0     5.609     -2.95                                        
  5731.447 607.01214     0.217    -4.195               7.724          0500Qc0295
  5731.456 106.00113     1.834    -2.146               3.464            BX13R235
  5731.469 607.01314     1.092    -3.011               7.724          1004Qc0225
  5731.478 607.01214     1.253    -2.712               7.724          1105Rb0085
  5731.498 607.01314     1.927    -2.979               7.724          1508Rc0115
  5731.499 607.01214     1.253    -2.863               7.724          1105Qd0095
  5731.513      25.0     5.697     -2.37                                        
  5731.520 607.01214     0.217    -3.368               7.724          0500Pa0305
  5731.520 607.01314     1.092    -2.423               7.724          1004Pa0235
  5731.522 607.01314     1.927    -2.213               7.724          1508Qa0125
  5731.529 106.00113     1.834    -6.639               3.464            BX13Q245
  5731.587 607.01214     2.033    -2.293               7.724          1508Pb0205
  5731.603 607.01214     2.750    -1.895               7.724          1911Qb0255
  5731.638 106.00112     1.650    -7.099               3.464            AX02P245
  5731.668      23.0     3.111     -0.68                                        
  5731.676 607.01214     2.739    -3.095               7.724          1911Rc0245
  5731.692 607.01214     0.270    -3.380               7.724          0601Rb0075
  5731.693      22.0     2.238     -3.82                                        
  5731.712 607.01214     0.270    -3.503               7.724          0601Qd0085
  5731.715 106.00113     1.834    -1.739               3.464            BX13R245
  5731.720 106.00113     1.288    -4.683               3.464            BX14R035
  5731.726 607.01214     1.235    -3.031               7.724          1105Qb0025
  5731.733 607.01214     1.235    -3.399               7.724          1105Pd0035
  5731.762      26.0     4.256     -1.27                              NIST/D    
  5731.781 607.01214     1.397    -2.087               7.724          1004Rb0415
  5731.809 106.00112     1.716    -2.685               3.464            BX13R215
  5731.849 106.00112     1.368    -4.203               3.464            BX14R075
  5731.865 607.01214     0.421    -3.129               7.724          0500Ra0425
  5731.869 106.00113     1.136    -7.420               3.464            BX03P095
  5731.871 106.00112     1.344    -4.301               3.464            BX14R065
  5731.876 607.01214     1.397    -3.175               7.724          1004Qd0425
  5731.887 607.01214     0.253    -4.070               7.724          0601Qb0005
  5731.891 607.01214     0.254    -4.371               7.724          0601Pd0015
  5731.900 607.01314     1.910    -2.831               7.724          1508Qc0075
  5731.902 112.00124     1.156    -1.393               1.340           02Q236b24
  5731.915 607.01314     1.910    -2.842               7.724          1508Pa0085
  5731.937 106.00112     1.716    -7.023               3.464            BX13Q225
  5731.972      24.0     3.077     -8.51                                        
  5732.051 607.01214     0.592    -4.668               7.724          0500Rd0505
  5732.090      39.0     2.083     -0.66                                        
  5732.096 607.01214     2.063    -3.060               7.724          1508Rc0235
  5732.103 106.00112     1.716    -2.393               3.464            BX13R225
  5732.103 112.00124     1.156    -5.535               1.340           02P136b24
  5732.115      24.0     3.977     -3.81                                        
  5732.121 607.01314     1.148    -3.280               7.724          1004Rc0275
  5732.124 112.00124     1.156    -5.535               1.340           02R236b24
  5732.126 607.01314     2.674    -2.210               7.724          1911Rb0235
  5732.144 607.01214     2.063    -1.873               7.724          1508Qa0245
  5732.153 607.01314     2.580    -3.216               7.724          1911Pc0105
  5732.167 607.01314     2.674    -2.835               7.724          1911Qd0245
  5732.183 607.01314     1.148    -1.982               7.724          1004Qa0285
  5732.216 607.01314     1.160    -1.981               7.724          1004Qb0285
  5732.249 607.01314     0.169    -3.076               7.724          0500Qb0265
  5732.253 607.01214     1.234    -3.756               7.724          1105Pb0015
  5732.265 607.01214     1.326    -3.225               7.724          1105Rd0205
  5732.277 106.00112     1.368    -7.500               3.464            BX14Q085
  5732.280 607.01314     1.160    -3.320               7.724          1004Pd0295
  5732.296      26.0     4.987     -1.56                                        
  5732.298 607.01214     1.163    -3.430               7.724          1004Pc0265
  5732.312 607.01314     0.169    -4.386               7.724          0500Pd0275
  5732.323      29.0     5.570     -1.79                                        
  5732.326 112.00124     1.156    -1.381               1.340           02Q136b24
  5732.344 106.00112     1.368    -4.109               3.464            BX14R085
  5732.353 106.00113     1.839    -3.082               3.464            BX03Q235
  5732.362 106.00112     1.345    -7.459               3.464            BX14Q075
  5732.381 607.01214     1.216    -3.109               7.724          1004Qc0305
  5732.423 106.00112     1.345    -4.201               3.464            BX14R075
  5732.452 607.01214     1.216    -2.282               7.724          1004Pa0315
  5732.514 607.01214     0.274    -3.321               7.724          0601Rb0085
  5732.537 607.01214     0.274    -3.490               7.724          0601Qd0095
  5732.569 106.00113     1.288    -7.202               3.464            BX14Q045
  5732.570 607.01314     2.608    -2.482               7.724          1911Pb0155
  5732.609 106.00113     1.288    -4.531               3.464            BX14R045
  5732.626 106.00112     2.450   -11.347               3.464            AX50P395
  5732.631 607.01214     1.257    -2.658               7.724          1105Rb0095
  5732.654 607.01214     1.257    -2.853               7.724          1105Qd0105
  5732.661      26.0     5.839     -2.22                              PK15THEOR 
  5732.662 607.01314     1.927    -2.603               7.724          1508Pb0115
  5732.672 607.01314     1.903    -3.410               7.724          1508Pc0055
  5732.724      26.1     3.384     -4.67                                        
  5732.725 607.01214     0.254    -3.830               7.724          0601Qb0015
  5732.730 607.01214     0.254    -4.143               7.724          0601Pd0025
  5732.731 106.00113     0.871    -7.005               3.464            AX02P105
  5732.747 106.00113     2.333    -5.119               3.464            AX25R245
  5732.824 106.00113     1.838    -2.937               3.464            BX03Q245
  5732.826      26.0     4.545     -4.38                                        
  5732.832 106.00112     2.205    -7.455               3.464            AX36R175
  5732.863      26.0     4.100     -3.04                                        
  5732.889 607.01214     1.237    -2.890               7.724          1105Qb0035
  5732.899 607.01214     1.237    -3.314               7.724          1105Pd0045
  5732.915 607.01314     0.113    -3.518               7.724          0500Pb0215
  5732.917      23.0     3.281     -4.08                                        
  5732.937      62.0     0.498     -0.86                                        
  5732.975      90.1     2.196     -1.07                                        
  5732.980 106.00113     2.333    -5.012               3.464            AX25R235
  5733.015      20.0     4.765     -0.96                                        
  5733.021 607.01314     1.991    -2.228               7.724          1508Rb0205
  5733.035 106.00113     2.333    -6.890               3.464            AX25Q245
  5733.062 607.01314     1.991    -2.772               7.724          1508Qd0215
  5733.075      23.0     2.357     -0.70                                        
  5733.088 607.01214     0.232    -3.361               7.724          0500Pb0305
  5733.093 607.01214     0.370    -3.874               7.724          0601Rd0225
  5733.136 607.01214     1.292    -3.375               7.724          1004Rc0355
  5733.141      14.0     7.709     -4.95                                        
  5733.141 607.01314     0.157    -4.345               7.724          0500Rc0255
  5733.198   27.0059     3.626    -4.185                                 KURHFS 
  5733.198   27.0059     3.626    -4.252                                 KURHFS 
  5733.198   27.0059     3.626    -4.884                                 KURHFS 
  5733.202 607.01314     0.157    -3.077               7.724          0500Qa0265
  5733.210   27.0059     3.626    -3.989                                 KURHFS 
  5733.210   27.0059     3.626    -3.989                                 KURHFS 
  5733.210   27.0059     3.626    -4.729                                 KURHFS 
  5733.218 607.01214     1.292    -1.875               7.724          1004Qa0365
  5733.226   27.0059     3.626    -3.785                                 KURHFS 
  5733.226   27.0059     3.626    -3.884                                 KURHFS 
  5733.226   27.0059     3.626    -4.729                                 KURHFS 
  5733.237      92.1     1.026     -1.59                              Nils02/17%
  5733.245 607.01314     2.596    -2.787               7.724          1911Qc0135
  5733.249   27.0059     3.626    -3.615                                 KURHFS 
  5733.249   27.0059     3.626    -3.837                                 KURHFS 
  5733.249   27.0059     3.626    -4.826                                 KURHFS 
  5733.253 106.00112     1.324    -4.409               3.464            BX14R055
  5733.255      22.0     3.177     -3.66                                        
  5733.269 607.01314     2.596    -2.552               7.724          1911Pa0145
  5733.278   27.0059     3.626    -3.469                                 KURHFS 
  5733.278   27.0059     3.626    -3.843                                 KURHFS 
  5733.278   27.0059     3.626    -5.030                                 KURHFS 
  5733.292      22.0     2.316     -7.80                                        
  5733.312   27.0059     3.626    -3.340                                 KURHFS 
  5733.312   27.0059     3.626    -3.916                                 KURHFS 
  5733.312   27.0059     3.626    -5.428                                 KURHFS 
  5733.348      24.0     5.603     -1.01                                        
  5733.353   27.0059     3.626    -3.224                                 KURHFS 
  5733.353   27.0059     3.626    -4.127                                 KURHFS 
  5733.363 607.01214     2.024    -2.800               7.724          1508Qc0195
  5733.399   27.0059     3.626    -3.119                                 KURHFS 
  5733.403 607.01214     2.024    -2.309               7.724          1508Pa0205
  5733.404      23.0     3.064     -0.16                                        
  5733.459 106.00112     1.395    -4.110               3.464            BX14R085
  5733.495 607.01214     0.279    -3.267               7.724          0601Rb0095
  5733.520 607.01214     0.279    -3.481               7.724          0601Qd0105
  5733.532 106.00112     1.576    -7.032               3.464            AX02P235
  5733.568      25.1     6.128     -5.55                                        
  5733.676      26.0     4.183     -3.23                                        
  5733.693      58.1     1.543     -1.20                              Lawler09  
  5733.710 607.01214     0.256    -3.644               7.724          0601Qb0025
  5733.715 607.01214     1.371    -3.688               7.724          0903Rc0515
  5733.718 607.01214     0.256    -4.016               7.724          0601Pd0035
  5733.746 607.01314     1.974    -2.236               7.724          1508Ra0195
  5733.790 607.01214     0.164    -4.524               7.724          0500Pc0255
  5733.800 106.00112     1.431    -4.398               3.464            BX03P165
  5733.808 607.01314     1.933    -2.979               7.724          1508Rc0125
  5733.815      69.1     4.111      0.14                                        
  5733.828 106.00112     1.324    -7.399               3.464            BX14Q065
  5733.833 607.01314     1.933    -2.173               7.724          1508Qa0135
  5733.834 607.01214     1.371    -1.910               7.724          0903Qa0525
  5733.835 106.00112     1.395    -7.525               3.464            BX14Q095
  5733.847      23.0     2.721     -1.06                                        
  5733.850      64.1     1.371     -0.65                              DenHarto06
  5733.878 607.01314     0.251    -3.224               7.724          0500Ra0335
  5733.882 106.00112     1.324    -4.299               3.464            BX14R065
  5733.902 607.01314     1.951    -2.099               7.724          1508Qb0155
  5733.910 106.00112     1.395    -4.020               3.464            BX14R095
  5733.924 607.01214     1.259    -3.442               7.724          0903Qc0465
  5733.926 607.01314     2.622    -3.032               7.724          1911Rc0175
  5733.929 106.00112     1.431    -8.389               3.464            BX03Q165
  5733.933 607.01314     1.951    -3.017               7.724          1508Pd0165
  5733.934      58.0     0.396     -1.04                                        
  5733.941   23.0051     2.357    -2.634                                 KURHFS 
  5733.941   23.0051     2.357    -2.889                                 KURHFS 
  5733.941   23.0051     2.357    -2.919                                 KURHFS 
  5733.951   23.0051     2.357    -2.446                                 KURHFS 
  5733.951   23.0051     2.357    -2.501                                 KURHFS 
  5733.951   23.0051     2.357    -2.889                                 KURHFS 
  5733.954 607.01314     2.622    -2.055               7.724          1911Qa0185
  5733.958 607.01214     1.262    -2.610               7.724          1105Rb0105
  5733.966   23.0051     2.357    -2.246                                 KURHFS 
  5733.966   23.0051     2.357    -2.355                                 KURHFS 
  5733.966   23.0051     2.357    -2.940                                 KURHFS 
  5733.978 607.01314     2.664    -2.200               7.724          1911Ra0235
  5733.983 607.01214     1.262    -2.847               7.724          1105Qd0115
  5733.987   23.0051     2.357    -2.048                                 KURHFS 
  5733.987   23.0051     2.357    -2.333                                 KURHFS 
  5733.987   23.0051     2.357    -3.065                                 KURHFS 
  5734.013   23.0051     2.357    -1.884                                 KURHFS 
  5734.013   23.0051     2.357    -2.387                                 KURHFS 
  5734.013   23.0051     2.357    -3.287                                 KURHFS 
  5734.033 607.01214     1.259    -2.293               7.724          0903Pa0475
  5734.044   23.0051     2.357    -1.743                                 KURHFS 
  5734.044   23.0051     2.357    -2.583                                 KURHFS 
  5734.044   23.0051     2.357    -3.697                                 KURHFS 
  5734.050      42.0     1.530     -2.57                                        
  5734.068 607.01314     2.063    -3.178               7.724          1508Rd0285
  5734.108 607.01314     0.266    -3.231               7.724          0500Rb0335
  5734.113 106.00112     1.431    -4.304               3.464            BX03P175
  5734.122 112.00124     0.892    -1.949               1.340           02R229b24
  5734.187 607.01314     0.266    -4.170               7.724          0500Qd0345
  5734.198      22.0     3.196     -1.85                                        
  5734.218 607.01214     1.239    -2.777               7.724          1105Qb0045
  5734.230 607.01214     1.239    -3.254               7.724          1105Pd0055
  5734.245      21.0     5.564     -2.92                                        
  5734.272 607.01214     1.235    -3.479               7.724          1105Pb0025
  5734.275 607.01314     1.913    -2.808               7.724          1508Qc0085
  5734.293 607.01314     1.913    -2.770               7.724          1508Pa0095
  5734.309 112.00124     0.892    -4.676               1.340           02Q129b24
  5734.311      22.0     2.295     -1.96                                        
  5734.328 607.01314     0.403    -4.574               7.724          0500Rd0425
  5734.348 607.01214     0.254    -4.371               7.724          0601Pb0015
  5734.396 607.01214     1.336    -3.232               7.724          1105Rd0215
  5734.431 106.00113     1.839    -6.838               3.464            BX03R235
  5734.539 607.01214     1.230    -2.276               7.724          1004Pb0315
  5734.550      60.1     1.877     -0.53                              DenHarto03
  5734.564      26.0     4.952     -1.61                                        
  5734.617 607.01214     1.999    -3.155               7.724          1508Pc0165
  5734.631 607.01314     0.069    -4.432               7.724          0500Pc0165
  5734.638 607.01214     0.284    -3.218               7.724          0601Rb0105
  5734.665 607.01214     0.284    -3.475               7.724          0601Qd0115
  5734.687 106.00113     1.800    -7.925               3.464            AX14R195
  5734.694 607.01314     2.638    -2.029               7.724          1911Qb0195
  5734.709 112.00124     0.892    -1.936               1.340           02R129b24
  5734.724 607.01314     2.638    -3.053               7.724          1911Pd0205
  5734.750 106.00112     1.265    -6.133               3.464            BX14R015
  5734.801      25.0     5.574     -2.10                                        
  5734.812 106.00113     1.572    -7.099               3.464            AX02P235
  5734.813      24.0     5.467     -1.64                                        
  5734.838      24.0     3.110     -5.22                                        
  5734.838 607.01214     0.440    -3.134               7.724          0500Rb0425
  5734.845 607.01214     0.258    -3.503               7.724          0601Qb0035
  5734.856 607.01214     0.258    -3.932               7.724          0601Pd0045
  5734.864      22.1     1.891     -6.20                                        
  5734.873 607.01214     0.311    -4.468               7.724          0500Rc0355
  5734.897 607.01314     0.104    -4.078               7.724          0500Qc0205
  5734.942 607.01214     0.440    -4.280               7.724          0500Qd0435
  5734.946 607.01314     0.104    -3.533               7.724          0500Pa0215
  5734.960 607.01214     0.311    -2.940               7.724          0500Qa0365
  5734.963      23.1     4.002     -3.81                                        
  5734.972      57.0     1.234     -0.75                                        
  5735.005      25.1     6.531     -4.87                                        
  5735.027 106.00113     2.554    -6.066               3.464            AX46P235
  5735.049      22.0     2.248     -3.33                                        
  5735.055   23.0051     2.113    -3.164                                 KURHFS 
  5735.055   23.0051     2.113    -3.456                                 KURHFS 
  5735.055   23.0051     2.113    -3.651                                 KURHFS 
  5735.055   23.0051     2.113    -3.651                                 KURHFS 
  5735.055   23.0051     2.113    -3.682                                 KURHFS 
  5735.055   23.0051     2.113    -3.682                                 KURHFS 
  5735.055   23.0051     2.113    -3.715                                 KURHFS 
  5735.055   23.0051     2.113    -3.715                                 KURHFS 
  5735.055   23.0051     2.113    -3.862                                 KURHFS 
  5735.055   23.0051     2.113    -3.863                                 KURHFS 
  5735.055   23.0051     2.113    -3.863                                 KURHFS 
  5735.055   23.0051     2.113    -3.914                                 KURHFS 
  5735.055   23.0051     2.113    -3.914                                 KURHFS 
  5735.055   23.0051     2.113    -4.169                                 KURHFS 
  5735.055   23.0051     2.113    -4.579                                 KURHFS 
  5735.055   23.0051     2.113    -5.822                                 KURHFS 
  5735.071 112.00124     0.701    -4.643               1.340           02R123b24
  5735.074      74.0     3.406     -0.09                                        
  5735.120      23.0     3.281     -4.24                                        
  5735.154 607.01214     1.683    -3.851               7.724          0903Rd0645
  5735.202 607.01214     0.381    -3.882               7.724          0601Rd0235
  5735.214   23.0051     1.948    -3.993                                 KURHFS 
  5735.219   23.0051     1.948    -3.730                                 KURHFS 
  5735.219   23.0051     1.948    -3.926                                 KURHFS 
  5735.229      42.0     3.357     -1.87                                        
  5735.229   23.0051     1.948    -3.526                                 KURHFS 
  5735.229   23.0051     1.948    -3.730                                 KURHFS 
  5735.229   23.0051     1.948    -4.625                                 KURHFS 
  5735.244   23.0051     1.948    -3.356                                 KURHFS 
  5735.244   23.0051     1.948    -3.625                                 KURHFS 
  5735.244   23.0051     1.948    -4.470                                 KURHFS 
  5735.263   23.0051     1.948    -3.210                                 KURHFS 
  5735.263   23.0051     1.948    -3.578                                 KURHFS 
  5735.263   23.0051     1.948    -4.470                                 KURHFS 
  5735.288   23.0051     1.948    -3.081                                 KURHFS 
  5735.288   23.0051     1.948    -3.584                                 KURHFS 
  5735.288   23.0051     1.948    -4.567                                 KURHFS 
  5735.317   23.0051     1.948    -2.965                                 KURHFS 
  5735.317   23.0051     1.948    -3.657                                 KURHFS 
  5735.317   23.0051     1.948    -4.771                                 KURHFS 
  5735.352   23.0051     1.948    -2.860                                 KURHFS 
  5735.352   23.0051     1.948    -3.868                                 KURHFS 
  5735.352   23.0051     1.948    -5.169                                 KURHFS 
  5735.381 106.00113     1.452    -3.935               3.464            BX14R105
  5735.399      20.0     4.776     -3.12                                        
  5735.404 106.00112     2.165    -5.121               3.464            AX14R255
  5735.422 607.01314     1.063    -3.354               7.724          1004Pc0195
  5735.460 607.01214     1.267    -2.565               7.724          1105Rb0115
  5735.488 607.01214     1.267    -2.843               7.724          1105Qd0125
  5735.514 607.01314     1.906    -3.335               7.724          1508Pc0065
  5735.531 106.00112     2.165    -5.084               3.464            AX14R245
  5735.538      24.0     3.844     -2.03                                        
  5735.550      26.0     5.539     -2.97                              PK15THEOR 
  5735.578 607.01214     1.397    -2.071               7.724          1004Ra0425
  5735.606 106.00112     2.055    -5.508               3.464            AX03R275
  5735.640 106.00112     2.165    -7.058               3.464            AX14Q255
  5735.653 106.00112     2.340    -5.119               3.464            AX25R245
  5735.671 106.00113     1.452    -7.536               3.464            BX14Q115
  5735.688      58.0     0.684     -0.71                                        
  5735.690      40.0     0.000     -2.24                                        
  5735.700 607.01214     1.826    -3.279               7.724          0600Rb0885
  5735.706      26.0     4.909     -3.48                                        
  5735.713 607.01214     1.242    -2.682               7.724          1105Qb0055
  5735.727 607.01214     1.242    -3.210               7.724          1105Pd0065
  5735.729 607.01214     2.719    -2.285               7.724          1911Pb0225
  5735.762 106.00113     1.452    -3.848               3.464            BX14R115
  5735.787 106.00112     1.306    -4.533               3.464            BX14R045
  5735.794 106.00112     2.055    -5.504               3.464            AX03R265
  5735.820 106.00112     2.340    -6.852               3.464            AX25Q245
  5735.880      22.0     2.343     -2.36                                        
  5735.889 607.01214     1.519    -2.134               7.724          0903Rb0575
  5735.905 106.00112     2.055    -7.539               3.464            AX03Q275
  5735.911      20.0     4.438     -1.04                                        
  5735.911      20.0     5.581     -5.44                                        
  5735.911 607.01214     1.826    -4.981               7.724          0600Qd0895
  5735.916 106.00112     2.340    -5.012               3.464            AX25R235
  5735.933 106.00113     1.501    -7.033               3.464            AX02P225
  5735.942 607.01214     0.289    -3.173               7.724          0601Rb0115
  5735.966      64.0     0.985     -0.90                                        
  5735.972 607.01214     0.289    -3.473               7.724          0601Qd0125
  5735.974 607.01314     1.113    -2.389               7.724          1004Pb0245
  5735.989 106.00113     2.158    -5.120               3.464            AX14R255
  5736.009 106.00112     2.600    -8.336               3.464            AX03R335
  5736.022 607.01214     1.520    -3.481               7.724          0903Qd0585
  5736.044 106.00113     1.276    -4.877               3.464            BX14R025
  5736.082 607.01214     1.308    -1.874               7.724          1004Qb0365
  5736.104      21.1     7.217     -3.83                                        
  5736.116 607.01314     2.585    -3.197               7.724          1911Pc0115
  5736.121 106.00112     2.600    -4.874               3.464            AX03Q345
  5736.130 607.01214     0.260    -3.389               7.724          0601Qb0045
  5736.134 106.00113     2.158    -5.084               3.464            AX14R245
  5736.137 607.01314     1.890    -3.264               7.724          1407Pc0315
  5736.143 607.01214     0.260    -3.874               7.724          0601Pd0055
  5736.159      24.0     5.483     -1.84                                        
  5736.166 607.01214     1.308    -3.420               7.724          1004Pd0375
  5736.184      28.0     5.000     -3.39                                        
  5736.202 607.01214     2.709    -2.299               7.724          1911Pa0225
  5736.218 106.00113     2.158    -7.058               3.464            AX14Q255
  5736.243      23.0     2.614     -2.87                                        
  5736.295 607.01314     1.933    -2.557               7.724          1508Pb0125
  5736.325 607.01314     1.938    -2.980               7.724          1508Rc0135
  5736.353 607.01314     1.938    -2.136               7.724          1508Qa0145
  5736.354      20.0     5.581     -5.62                                        
  5736.359      22.0     3.427     -3.42                                        
  5736.372 106.00112     2.600    -4.835               3.464            AX03Q335
  5736.387 106.00113     1.477    -4.306               3.464            BX03P175
  5736.391      92.0     0.868     -1.24                                        
  5736.400 607.01214     2.709    -2.837               7.724          1911Qc0215
  5736.417 607.01214     0.256    -4.093               7.724          0601Pb0025
  5736.456 607.01214     1.237    -3.303               7.724          1105Pb0035
  5736.465 106.00113     1.646    -8.569               3.464            AX03R215
  5736.470      23.0     1.710     -4.45                                        
  5736.473 607.01314     2.000    -2.205               7.724          1508Rb0215
  5736.478 106.00112     1.306    -7.316               3.464            BX14Q055
  5736.484 106.00112     2.600    -7.313               3.464            AX03P345
  5736.490 607.01314     2.684    -2.190               7.724          1911Rb0245
  5736.514 106.00113     1.477    -8.281               3.464            BX03Q175
  5736.517 607.01314     2.000    -2.778               7.724          1508Qd0225
  5736.524 106.00112     1.306    -4.407               3.464            BX14R055
  5736.533 607.01314     2.684    -2.845               7.724          1911Qd0255
  5736.539      71.0     0.000     -1.55                                        
  5736.556      68.0     2.143     -0.01                                        
  5736.575      27.0     4.229     -2.07                                        
  5736.591 607.01314     1.982    -2.213               7.724          1508Ra0205
  5736.625      24.0     3.553     -1.44                                        
  5736.631      23.1     5.533     -3.54                                        
  5736.662 607.01314     1.102    -3.018               7.724          1004Qc0235
  5736.666 106.00113     1.477    -4.204               3.464            BX03P185
  5736.667      46.0     4.633     -0.20                                        
  5736.667 607.01214     2.683    -3.178               7.724          1911Pc0185
  5736.714 607.01214     1.345    -3.239               7.724          1105Rd0225
  5736.715 607.01314     1.102    -2.401               7.724          1004Pa0245
  5736.723 607.01214     2.085    -1.852               7.724          1508Qb0255
  5736.750      20.0     5.574     -5.90                                        
  5736.756 607.01214     2.750    -1.878               7.724          1911Qa0265
  5736.776 607.01214     2.085    -3.102               7.724          1508Pd0265
  5736.787 106.00112     1.806    -7.925               3.464            AX14R195
  5736.855      62.0     1.617     -0.17                                        
  5736.862 607.01314     1.918    -2.791               7.724          1508Qc0095
  5736.865 106.00112     0.873    -6.971               3.464            AX02P105
  5736.867 106.00112     2.563    -6.003               3.464            AX46P235
  5736.883 607.01314     1.918    -2.706               7.724          1508Pa0105
  5736.985 607.01214     2.761    -3.131               7.724          1911Pd0275
  5737.007 607.01314     2.602    -2.785               7.724          1911Qc0145
  5737.027   23.0051     1.063    -1.386                                 LAWLER 
  5737.033 607.01314     2.602    -2.512               7.724          1911Pa0155
  5737.037   23.0051     1.063    -2.085                                 LAWLER 
  5737.041   23.0051     1.063    -2.085                                 LAWLER 
  5737.051   23.0051     1.063    -1.678                                 LAWLER 
  5737.059   23.0051     1.063    -1.904                                 LAWLER 
  5737.060 106.00112     1.424    -4.021               3.464            BX14R095
  5737.063   23.0051     1.063    -1.904                                 LAWLER 
  5737.070   23.0051     1.063    -2.084                                 LAWLER 
  5737.070 607.01314     0.182    -3.058               7.724          0500Qb0275
  5737.076 607.01214     2.073    -3.068               7.724          1508Rc0245
  5737.077   23.0051     1.063    -1.873                                 LAWLER 
  5737.080   23.0051     1.063    -1.873                                 LAWLER 
  5737.086   23.0051     1.063    -2.801                                 LAWLER 
  5737.087 607.01314     2.615    -2.448               7.724          1911Pb0165
  5737.091   23.0051     1.063    -1.937                                 LAWLER 
  5737.093   23.0051     1.063    -1.937                                 LAWLER 
  5737.098   23.0051     1.063    -4.041                                 LAWLER 
  5737.101   23.0051     1.063    -2.136                                 LAWLER 
  5737.103   23.0051     1.063    -2.136                                 LAWLER 
  5737.106   23.0051     1.063    -2.391                                 LAWLER 
  5737.113 607.01214     2.042    -2.269               7.724          1508Pb0215
  5737.126 607.01214     2.073    -1.853               7.724          1508Qa0255
  5737.128 607.01214     2.750    -3.103               7.724          1911Rc0255
  5737.135 607.01314     0.182    -4.394               7.724          0500Pd0285
  5737.140 607.01214     1.273    -2.524               7.724          1105Rb0125
  5737.166 106.00113     1.276    -7.041               3.464            BX14Q035
  5737.170 607.01214     1.273    -2.842               7.724          1105Qd0135
  5737.199 106.00113     1.276    -4.677               3.464            BX14R035
  5737.220      69.1     2.732     -1.33                              Wickliff97
  5737.272      92.0     0.870     -1.24                                        
  5737.281 607.01314     1.160    -3.288               7.724          1004Rc0285
  5737.336      25.0     5.487     -1.89                                        
  5737.338 607.01314     1.958    -2.067               7.724          1508Qb0165
  5737.345 607.01314     1.160    -1.966               7.724          1004Qa0295
  5737.371 607.01314     1.958    -3.019               7.724          1508Pd0175
  5737.374 607.01214     1.245    -2.600               7.724          1105Qb0065
  5737.383 112.00124     0.876    -1.294               1.340           13R224b24
  5737.391 607.01214     1.245    -3.177               7.724          1105Pd0075
  5737.395 106.00112     1.424    -7.536               3.464            BX14Q105
  5737.411 607.01214     0.295    -3.132               7.724          0601Rb0125
  5737.411 607.01214     2.762    -1.877               7.724          1911Qb0265
  5737.417 607.01214     0.328    -2.939               7.724          0500Qb0365
  5737.443 607.01214     0.295    -3.472               7.724          0601Qd0135
  5737.477 106.00112     1.424    -3.933               3.464            BX14R105
  5737.488 607.01214     0.392    -3.889               7.724          0601Rd0245
  5737.493 106.00113     2.335    -5.119               3.464            AX25R245
  5737.506 607.01214     0.328    -4.516               7.724          0500Pd0375
  5737.526      26.0     3.263     -6.94                                        
  5737.538 112.00124     0.876    -3.996               1.340           13Q124b24
  5737.567 607.01214     0.263    -3.293               7.724          0601Qb0055
  5737.582 607.01214     0.263    -3.831               7.724          0601Pd0065
  5737.583 607.01214     1.177    -3.766               7.724          0903Pc0425
  5737.631 607.01314     0.169    -4.353               7.724          0500Rc0265
  5737.671 106.00112     1.848    -7.179               3.464            BX03P245
  5737.694 607.01314     0.169    -3.059               7.724          0500Qa0275
  5737.699      26.1     3.422     -5.57                                        
  5737.700 607.01314     2.630    -3.039               7.724          1911Rc0185
  5737.702 607.01314     1.173    -1.965               7.724          1004Qb0295
  5737.724 106.00113     2.335    -6.852               3.464            AX25Q245
  5737.735 607.01314     2.630    -2.028               7.724          1911Qa0195
  5737.760 106.00113     0.908    -6.983               3.464            AX02P115
  5737.765 106.00112     1.848    -3.081               3.464            BX03Q235
  5737.769 607.01314     1.173    -3.328               7.724          1004Pd0305
  5737.807 106.00112     1.848    -2.937               3.464            BX03Q245
  5737.863 106.00113     2.335    -5.012               3.464            AX25R235
  5737.874 112.00124     0.876    -1.305               1.340           13R124b24
  5737.895      76.0     2.189     -2.46                                        
  5737.901 106.00112     1.848    -6.838               3.464            BX03R235
  5737.918 607.01214     1.826    -3.270               7.724          0600Ra0895
  5737.932 607.01314     2.674    -2.181               7.724          1911Ra0245
  5737.943 607.01214     0.232    -4.203               7.724          0500Qc0305
  5737.943 607.01314     0.124    -3.495               7.724          0500Pb0225
  5737.947 607.01314     2.075    -3.186               7.724          1508Rd0295
  5737.996 106.00113     2.669    -7.792               3.464            AX36Q265
  5738.018 607.01214     0.232    -3.352               7.724          0500Pa0315
  5738.037      62.1     1.797     -0.78                                        
  5738.103 106.00113     1.801    -7.869               3.464            AX14R195
  5738.106   23.0051     2.377    -2.026                                 KURHFS 
  5738.106   23.0051     2.377    -2.652                                 KURHFS 
  5738.106   23.0051     2.377    -3.517                                 KURHFS 
  5738.119   23.0051     2.377    -2.242                                 KURHFS 
  5738.119   23.0051     2.377    -2.491                                 KURHFS 
  5738.119   23.0051     2.377    -3.089                                 KURHFS 
  5738.129   23.0051     2.377    -2.499                                 KURHFS 
  5738.129   23.0051     2.377    -2.525                                 KURHFS 
  5738.129   23.0051     2.377    -2.839                                 KURHFS 
  5738.136   23.0051     2.377    -2.663                                 KURHFS 
  5738.136   23.0051     2.377    -2.663                                 KURHFS 
  5738.136   23.0051     2.377    -2.964                                 KURHFS 
  5738.227      26.0     4.217     -2.34                                        
  5738.261      25.0     4.229     -0.89                                        
  5738.297      23.0     3.054     -2.69                                        
  5738.363      25.1     5.988     -5.19                                        
  5738.391 106.00112     0.874    -7.004               3.464            AX02P105
  5738.426      22.0     3.173     -2.25                                        
  5738.450 607.01214     2.033    -2.807               7.724          1508Qc0205
  5738.454      24.0     5.603     -2.42                                        
  5738.462 607.01214     0.440    -3.118               7.724          0500Ra0435
  5738.493 607.01214     2.033    -2.283               7.724          1508Pa0215
  5738.530      24.0     3.548     -1.47                                        
  5738.572 607.01314     1.910    -3.280               7.724          1508Pc0075
  5738.594 607.01314     0.266    -3.211               7.724          0500Ra0345
  5738.635 607.01214     0.258    -3.916               7.724          0601Pb0035
  5738.745      25.1     5.832     -6.76                                        
  5738.805 607.01214     1.239    -3.171               7.724          1105Pb0045
  5738.811 607.01214     1.520    -2.123               7.724          0903Ra0585
  5738.818      23.0     3.270     -2.54                                        
  5738.834      25.0     3.761     -6.74                                        
  5738.887      69.1     5.074      0.16                                        
  5738.888      24.0     3.077     -9.07                                        
  5738.956      22.1     5.881     -4.81                                        
  5738.983      22.0     3.152     -2.81                                        
  5738.986      63.0     2.409      0.19                                        
  5738.999 607.01214     1.279    -2.486               7.724          1105Rb0135
  5739.000      22.0     3.164     -2.37                                        
  5739.030      22.0     3.282     -3.48                                        
  5739.031 607.01214     1.279    -2.842               7.724          1105Qd0145
  5739.032 607.01214     1.417    -2.076               7.724          1004Rb0425
  5739.045 607.01214     0.302    -3.094               7.724          0601Rb0135
  5739.048 607.01314     1.945    -2.982               7.724          1508Rc0145
  5739.052      22.0     2.304     -1.95                                        
  5739.063 106.00112     1.716    -2.921               3.464            BX13P215
  5739.078 607.01314     1.945    -2.101               7.724          1508Qa0155
  5739.080 607.01214     0.302    -3.474               7.724          0601Qd0145
  5739.099 607.01314     0.282    -3.217               7.724          0500Rb0345
  5739.126 607.01314     2.646    -2.004               7.724          1911Qb0205
  5739.129 607.01214     1.417    -3.182               7.724          1004Qd0435
  5739.130 607.01214     0.616    -4.673               7.724          0500Rd0515
  5739.157 607.01214     0.266    -3.211               7.724          0601Qb0065
  5739.164 607.01314     2.646    -3.058               7.724          1911Pd0215
  5739.175 607.01214     0.266    -3.800               7.724          0601Pd0075
  5739.181 607.01314     0.282    -4.177               7.724          0500Qd0355
  5739.196      68.0     1.308     -0.18                                        
  5739.205 607.01214     1.249    -2.529               7.724          1105Qb0075
  5739.211 106.00112     1.579    -7.098               3.464            AX02P235
  5739.216 106.00112     1.716    -6.971               3.464            BX13Q215
  5739.220 607.01214     1.356    -3.246               7.724          1105Rd0235
  5739.224 607.01214     1.249    -3.153               7.724          1105Pd0085
  5739.265      24.0     4.413     -2.68                                        
  5739.292   21.0045     1.447    -4.488                                 KURHFS 
  5739.293   21.0045     1.447    -4.333                                 KURHFS 
  5739.295   21.0045     1.447    -3.789                                 KURHFS 
  5739.296   21.0045     1.447    -4.333                                 KURHFS 
  5739.297   21.0045     1.447    -3.856                                 KURHFS 
  5739.298   21.0045     1.447    -3.593                                 KURHFS 
  5739.301   21.0045     1.447    -3.593                                 KURHFS 
  5739.301   21.0045     1.447    -4.430                                 KURHFS 
  5739.303   21.0045     1.447    -3.488                                 KURHFS 
  5739.306 106.00112     1.291    -4.681               3.464            BX14R035
  5739.307   21.0045     1.447    -4.634                                 KURHFS 
  5739.308   21.0045     1.447    -3.389                                 KURHFS 
  5739.309   21.0045     1.447    -3.441                                 KURHFS 
  5739.314   21.0045     1.447    -5.032                                 KURHFS 
  5739.315   21.0045     1.447    -3.219                                 KURHFS 
  5739.316   21.0045     1.447    -3.447                                 KURHFS 
  5739.324   21.0045     1.447    -3.073                                 KURHFS 
  5739.325   21.0045     1.447    -3.520                                 KURHFS 
  5739.335   21.0045     1.447    -2.944                                 KURHFS 
  5739.336   21.0045     1.447    -3.731                                 KURHFS 
  5739.344 106.00112     1.716    -2.872               3.464            BX13P225
  5739.347   21.0045     1.447    -2.828                                 KURHFS 
  5739.361   21.0045     1.447    -2.723                                 KURHFS 
  5739.390 607.01214     1.230    -3.117               7.724          1004Qc0315
  5739.391      23.0     2.563     -3.55                                        
  5739.395 106.00113     2.669    -6.018               3.464            AX36R255
  5739.408   27.0059     2.079    -5.778                                 KURHFS 
  5739.438   27.0059     2.079    -5.778                                 KURHFS 
  5739.438   27.0059     2.079    -5.954                                 KURHFS 
  5739.463 607.01214     1.230    -2.267               7.724          1004Pa0325
  5739.469      22.0     2.248     -0.61                                 LAWLER 
  5739.483   27.0059     2.079    -5.614                                 KURHFS 
  5739.483   27.0059     2.079    -6.079                                 KURHFS 
  5739.483   27.0059     2.079    -6.204                                 KURHFS 
  5739.496      24.0     2.913     -8.36                                        
  5739.508 106.00113     2.669    -5.210               3.464            AX36R265
  5739.513 607.01214     1.175    -3.438               7.724          1004Pc0275
  5739.524 106.00113     0.908    -7.019               3.464            AX02P115
  5739.528 607.01314     0.113    -4.085               7.724          0500Qc0215
  5739.544   27.0059     2.079    -5.606                                 KURHFS 
  5739.544   27.0059     2.079    -5.640                                 KURHFS 
  5739.544   27.0059     2.079    -6.632                                 KURHFS 
  5739.554 607.01314     0.077    -4.433               7.724          0500Pc0175
  5739.580 607.01314     0.113    -3.508               7.724          0500Pa0225
  5739.589      74.0     3.994     -0.58                                        
  5739.620   27.0059     2.079    -5.357                                 KURHFS 
  5739.620   27.0059     2.079    -5.767                                 KURHFS 
  5739.639 607.01314     1.991    -2.191               7.724          1508Ra0215
  5739.646      42.0     3.387     -1.51                                        
  5739.659 607.01314     1.922    -2.778               7.724          1508Qc0105
  5739.680 607.01314     0.422    -4.580               7.724          0500Rd0435
  5739.685 607.01314     1.922    -2.649               7.724          1508Pa0115
  5739.713   27.0059     2.079    -5.141                                 KURHFS 
  5739.720      76.0     3.171     -1.48                                        
  5739.727      24.1     7.380     -3.41                                        
  5739.763      24.0     0.941     -7.60                                        
  5739.779      26.0     4.188     -2.68                                        
  5739.865      21.0     4.429     -2.18                                        
  5739.865      21.0     4.429     -3.44                                        
  5739.897 607.01214     0.247    -3.345               7.724          0500Pb0315
  5739.903   23.0051     1.929    -5.779                                 KURHFS 
  5739.903   23.0051     1.929    -6.034                                 KURHFS 
  5739.903   23.0051     1.929    -6.064                                 KURHFS 
  5739.918   23.0051     1.929    -5.591                                 KURHFS 
  5739.918   23.0051     1.929    -5.646                                 KURHFS 
  5739.918   23.0051     1.929    -6.034                                 KURHFS 
  5739.925      25.0     5.594     -3.45                                        
  5739.932 106.00112     1.139    -7.419               3.464            BX03P095
  5739.941   23.0051     1.929    -5.391                                 KURHFS 
  5739.941   23.0051     1.929    -5.500                                 KURHFS 
  5739.941   23.0051     1.929    -6.085                                 KURHFS 
  5739.950      60.1     1.263     -0.93                              DenHarto03
  5739.950 607.01214     0.404    -3.897               7.724          0601Rd0255
  5739.971   23.0051     1.929    -5.193                                 KURHFS 
  5739.971   23.0051     1.929    -5.478                                 KURHFS 
  5739.971   23.0051     1.929    -6.210                                 KURHFS 
  5739.978      22.0     2.235     -0.92                                 LAWLER 
  5739.986      26.0     4.577     -1.73                                        
  5739.998 607.01214     2.007    -3.155               7.724          1508Pc0175
  5740.008   23.0051     1.929    -5.029                                 KURHFS 
  5740.008   23.0051     1.929    -5.532                                 KURHFS 
  5740.008   23.0051     1.929    -6.432                                 KURHFS 
  5740.053   23.0051     1.929    -4.888                                 KURHFS 
  5740.053   23.0051     1.929    -5.728                                 KURHFS 
  5740.053   23.0051     1.929    -6.842                                 KURHFS 
  5740.115 607.01314     1.938    -2.515               7.724          1508Pb0135
  5740.116 607.01214     1.308    -3.382               7.724          1004Rc0365
  5740.118 607.01314     2.009    -2.184               7.724          1508Rb0225
  5740.164 607.01314     2.009    -2.784               7.724          1508Qd0235
  5740.166 106.00112     1.291    -7.201               3.464            BX14Q045
  5740.171   27.0059     3.710    -5.481                                 KURHFS 
  5740.188      66.0     2.786      0.84                                        
  5740.188   27.0059     3.710    -5.481                                 KURHFS 
  5740.188   27.0059     3.710    -5.657                                 KURHFS 
  5740.200 607.01214     1.308    -1.862               7.724          1004Qa0375
  5740.205 106.00112     1.291    -4.530               3.464            BX14R045
  5740.213   27.0059     3.710    -5.317                                 KURHFS 
  5740.213   27.0059     3.710    -5.782                                 KURHFS 
  5740.213   27.0059     3.710    -5.907                                 KURHFS 
  5740.217      39.0     1.397     -0.92                                        
  5740.246   27.0059     3.710    -5.309                                 KURHFS 
  5740.246   27.0059     3.710    -5.343                                 KURHFS 
  5740.246   27.0059     3.710    -6.335                                 KURHFS 
  5740.249 106.00112     1.807    -7.868               3.464            AX14R195
  5740.264      21.0     4.494     -1.92                                        
  5740.287   27.0059     3.710    -5.060                                 KURHFS 
  5740.287   27.0059     3.710    -5.470                                 KURHFS 
  5740.304 607.01314     2.590    -3.183               7.724          1911Pc0125
  5740.336   27.0059     3.710    -4.844                                 KURHFS 
  5740.431 106.00112     1.507    -7.032               3.464            AX02P225
  5740.432      24.0     5.607     -0.96                                        
  5740.555 607.01214     1.281    -2.291               7.724          0903Pb0475
  5740.606 607.01214     0.177    -4.532               7.724          0500Pc0265
  5740.611      68.0     0.624     -1.31                                        
  5740.643      57.0     0.331     -0.97                                        
  5740.690 106.00112     2.167    -5.121               3.464            AX14R255
  5740.809 607.01214     1.395    -1.910               7.724          0903Qb0525
  5740.847 607.01214     0.309    -3.059               7.724          0601Rb0145
  5740.860      60.1     1.159     -0.53                              DenHarto03
  5740.881      62.0     1.754     -0.04                                        
  5740.883 607.01214     0.309    -3.477               7.724          0601Qd0155
  5740.897      23.0     2.580     -3.74                                        
  5740.902 607.01214     0.270    -3.140               7.724          0601Qb0075
  5740.922 607.01214     0.270    -3.777               7.724          0601Pd0085
  5740.931 106.00112     2.167    -7.018               3.464            AX14Q255
  5740.931 607.01214     1.395    -3.745               7.724          0903Pd0535
  5740.958 607.01314     1.966    -2.037               7.724          1508Qb0175
  5740.963      27.0     4.392     -1.38                                        
  5740.972 607.01214     1.242    -2.768               7.724          1105Ra0065
  5740.973 106.00113     1.267    -5.173               3.464            BX14R015
  5740.988 607.01314     2.608    -2.785               7.724          1911Qc0155
  5740.996 607.01314     1.966    -3.023               7.724          1508Pd0185
  5741.005 607.01214     0.260    -3.784               7.724          0601Pb0045
  5741.009 607.01314     1.072    -3.358               7.724          1004Pc0205
  5741.016 607.01314     2.608    -2.476               7.724          1911Pa0165
  5741.029 106.00112     2.167    -5.084               3.464            AX14R245
  5741.029 607.01214     1.245    -2.712               7.724          1105Ra0075
  5741.037 607.01214     1.286    -2.451               7.724          1105Rb0145
  5741.062 607.01314     2.695    -2.172               7.724          1911Rb0255
  5741.072 607.01214     1.286    -2.844               7.724          1105Qd0155
  5741.078 106.00113     1.503    -7.098               3.464            AX02P225
  5741.105      20.0     5.951     -7.91                                        
  5741.106 607.01314     2.695    -2.855               7.724          1911Qd0265
  5741.121 106.00113     2.406    -4.828               3.464            AX03Q325
  5741.128 607.01214     1.239    -2.830               7.724          1105Ra0055
  5741.151      25.1     6.180     -3.98                                        
  5741.170      90.1     0.868     -1.81                              Nils02/12%
  5741.174      62.0     0.101     -2.02                                        
  5741.195      26.0     2.424     -9.75                                        
  5741.201      22.0     2.504     -1.21                                 LAWLER 
  5741.206 607.01214     1.253    -2.465               7.724          1105Qb0085
  5741.227 607.01214     1.253    -3.136               7.724          1105Pd0095
  5741.238   23.0051     2.121    -5.564                                 KURHFS 
  5741.241   23.0051     2.121    -5.301                                 KURHFS 
  5741.241   23.0051     2.121    -5.497                                 KURHFS 
  5741.247   23.0051     2.121    -5.097                                 KURHFS 
  5741.247   23.0051     2.121    -5.301                                 KURHFS 
  5741.247   23.0051     2.121    -6.196                                 KURHFS 
  5741.257   23.0051     2.121    -4.927                                 KURHFS 
  5741.257   23.0051     2.121    -5.196                                 KURHFS 
  5741.257   23.0051     2.121    -6.041                                 KURHFS 
  5741.260 106.00113     2.160    -5.121               3.464            AX14R255
  5741.269   23.0051     2.121    -4.781                                 KURHFS 
  5741.269   23.0051     2.121    -5.149                                 KURHFS 
  5741.269   23.0051     2.121    -6.041                                 KURHFS 
  5741.270      60.1     1.489     -0.83                              DenHarto03
  5741.284   23.0051     2.121    -4.652                                 KURHFS 
  5741.284   23.0051     2.121    -5.155                                 KURHFS 
  5741.284   23.0051     2.121    -6.138                                 KURHFS 
  5741.297 607.01214     1.249    -2.661               7.724          1105Ra0085
  5741.302   23.0051     2.121    -4.536                                 KURHFS 
  5741.302   23.0051     2.121    -5.228                                 KURHFS 
  5741.302   23.0051     2.121    -6.342                                 KURHFS 
  5741.309      22.0     2.493     -3.47                                        
  5741.319      24.1     3.868     -4.06                                        
  5741.321 607.01214     1.242    -3.064               7.724          1105Pb0055
  5741.323   23.0051     2.121    -4.431                                 KURHFS 
  5741.323   23.0051     2.121    -5.439                                 KURHFS 
  5741.323   23.0051     2.121    -6.740                                 KURHFS 
  5741.341   27.0059     3.629    -4.873                                 KURHFS 
  5741.349   27.0059     3.629    -4.593                                 KURHFS 
  5741.349   27.0059     3.629    -4.873                                 KURHFS 
  5741.349   27.0059     3.629    -5.894                                 KURHFS 
  5741.359      23.0     3.284     -4.71                                        
  5741.366   21.0045     1.438    -4.534                                 KURHFS 
  5741.366   27.0059     3.629    -4.455                                 KURHFS 
  5741.366   27.0059     3.629    -4.593                                 KURHFS 
  5741.366   27.0059     3.629    -5.195                                 KURHFS 
  5741.371   21.0045     1.438    -4.124                                 KURHFS 
  5741.375   21.0045     1.438    -3.902                                 KURHFS 
  5741.379   21.0045     1.438    -3.777                                 KURHFS 
  5741.383   21.0045     1.438    -3.420                                 KURHFS 
  5741.383   21.0045     1.438    -3.726                                 KURHFS 
  5741.385   21.0045     1.438    -3.224                                 KURHFS 
  5741.386   21.0045     1.438    -3.170                                 KURHFS 
  5741.386   21.0045     1.438    -3.756                                 KURHFS 
  5741.387   21.0045     1.438    -3.192                                 KURHFS 
  5741.388   21.0045     1.438    -3.283                                 KURHFS 
  5741.389   21.0045     1.438    -3.471                                 KURHFS 
  5741.390   27.0059     3.629    -4.389                                 KURHFS 
  5741.390   27.0059     3.629    -4.455                                 KURHFS 
  5741.390   27.0059     3.629    -4.748                                 KURHFS 
  5741.394   21.0045     1.438    -3.726                                 KURHFS 
  5741.396   21.0045     1.438    -3.338                                 KURHFS 
  5741.397      22.0     3.158     -2.62                                        
  5741.398   21.0045     1.438    -3.083                                 KURHFS 
  5741.399 106.00113     2.406    -8.185               3.464            AX03R315
  5741.400   21.0045     1.438    -2.885                                 KURHFS 
  5741.401   21.0045     1.438    -2.721                                 KURHFS 
  5741.402   21.0045     1.438    -2.580                                 KURHFS 
  5741.408 607.01214     0.328    -4.475               7.724          0500Rc0365
  5741.412      20.0     4.440     -3.09                                        
  5741.414 106.00113     2.406    -7.251               3.464            AX03P325
  5741.423   27.0059     3.629    -4.382                                 KURHFS 
  5741.423   27.0059     3.629    -4.389                                 KURHFS 
  5741.423   27.0059     3.629    -4.417                                 KURHFS 
  5741.444 106.00113     1.648    -8.508               3.464            AX03R215
  5741.465   27.0059     3.629    -4.154                                 KURHFS 
  5741.465   27.0059     3.629    -4.382                                 KURHFS 
  5741.465   27.0059     3.629    -4.447                                 KURHFS 
  5741.490 106.00113     2.160    -7.018               3.464            AX14Q255
  5741.497 607.01214     0.328    -2.927               7.724          0500Qa0375
  5741.497 607.01214     1.237    -2.898               7.724          1105Ra0045
  5741.514   27.0059     3.629    -3.935                                 KURHFS 
  5741.514   27.0059     3.629    -4.447                                 KURHFS 
  5741.514   27.0059     3.629    -4.651                                 KURHFS 
  5741.516 106.00113     1.435    -7.033               3.464            AX02P215
  5741.519      22.0     3.059     -3.57                                        
  5741.558 106.00112     2.565    -6.065               3.464            AX46P235
  5741.572   27.0059     3.629    -3.748                                 KURHFS 
  5741.572   27.0059     3.629    -4.651                                 KURHFS 
  5741.580      23.1     4.700     -2.61                                        
  5741.607 106.00113     2.161    -5.084               3.464            AX14R245
  5741.633      24.0     3.119     -4.82                                        
  5741.649      20.0     5.951     -7.55                                        
  5741.687 607.01214     0.461    -3.122               7.724          0500Rb0435
  5741.691 106.00113     2.406    -4.816               3.464            AX03Q315
  5741.693 607.01314     2.638    -3.046               7.724          1911Rc0195
  5741.695      42.0     3.904     -1.02                                        
  5741.728 607.01314     2.638    -2.003               7.724          1911Qa0205
  5741.732 607.01314     1.124    -2.369               7.724          1004Pb0255
  5741.745      23.0     3.096     -1.12                                        
  5741.776 607.01214     1.253    -2.614               7.724          1105Ra0095
  5741.793 607.01214     0.461    -4.286               7.724          0500Qd0445
  5741.801 106.00112     2.058    -5.508               3.464            AX03R275
  5741.808 607.01314     2.622    -2.417               7.724          1911Pb0175
  5741.835 106.00112     2.591    -5.715               3.464            AX51P385
  5741.845 607.01314     1.913    -3.239               7.724          1508Pc0085
  5741.848      26.0     4.256     -1.67                              NIST/C    
  5741.869 607.01214     1.245    -2.261               7.724          1004Pb0325
  5741.880      25.1     6.001     -4.92                                        
  5741.882 607.01214     2.729    -2.263               7.724          1911Pb0235
  5741.911 607.01214     2.719    -2.275               7.724          1911Pa0235
  5741.915 607.01214     1.366    -3.253               7.724          1105Rd0245
  5741.949 607.01214     1.633    -3.067               7.724          0600Qb0835
  5741.978 607.01314     1.951    -2.985               7.724          1508Rc0155
  5741.994      20.0     5.177     -2.49                                        
