a line list in the range:    5049.00   5061.00
  5049.018 607.01214     0.825    -4.360               7.724          0902Pd0375
  5049.036       6.0     8.636     -3.28                                        
  5049.044 106.00113     2.041    -6.322               3.464            AX23P265
  5049.060 106.00113     0.871    -6.673               3.464            BX02P105
  5049.069      24.0     4.613     -3.41                                        
  5049.075 607.01314     2.684    -2.415               7.724          2111Pb0245
  5049.081 106.00112     2.399    -5.314               3.464            AX56Q215
  5049.121 607.01314     2.117    -3.984               7.724          1809Rd0005
  5049.127      22.0     3.567     -1.51                                        
  5049.131 106.00112     2.399    -3.032               3.464            AX56R205
  5049.156       6.0     8.636     -3.14                                        
  5049.161 607.01214     2.218    -2.672               7.724          1809Pb0155
  5049.164 106.00113     2.003    -6.561               3.464            AX56P115
  5049.186 106.00113     2.003    -5.677               3.464            AX56P125
  5049.213 112.00124     0.569     0.070               1.340           22R218b24
  5049.229 112.00124     1.008     0.757               1.340           00Q239b24
  5049.317 112.00124     0.569    -2.183               1.340           22Q118b24
  5049.319      25.1     6.640     -2.75                                        
  5049.344      26.0     3.940     -3.51                                        
  5049.388 112.00124     1.008    -3.453               1.340           00R239b24
  5049.395 607.01314     1.491    -3.494               7.724          1406Rd0155
  5049.403 607.01214     2.346    -3.417               7.724          1809Rd0295
  5049.415 112.00124     1.008    -3.453               1.340           00P139b24
  5049.419      23.0     2.503     -8.93                                        
  5049.426 106.00112     1.796    -5.999               3.464            AX12P265
  5049.456 607.01214     0.689    -4.382               7.724          0902Pc0275
  5049.459 607.01314     2.155    -3.308               7.724          1809Rd0135
  5049.487 106.00113     2.003    -6.296               3.464            AX56Q115
  5049.493      62.0     0.036     -1.50                                        
  5049.503 607.01214     0.759    -3.399               7.724          1003Qb0055
  5049.514 607.01214     0.759    -3.930               7.724          1003Pd0065
  5049.524 106.00112     2.307    -6.529               3.464            AX01P355
  5049.528      25.1     6.640     -2.04                                        
  5049.544      23.0     2.576     -4.87                                        
  5049.571 607.01314     1.441    -3.487               7.724          1406Qd0025
  5049.571 607.01314     1.441    -3.748               7.724          1406Rb0015
  5049.574 112.00124     1.008     0.769               1.340           00Q139h24
  5049.576 112.00124     0.569     0.089               1.340           22R118b24
  5049.619 607.01314     1.442    -3.395               7.724          1406Qd0035
  5049.619 607.01314     1.442    -3.575               7.724          1406Rb0025
  5049.628   23.0051     1.852    -8.696                                 KURHFS 
  5049.628   23.0051     1.852    -8.763                                 KURHFS 
  5049.628   23.0051     1.852    -9.395                                 KURHFS 
  5049.633   23.0051     1.852    -8.500                                 KURHFS 
  5049.633   23.0051     1.852    -8.500                                 KURHFS 
  5049.633   23.0051     1.852    -9.240                                 KURHFS 
  5049.639   23.0051     1.852    -8.296                                 KURHFS 
  5049.639   23.0051     1.852    -8.395                                 KURHFS 
  5049.639   23.0051     1.852    -9.240                                 KURHFS 
  5049.645 106.00113     2.111    -6.306               3.464            AX01P335
  5049.648   23.0051     1.852    -8.126                                 KURHFS 
  5049.648   23.0051     1.852    -8.348                                 KURHFS 
  5049.648   23.0051     1.852    -9.337                                 KURHFS 
  5049.650 607.01214     2.797    -2.317               7.724          2111Pa0305
  5049.657 607.01314     1.440    -3.618               7.724          1406Qd0015
  5049.657 607.01314     1.440    -4.022               7.724          1406Rb0005
  5049.659   23.0051     1.852    -7.980                                 KURHFS 
  5049.659   23.0051     1.852    -8.354                                 KURHFS 
  5049.659   23.0051     1.852    -9.541                                 KURHFS 
  5049.666 112.00124     0.444     0.333               1.340           00R225h24
  5049.673   23.0051     1.852    -7.851                                 KURHFS 
  5049.673   23.0051     1.852    -8.427                                 KURHFS 
  5049.673   23.0051     1.852    -9.939                                 KURHFS 
  5049.688   23.0051     1.852    -7.735                                 KURHFS 
  5049.688   23.0051     1.852    -8.638                                 KURHFS 
  5049.699 607.01214     0.785    -3.279               7.724          1003Rb0115
  5049.701      58.1     1.106     -1.85                              Lawler09  
  5049.706   23.0051     1.852    -7.630                                 KURHFS 
  5049.721 607.01214     0.785    -3.564               7.724          1003Qd0125
  5049.726 607.01314     1.381    -3.755               7.724          1305Pc0275
  5049.740      23.0     2.503     -5.93                                        
  5049.770 112.00125     1.007     0.769               1.340           00Q139h25
  5049.784 607.01214     2.762    -3.376               7.724          2111Pc0265
  5049.785 607.01214     1.545    -2.780               7.724          1406Pb0175
  5049.796      27.0     4.110     -1.88                                        
  5049.796      90.1     0.829     -1.40                                        
  5049.809 607.01314     1.444    -3.329               7.724          1406Qd0045
  5049.809 607.01314     1.444    -3.445               7.724          1406Rb0035
  5049.814 112.00124     0.444    -2.272               1.340           00Q125b24
  5049.820      26.0     2.279     -1.35                              NIST/B    
  5049.823 106.00112     1.860    -6.163               3.464            AX34P195
  5049.844 607.01314     0.647    -2.927               7.724          0902Qb0255
  5049.870   27.0059     1.784    -4.755                                 KURHFS 
  5049.870   27.0059     1.784    -5.076                                 KURHFS 
  5049.870   27.0059     1.784    -5.553                                 KURHFS 
  5049.876 112.00125     0.443     0.333               1.340           00R225h25
  5049.890 607.01314     0.647    -4.901               7.724          0902Pd0265
  5049.890 607.01314     1.440    -3.786               7.724          1406Qd0005
  5049.894   27.0059     1.784    -5.076                                 KURHFS 
  5049.894   27.0059     1.784    -5.097                                 KURHFS 
  5049.894   27.0059     1.784    -5.222                                 KURHFS 
  5049.896 112.00124     0.641    -0.107               1.340           33R214b24
  5049.898 607.01214     0.916    -2.987               7.724          0902Ra0425
  5049.904 106.00112     1.650    -5.999               3.464            AX12P245
  5049.913 607.01314     2.119    -3.578               7.724          1809Rb0015
  5049.915 607.01314     2.119    -3.312               7.724          1809Qd0025
  5049.916 112.00124     0.641    -0.084               1.340           33R114b24
  5049.920 607.01314     0.614    -3.346               7.724          0902Pb0225
  5049.921 106.00112     0.841    -5.981               3.464            AX01P165
  5049.952 607.01214     0.854    -3.948               7.724          1003Rd0215
  5049.962 607.01314     2.118    -3.852               7.724          1809Rb0005
  5049.963 112.00126     1.005     0.769               1.340           00Q139h26
  5049.964 607.01314     2.118    -3.444               7.724          1809Qd0015
  5049.975 112.00124     0.641    -2.087               1.340           33Q114b24
  5050.010 607.01214     0.754    -4.021               7.724          1003Pb0035
  5050.017 607.01314     2.120    -3.220               7.724          1809Qd0035
  5050.017 607.01314     2.120    -3.405               7.724          1809Rb0025
  5050.029 607.01214     0.795    -3.524               7.724          0801Pb0475
  5050.056 106.00112     1.290    -5.806               3.464            BX13R145
  5050.062 112.00126     0.443     0.333               1.340           00R225h26
  5050.102 607.01214     2.233    -3.228               7.724          1809Rc0175
  5050.120      26.0     4.253     -4.20                                        
  5050.126 607.01214     2.798    -3.061               7.724          2111Qc0295
  5050.128 607.01214     2.233    -2.240               7.724          1809Qa0185
  5050.131      26.0     3.879     -3.23                                        
  5050.133 607.01314     1.446    -3.340               7.724          1406Rb0045
  5050.137 112.00124     0.444     0.348               1.340           00R125h24
  5050.139 607.01314     1.446    -3.279               7.724          1406Qd0055
  5050.144      22.0     1.501     -3.75                                        
  5050.164 607.01314     2.117    -3.614               7.724          1809Qd0005
  5050.184 106.00113     1.865    -6.041               3.464            AX12P275
  5050.230 607.01214     0.745    -4.054               7.724          0902Qc0315
  5050.232      23.0     3.054     -4.21                                        
  5050.267 607.01314     2.121    -3.276               7.724          1809Rb0035
  5050.271 607.01314     2.121    -3.152               7.724          1809Qd0045
  5050.289 607.01214     0.745    -3.202               7.724          0902Pa0325
  5050.321 607.01214     2.288    -2.387               7.724          1809Rb0235
  5050.346 112.00125     0.443     0.348               1.340           00R125h25
  5050.356 607.01214     2.288    -3.025               7.724          1809Qd0245
  5050.373 106.00113     1.716    -6.034               3.464            AX12P255
  5050.426 112.00124     0.977     0.638               1.340           11Q235h24
  5050.454      23.1     6.160     -4.72                                        
  5050.505   27.0059     2.784    -8.026                                 KURHFS 
  5050.505   27.0059     2.784    -8.222                                 KURHFS 
  5050.519   27.0059     2.784    -8.001                                 KURHFS 
  5050.519   27.0059     2.784    -8.012                                 KURHFS 
  5050.519   27.0059     2.784    -8.222                                 KURHFS 
  5050.540   27.0059     2.784    -7.874                                 KURHFS 
  5050.540   27.0059     2.784    -7.898                                 KURHFS 
  5050.540   27.0059     2.784    -8.001                                 KURHFS 
  5050.541 106.00113     2.406    -7.505               3.464            AX23P315
  5050.541 112.00126     0.443     0.348               1.340           00R125h26
  5050.564      57.0     0.373     -0.75                                        
  5050.567   27.0059     2.784    -7.707                                 KURHFS 
  5050.567   27.0059     2.784    -7.855                                 KURHFS 
  5050.567   27.0059     2.784    -7.898                                 KURHFS 
  5050.569 607.01214     1.581    -2.333               7.724          1406Qb0215
  5050.582 607.01314     2.161    -3.307               7.724          1809Rd0145
  5050.584      26.0     2.196     -4.99                                        
  5050.584 112.00124     0.977    -3.390               1.340           11R235b24
  5050.595 112.00124     0.977    -3.390               1.340           11P135b24
  5050.602   27.0059     2.784    -7.538                                 KURHFS 
  5050.602   27.0059     2.784    -7.855                                 KURHFS 
  5050.602   27.0059     2.784    -7.866                                 KURHFS 
  5050.605 607.01314     1.449    -3.252               7.724          1406Rb0055
  5050.607 607.01214     1.581    -3.479               7.724          1406Pd0225
  5050.613 112.00125     0.976     0.638               1.340           11Q235h25
  5050.613 607.01314     1.498    -3.496               7.724          1406Rd0165
  5050.616 607.01314     1.449    -3.242               7.724          1406Qd0065
  5050.643   27.0059     2.784    -7.379                                 KURHFS 
  5050.643   27.0059     2.784    -7.866                                 KURHFS 
  5050.643   27.0059     2.784    -7.943                                 KURHFS 
  5050.672 106.00112     2.010    -6.275               3.464            AX56Q115
  5050.672 607.01314     2.124    -3.172               7.724          1809Rb0045
  5050.677 607.01314     2.124    -3.102               7.724          1809Qd0055
  5050.678 106.00112     2.010    -6.561               3.464            AX56P115
  5050.691   27.0059     2.784    -7.231                                 KURHFS 
  5050.691   27.0059     2.784    -7.943                                 KURHFS 
  5050.691   27.0059     2.784    -8.158                                 KURHFS 
  5050.725 106.00112     1.294    -3.700               3.464            BX11R245
  5050.746   27.0059     2.784    -7.095                                 KURHFS 
  5050.746   27.0059     2.784    -8.158                                 KURHFS 
  5050.752 112.00124     0.977     0.650               1.340           11Q135b24
  5050.766 607.01314     1.440    -3.786               7.724          1406Qb0005
  5050.769 607.01314     1.440    -4.088               7.724          1406Pd0015
  5050.781 112.00126     0.975     0.638               1.340           11Q235h26
  5050.784      90.0     0.457     -1.90                                        
  5050.787 607.01314     0.604    -4.408               7.724          0902Qc0215
  5050.802 106.00113     2.112    -6.432               3.464            AX23P275
  5050.826 607.01314     0.604    -3.337               7.724          0902Pa0225
  5050.850 106.00112     2.010    -5.676               3.464            AX56P125
  5050.855 607.01214     0.762    -3.317               7.724          1003Qb0065
  5050.868 607.01214     0.762    -3.898               7.724          1003Pd0075
  5050.880      64.1     1.597     -0.75                              DenHarto06
  5050.939      22.0     2.406     -5.32                                        
  5050.982      58.0     0.552     -0.45                                        
  5050.984 607.01214     2.193    -3.404               7.724          1809Pc0115
  5051.015 607.01314     2.118    -3.614               7.724          1809Qb0005
  5051.017 607.01314     2.118    -3.916               7.724          1809Pd0015
  5051.055      60.0     0.456     -0.01                                        
  5051.071 106.00113     1.031    -3.728               3.464            BX13R055
  5051.075 607.01214     1.636    -2.499               7.724          1406Rb0265
  5051.108 607.01214     0.791    -3.237               7.724          1003Rb0125
  5051.121 607.01214     1.636    -3.239               7.724          1406Qd0275
  5051.132 607.01214     0.791    -3.562               7.724          1003Qd0135
  5051.215      23.0     3.085     -3.20                                        
  5051.223 607.01314     1.452    -3.176               7.724          1406Rb0065
  5051.229 607.01314     2.126    -3.084               7.724          1809Rb0055
  5051.233 607.01314     1.452    -3.213               7.724          1406Qd0075
  5051.236 607.01314     2.126    -3.064               7.724          1809Qd0065
  5051.246      24.0     3.367     -2.85                                        
  5051.249      24.0     4.141     -3.54                                        
  5051.255 106.00112     1.872    -6.041               3.464            AX12P275
  5051.255 106.00113     2.288    -2.450               3.464            AX51R355
  5051.259      26.0     4.962     -2.60                                        
  5051.277      26.0     4.217     -1.14                                        
  5051.289 106.00112     2.361    -3.594               3.464            AX13R315
  5051.411 607.01214     2.278    -2.374               7.724          1809Ra0235
  5051.414 607.01314     1.441    -3.550               7.724          1406Qb0015
  5051.417 607.01314     1.441    -3.857               7.724          1406Pd0025
  5051.421      23.1     6.857     -2.91                                        
  5051.452 106.00112     1.758   -13.010               3.464            CX05R115
  5051.459 106.00113     1.013    -3.851               3.464            BX13R045
  5051.476      22.0     2.736     -3.12                                        
  5051.506      28.0     3.652     -0.84                                        
  5051.508 106.00112     2.361    -5.980               3.464            AX13Q315
  5051.542 106.00113     1.031    -6.939               3.464            BX13Q065
  5051.543      22.0     2.238     -2.44                                        
  5051.555 607.01214     2.250    -2.211               7.724          1809Qb0195
  5051.575 106.00112     1.758    -8.889               3.464            CX05Q115
  5051.578 607.01214     1.624    -2.488               7.724          1406Ra0265
  5051.579       6.0     8.531     -2.48                                        
  5051.579 607.01214     2.250    -3.273               7.724          1809Pd0205
  5051.582   23.0051     1.063    -4.813                                 KURHFS 
  5051.584 106.00112     0.973    -5.498               3.464            BX13R015
  5051.585 106.00113     1.031    -3.621               3.464            BX13R065
  5051.589   23.0051     1.063    -5.029                                 KURHFS 
  5051.589   23.0051     1.063    -5.439                                 KURHFS 
  5051.595   23.0051     1.063    -5.278                                 KURHFS 
  5051.595   23.0051     1.063    -5.312                                 KURHFS 
  5051.595   23.0051     1.063    -6.304                                 KURHFS 
  5051.600      23.0     2.682     -0.48                               LAWNOHFS 
  5051.600   23.0051     1.063    -5.286                                 KURHFS 
  5051.600   23.0051     1.063    -5.751                                 KURHFS 
  5051.600   23.0051     1.063    -5.876                                 KURHFS 
  5051.604   23.0051     1.063    -5.450                                 KURHFS 
  5051.604   23.0051     1.063    -5.626                                 KURHFS 
  5051.606   23.0051     1.063    -5.450                                 KURHFS 
  5051.615 106.00112     2.361    -3.648               3.464            AX13R305
  5051.635      26.0     0.915     -2.79                              NIST/A    
  5051.645 106.00112     1.758    -8.339               3.464            CX05Q125
  5051.650 106.00112     2.029    -6.257               3.464            AX01P325
  5051.667 607.01314     2.119    -3.378               7.724          1809Qb0015
  5051.669 607.01314     2.119    -3.684               7.724          1809Pd0025
  5051.671 607.01314     2.717    -3.243               7.724          2111Rc0275
  5051.680   23.0051     3.113    -4.598                                 KURHFS 
  5051.680   23.0051     3.113    -5.297                                 KURHFS 
  5051.685   23.0051     3.113    -4.890                                 KURHFS 
  5051.685   23.0051     3.113    -5.116                                 KURHFS 
  5051.685   23.0051     3.113    -5.297                                 KURHFS 
  5051.689   23.0051     3.113    -5.085                                 KURHFS 
  5051.689   23.0051     3.113    -5.116                                 KURHFS 
  5051.689   23.0051     3.113    -5.296                                 KURHFS 
  5051.692   23.0051     3.113    -5.085                                 KURHFS 
  5051.692   23.0051     3.113    -5.149                                 KURHFS 
  5051.692   23.0051     3.113    -6.013                                 KURHFS 
  5051.694   23.0051     3.113    -5.149                                 KURHFS 
  5051.694   23.0051     3.113    -5.348                                 KURHFS 
  5051.694   23.0051     3.113    -7.256                                 KURHFS 
  5051.696   23.0051     3.113    -5.348                                 KURHFS 
  5051.696   23.0051     3.113    -5.603                                 KURHFS 
  5051.708 607.01314     2.717    -2.008               7.724          2111Qa0285
  5051.756 106.00112     0.896    -5.946               3.464            AX01P175
  5051.760      24.0     4.614     -2.94                                        
  5051.769 106.00112     1.758   -11.357               3.464            CX05P125
  5051.785      26.0     4.604     -4.24                                        
  5051.787 106.00113     0.894    -5.999               3.464            AX01P175
  5051.788 106.00113     1.856    -6.219               3.464            AX34P195
  5051.821 106.00113     2.331    -7.038               3.464            AX23P305
  5051.827 106.00112     2.010    -6.296               3.464            AX56Q115
  5051.833 106.00112     2.010    -6.561               3.464            AX56P115
  5051.838 106.00113     1.053    -3.622               3.464            BX13R065
  5051.866 607.01314     2.167    -3.308               7.724          1809Rd0155
  5051.880 607.01214     1.571    -3.435               7.724          1406Rc0205
  5051.886 607.01214     0.756    -3.889               7.724          1003Pb0045
  5051.888 106.00113     2.184    -6.573               3.464            AX23P285
  5051.898      24.0     0.941     -2.98                                        
  5051.916 607.01214     1.571    -2.335               7.724          1406Qa0215
  5051.928 607.01214     0.864    -3.954               7.724          1003Rd0225
  5051.931 106.00112     2.010    -5.677               3.464            AX56P125
  5051.942 607.01314     2.129    -3.009               7.724          1809Rb0065
  5051.949 607.01314     2.129    -3.034               7.724          1809Qd0075
  5051.976 106.00113     2.020    -6.257               3.464            AX01P325
  5051.980 607.01314     1.455    -3.109               7.724          1406Rb0075
  5051.983 607.01314     1.505    -3.499               7.724          1406Rd0175
  5051.985 607.01314     2.766    -2.209               7.724          2111Ra0325
  5051.992 607.01314     1.455    -3.192               7.724          1406Qd0085
  5052.020 106.00112     1.872    -6.495               3.464            AX45P145
  5052.023 106.00112     1.848    -6.093               3.464            AX23P235
  5052.025 106.00113     1.013    -6.845               3.464            BX13Q055
  5052.053 607.01214     0.825    -4.309               7.724          0902Rc0365
  5052.054      22.0     2.343     -2.03                                 LAWLER 
  5052.057 106.00113     2.393    -2.744               3.464            AX51P365
  5052.062 106.00113     1.013    -3.727               3.464            BX13R055
  5052.075      25.1     6.640     -3.75                                        
  5052.080 607.01214     1.516    -3.572               7.724          1406Pc0135
  5052.104 607.01214     1.537    -3.191               7.724          1406Qc0165
  5052.121 607.01214     0.825    -2.789               7.724          0902Qa0375
  5052.133 607.01214     1.537    -2.802               7.724          1406Pa0175
  5052.167       6.0     7.679     -1.65                                        
  5052.167 607.01214     2.211    -2.997               7.724          1809Qc0145
  5052.183 607.01214     2.211    -2.699               7.724          1809Pa0155
  5052.200 607.01314     1.442    -3.366               7.724          1406Qb0025
  5052.205 607.01314     1.442    -3.727               7.724          1406Pd0035
  5052.220      74.0     2.600     -1.16                                        
  5052.240 106.00113     1.053    -7.008               3.464            BX13Q075
  5052.247 106.00113     2.257    -6.762               3.464            AX23P295
  5052.288 106.00113     1.053    -3.526               3.464            BX13R075
  5052.305 607.01214     2.810    -2.311               7.724          2111Pb0305
  5052.324 106.00113     1.613    -8.616               3.464            CX05R065
  5052.346 607.01214     0.766    -3.246               7.724          1003Qb0075
  5052.347 607.01314     0.659    -4.492               7.724          0902Rc0265
  5052.361 607.01214     0.766    -3.874               7.724          1003Pd0085
  5052.369 106.00113     1.944    -6.090               3.464            AX12P285
  5052.383 106.00113     1.613   -11.861               3.464            CX05Q075
  5052.389 106.00112     1.723    -6.033               3.464            AX12P255
  5052.395 607.01314     0.659    -2.904               7.724          0902Qa0275
  5052.463 607.01214     0.760    -3.196               7.724          0902Pb0325
  5052.467 607.01314     2.120    -3.195               7.724          1809Qb0025
  5052.473 607.01314     2.120    -3.553               7.724          1809Pd0035
  5052.505      26.0     3.298     -4.71                                        
  5052.511 607.01314     1.441    -4.088               7.724          1406Pb0015
  5052.614      21.0     4.201     -3.20                                        
  5052.632 607.01214     1.061    -4.491               7.724          0902Rd0495
  5052.633 106.00112     2.214    -6.453               3.464            AX01P345
  5052.655      68.0     1.963      0.33                                        
  5052.664 607.01214     0.797    -3.199               7.724          1003Rb0135
  5052.678 106.00113     1.613    -8.730               3.464            CX05R075
  5052.690 607.01214     0.797    -3.562               7.724          1003Qd0145
  5052.705   62.1154     1.374    -0.160                              Roe08HFSIS
  5052.706 112.00124     0.190    -2.006               1.340           00R116b24
  5052.709 607.01314     2.119    -3.916               7.724          1809Pb0015
  5052.724   62.1152     1.374    -0.160                              Roe08HFSIS
  5052.730 607.01314     2.728    -2.006               7.724          2111Qb0285
  5052.761   62.1150     1.374    -0.160                              Roe08HFSIS
  5052.768 607.01314     2.728    -3.283               7.724          2111Pd0295
  5052.779   62.1149     1.374    -0.160                              Roe08HFSIS
  5052.779 106.00113     0.952    -5.960               3.464            AX01P185
  5052.785   62.1148     1.374    -0.160                              Roe08HFSIS
  5052.799   62.1147     1.374    -0.160                              Roe08HFSIS
  5052.807 607.01314     2.132    -2.942               7.724          1809Rb0075
  5052.816   62.1144     1.374    -0.160                              Roe08HFSIS
  5052.818 607.01314     2.132    -3.012               7.724          1809Qd0085
  5052.867 106.00113     0.997    -4.000               3.464            BX13R035
  5052.869      22.0     2.173     -0.27                                 LAWLER 
  5052.871 106.00112     1.862    -6.219               3.464            AX34P195
  5052.875 106.00113     1.791    -6.072               3.464            AX12P265
  5052.882 607.01314     1.459    -3.050               7.724          1406Rb0085
  5052.897 607.01314     1.459    -3.175               7.724          1406Qd0095
  5052.955 607.01214     0.935    -2.991               7.724          0902Rb0425
  5052.982      26.0     3.265     -3.08                                        
  5052.996 106.00112     1.951    -6.090               3.464            AX12P285
  5052.999 607.01214     2.225    -2.638               7.724          1809Pb0165
  5053.012 607.01314     2.655    -3.327               7.724          2111Pc0215
  5053.033 607.01214     0.935    -4.112               7.724          0902Qd0435
  5053.082 106.00112     2.010    -7.240               3.464            CX05P185
  5053.084 106.00112     2.010   -11.507               3.464            CX05Q175
  5053.129 607.01314     1.444    -3.226               7.724          1406Qb0035
  5053.134      24.0     4.532     -3.23                                        
  5053.134 607.01314     1.444    -3.641               7.724          1406Pd0045
  5053.137 607.01314     0.576    -4.392               7.724          0902Pc0185
  5053.146 112.00124     0.486     0.200               1.340           11R221h24
  5053.161      22.0     2.394     -6.19                                        
  5053.209 106.00112     2.221    -6.029               3.464            AX45Q215
  5053.245 106.00112     2.010    -7.327               3.464            CX05P175
  5053.252      22.0     3.407     -3.68                                        
  5053.263      58.0     0.295     -0.89                                        
  5053.271 112.00124     0.486    -2.220               1.340           11Q121b24
  5053.280      74.0     0.207     -1.58                                        
  5053.285 106.00112     2.221    -4.927               3.464            AX45P225
  5053.296      28.0     3.831     -3.54                                        
  5053.313      23.1     6.068     -3.52                                        
  5053.313 607.01314     2.173    -3.309               7.724          1809Rd0165
  5053.324      25.1     5.811     -8.88                                        
  5053.331 112.00125     0.485     0.200               1.340           11R221h25
  5053.339 106.00112     2.221    -7.172               3.464            AX45P215
  5053.363 607.01214     2.241    -3.233               7.724          1809Rc0185
  5053.390 607.01214     2.241    -2.213               7.724          1809Qa0195
  5053.395      59.0     0.171      0.20                                        
  5053.405 106.00113     2.299    -6.529               3.464            AX01P355
  5053.421 607.01314     2.121    -3.056               7.724          1809Qb0035
  5053.428 607.01314     2.121    -3.466               7.724          1809Pd0045
  5053.481 607.01314     2.779    -2.218               7.724          2111Rb0325
  5053.494 112.00126     0.485     0.200               1.340           11R221h26
  5053.504      20.0     4.128     -2.82                                        
  5053.506 607.01314     1.512    -3.503               7.724          1406Rd0185
  5053.511 607.01214     0.759    -3.483               7.724          1003Ra0065
  5053.515       6.0     8.531     -2.98                                        
  5053.524 607.01314     2.779    -3.031               7.724          2111Qd0335
  5053.537      58.0     0.384     -0.61                                        
  5053.544      42.0     2.913     -1.79                                        
  5053.548      23.0     2.682     -3.55                                        
  5053.570 106.00113     0.998    -6.718               3.464            BX13Q045
  5053.589 112.00124     0.486     0.218               1.340           11R121h24
  5053.589 607.01214     0.756    -3.545               7.724          1003Ra0055
  5053.602 106.00113     0.998    -3.849               3.464            BX13R045
  5053.606 607.01214     0.762    -3.427               7.724          1003Ra0075
  5053.774 112.00125     0.486     0.218               1.340           11R121h25
  5053.800 607.01214     1.553    -2.750               7.724          1406Pb0185
  5053.819 106.00112     1.873    -6.537               3.464            AX45P145
  5053.824      22.0     2.316     -3.41                                        
  5053.824 607.01314     2.136    -2.882               7.724          1809Rb0085
  5053.837 607.01314     2.136    -2.994               7.724          1809Qd0095
  5053.842 607.01214     0.754    -3.614               7.724          1003Ra0045
  5053.864 607.01314     2.684    -2.991               7.724          2111Qc0245
  5053.875 106.00112     1.914    -6.088               3.464            AX23P245
  5053.875 607.01214     0.766    -3.376               7.724          1003Ra0085
  5053.897 607.01314     2.684    -2.405               7.724          2111Pa0255
  5053.900 607.01214     0.759    -3.782               7.724          1003Pb0055
  5053.902 106.00112     0.874    -6.672               3.464            BX02P105
  5053.910   23.0051     2.121    -4.400                                 KURHFS 
  5053.912   23.0051     2.121    -4.137                                 KURHFS 
  5053.912   23.0051     2.121    -4.333                                 KURHFS 
  5053.917   23.0051     2.121    -3.933                                 KURHFS 
  5053.917   23.0051     2.121    -4.137                                 KURHFS 
  5053.917   23.0051     2.121    -5.032                                 KURHFS 
  5053.921 106.00113     1.077    -3.527               3.464            BX13R075
  5053.924   23.0051     2.121    -3.763                                 KURHFS 
  5053.924   23.0051     2.121    -4.032                                 KURHFS 
  5053.924   23.0051     2.121    -4.877                                 KURHFS 
  5053.930 607.01314     1.463    -2.996               7.724          1406Rb0095
  5053.932 112.00126     0.485     0.218               1.340           11R121h26
  5053.933   23.0051     2.121    -3.617                                 KURHFS 
  5053.933   23.0051     2.121    -3.985                                 KURHFS 
  5053.933   23.0051     2.121    -4.877                                 KURHFS 
  5053.945   23.0051     2.121    -3.488                                 KURHFS 
  5053.945   23.0051     2.121    -3.991                                 KURHFS 
  5053.945   23.0051     2.121    -4.974                                 KURHFS 
  5053.948 607.01314     1.463    -3.164               7.724          1406Qd0105
  5053.959   23.0051     2.121    -3.372                                 KURHFS 
  5053.959   23.0051     2.121    -4.064                                 KURHFS 
  5053.959   23.0051     2.121    -5.178                                 KURHFS 
  5053.976   23.0051     2.121    -3.267                                 KURHFS 
  5053.976   23.0051     2.121    -4.275                                 KURHFS 
  5053.976   23.0051     2.121    -5.576                                 KURHFS 
  5053.977 112.00124     0.623    -0.134               1.340           33R213b24
  5053.977 607.01214     0.770    -3.182               7.724          1003Qb0085
  5053.991      26.0     2.557     -6.83                                        
  5053.994 607.01214     0.770    -3.857               7.724          1003Pd0095
  5054.028 607.01314     1.442    -3.812               7.724          1406Pb0025
  5054.038      42.0     3.315     -1.40                                        
  5054.051 112.00124     0.623    -2.086               1.340           33Q113b24
  5054.060 607.01214     0.875    -3.961               7.724          1003Rd0235
  5054.061 607.01314     0.659    -2.908               7.724          0902Qb0265
  5054.074      22.0     2.675     -0.68                                        
  5054.109 607.01314     0.659    -4.985               7.724          0902Pd0275
  5054.125 607.01214     2.299    -2.367               7.724          1809Rb0245
  5054.162 607.01214     2.299    -3.032               7.724          1809Qd0255
  5054.178      58.0     0.159     -0.64                                        
  5054.198 607.01314     1.446    -3.114               7.724          1406Qb0045
  5054.202 607.01314     1.446    -3.579               7.724          1406Pd0055
  5054.203      24.0     4.609     -1.25                                        
  5054.208 607.01314     2.120    -3.640               7.724          1809Pb0025
  5054.218 112.00124     0.928     0.500               1.340           22Q230b24
  5054.233      22.0     2.776     -3.58                                        
  5054.270 106.00113     1.077    -7.058               3.464            BX13Q085
  5054.271 607.01214     0.752    -3.691               7.724          1003Ra0035
  5054.273      42.0     3.245     -1.87                                        
  5054.295 106.00113     1.932    -6.216               3.464            AX01P315
  5054.305 112.00124     0.623    -0.110               1.340           33R113b24
  5054.315 607.01214     0.770    -3.328               7.724          1003Ra0095
  5054.324 106.00113     1.077    -3.439               3.464            BX13R085
  5054.329      22.0     3.137     -2.57                                        
  5054.334 607.01314     0.624    -3.323               7.724          0902Pb0235
  5054.344 112.00124     0.928    -3.308               1.340           22R230b24
  5054.365 112.00124     0.928    -3.308               1.340           22P130b24
  5054.369 607.01214     0.804    -3.163               7.724          1003Rb0145
  5054.396 607.01214     0.804    -3.564               7.724          1003Qd0155
  5054.419      24.0     3.553     -2.85                                        
  5054.424 607.01314     2.695    -2.394               7.724          2111Pb0255
  5054.458 106.00113     1.138    -3.567               3.464            BX02P165
  5054.477 607.01214     1.591    -2.311               7.724          1406Qb0225
  5054.491 112.00124     0.928     0.514               1.340           22Q130b24
  5054.516 607.01214     1.591    -3.486               7.724          1406Pd0235
  5054.524 607.01214     2.199    -3.391               7.724          1809Pc0125
  5054.527 607.01314     2.124    -2.944               7.724          1809Qb0045
  5054.534 607.01314     2.124    -3.403               7.724          1809Pd0055
  5054.553 106.00113     1.138    -7.836               3.464            BX02Q165
  5054.568 106.00113     1.646    -6.896               3.464            AX13R215
  5054.594      74.0     0.207     -2.22                                        
  5054.617 106.00113     1.562   -10.371               3.464            CX05R045
  5054.619       6.0     8.641     -3.69                                        
  5054.639 106.00113     2.024    -6.148               3.464            AX12P295
  5054.643      26.0     3.640     -1.92                              NIST/C+   
  5054.644 112.00124     0.546     0.048               1.340           22R217b24
  5054.649 106.00112     1.798    -6.072               3.464            AX12P265
  5054.663 106.00112     0.898    -5.998               3.464            AX01P175
  5054.669 106.00112     1.940    -6.216               3.464            AX01P315
  5054.679 112.00124     0.301    -1.958               1.340           11R113b24
  5054.698 106.00113     1.138    -3.477               3.464            BX02P175
  5054.714 607.01214     0.710    -4.808               7.724          0801Pc0435
  5054.733 106.00112     2.031    -6.148               3.464            AX12P295
  5054.743 112.00124     0.546    -2.160               1.340           22Q117b24
  5054.825   27.0059     3.295    -6.433                                 KURHFS 
  5054.825   27.0059     3.295    -6.609                                 KURHFS 
  5054.829   27.0059     3.295    -6.308                                 KURHFS 
  5054.829   27.0059     3.295    -6.433                                 KURHFS 
  5054.834   27.0059     3.295    -6.308                                 KURHFS 
  5054.834   27.0059     3.295    -6.422                                 KURHFS 
  5054.834   27.0059     3.295    -6.627                                 KURHFS 
  5054.841   27.0059     3.295    -6.011                                 KURHFS 
  5054.841   27.0059     3.295    -6.422                                 KURHFS 
  5054.877 607.01214     0.751    -3.777               7.724          1003Ra0025
  5054.884 607.01314     0.614    -4.473               7.724          0902Qc0225
  5054.905 607.01214     2.288    -2.355               7.724          1809Ra0245
  5054.920 607.01214     0.842    -2.788               7.724          0902Qb0375
  5054.922 607.01314     2.180    -3.312               7.724          1809Rd0175
  5054.925 607.01314     0.614    -3.314               7.724          0902Pa0235
  5054.927 607.01214     0.774    -3.285               7.724          1003Ra0105
  5054.934      56.0     2.237     -0.25                                        
  5054.990 607.01214     0.842    -4.367               7.724          0902Pd0385
  5054.998      42.0     2.680     -1.42                              NIST/B+   
  5055.002 112.00124     0.544    -1.821               1.340           33R107b24
  5055.004 607.01314     2.140    -2.828               7.724          1809Rb0095
  5055.021 607.01314     2.140    -2.982               7.724          1809Qd0105
  5055.044 112.00124     0.546     0.068               1.340           22R117b24
  5055.066 607.01214     1.648    -2.480               7.724          1406Rb0275
  5055.096      22.0     3.580     -1.62                                        
  5055.114 607.01214     1.648    -3.246               7.724          1406Qd0285
  5055.123 106.00113     2.206    -6.452               3.464            AX01P345
  5055.125 607.01314     1.468    -2.947               7.724          1406Rb0105
  5055.129      24.0     3.553     -1.99                                        
  5055.144 607.01314     1.468    -3.155               7.724          1406Qd0115
  5055.168 106.00113     0.985    -4.193               3.464            BX13R025
  5055.184 607.01314     1.520    -3.508               7.724          1406Rd0195
  5055.269 106.00113     1.868    -6.116               3.464            AX12P275
  5055.291 607.01214     1.636    -2.470               7.724          1406Ra0275
  5055.319      26.1     7.483     -3.06                                        
  5055.347      90.1     0.189     -1.92                              Nils02/11%
  5055.359 607.01214     2.259    -2.185               7.724          1809Qb0205
  5055.375      22.0     3.137     -2.52                                        
  5055.391 607.01214     2.259    -3.279               7.724          1809Pd0215
  5055.402 607.01314     1.449    -3.019               7.724          1406Qb0055
  5055.413 607.01314     1.449    -3.533               7.724          1406Pd0065
  5055.423 112.00124     0.962     0.750               1.340           00Q238b24
  5055.454       6.0     8.641     -3.72                                        
  5055.456 607.01214     1.581    -3.442               7.724          1406Rc0215
  5055.478 607.01214     0.702    -4.389               7.724          0902Pc0285
  5055.494 607.01214     1.581    -2.312               7.724          1406Qa0225
  5055.524      74.0     2.785     -0.88                                        
  5055.537 112.00124     0.420    -1.899               1.340           22R110b24
  5055.543      92.1     1.039     -1.53                              Nils02/17%
  5055.557      25.0     4.657     -3.35                                        
  5055.579 607.01214     2.218    -2.998               7.724          1809Qc0155
  5055.581      24.0     3.461     -1.63                                        
  5055.594 112.00124     0.962    -3.439               1.340           00R238b24
  5055.594 607.01214     2.218    -2.662               7.724          1809Pa0165
  5055.605 106.00112     0.956    -5.960               3.464            AX01P185
  5055.608 112.00124     0.962    -3.439               1.340           00P138b24
  5055.657 106.00112     1.034    -3.728               3.464            BX13R055
  5055.661 607.01214     0.750    -3.873               7.724          1003Ra0015
  5055.678 607.01314     1.394    -3.758               7.724          1305Pc0285
  5055.692 607.01314     1.444    -3.637               7.724          1406Pb0035
  5055.708 607.01214     0.779    -3.244               7.724          1003Ra0115
  5055.712 106.00112     2.122    -6.391               3.464            AX01P335
  5055.731      25.0     5.849     -3.08                                        
  5055.731 607.01214     1.545    -3.194               7.724          1406Qc0175
  5055.751 607.01214     0.774    -3.125               7.724          1003Qb0095
  5055.762 607.01214     1.545    -2.770               7.724          1406Pa0185
  5055.770 607.01214     0.774    -3.845               7.724          1003Pd0105
  5055.779 112.00124     0.962     0.761               1.340           00Q138h24
  5055.782 607.01314     2.126    -2.850               7.724          1809Qb0055
  5055.789      58.0     0.493     -0.51                                        
  5055.793 607.01314     2.126    -3.356               7.724          1809Pd0065
  5055.804      26.0     5.006     -1.70                                        
  5055.842 607.01214     0.935    -2.975               7.724          0902Ra0435
  5055.854 607.01314     2.121    -3.466               7.724          1809Pb0035
  5055.859      25.1     5.811     -5.72                                        
  5055.909 607.01214     1.522    -3.567               7.724          1406Pc0145
  5055.915 106.00113     0.953    -6.015               3.464            AX01P185
  5055.944 112.00124     0.936     0.629               1.340           11Q234h24
  5055.968 112.00125     0.961     0.761               1.340           00Q138h25
  5055.992      26.0     4.313     -1.99                              NIST/E    
  5056.024 106.00113     1.013    -5.974               3.464            AX01P195
  5056.032 106.00112     1.016    -3.851               3.464            BX13R045
  5056.053 607.01214     0.762    -3.692               7.724          1003Pb0065
  5056.097 106.00113     0.985    -6.540               3.464            BX13Q035
  5056.099      27.0     4.392     -1.83                                        
  5056.111 112.00124     0.936    -2.929               1.340           11P134b24
  5056.119 607.01214     0.760    -4.062               7.724          0902Qc0325
  5056.122 106.00113     0.985    -3.996               3.464            BX13R035
  5056.128 112.00125     0.935     0.629               1.340           11Q234h25
  5056.133 106.00112     1.034    -6.938               3.464            BX13Q065
  5056.143 112.00124     0.936    -2.914               1.340           11R234b24
  5056.154 112.00126     0.960     0.761               1.340           00Q138h26
  5056.174 106.00112     1.034    -3.620               3.464            BX13R065
  5056.178 607.01214     2.773    -3.382               7.724          2111Pc0275
  5056.180 607.01214     0.760    -3.187               7.724          0902Pa0335
  5056.223 607.01214     0.811    -3.130               7.724          1003Rb0155
  5056.253 607.01214     0.811    -3.567               7.724          1003Qd0165
  5056.259      24.0     4.102     -3.45                                        
  5056.288 112.00126     0.934     0.629               1.340           11Q234h26
  5056.310 112.00124     0.936     0.641               1.340           11Q134h24
  5056.326 607.01214     2.810    -3.069               7.724          2111Qc0305
  5056.341 607.01314     2.145    -2.779               7.724          1809Rb0105
  5056.347 607.01214     0.886    -3.969               7.724          1003Rd0245
  5056.361 607.01314     2.145    -2.972               7.724          1809Qd0115
  5056.405 112.00124     0.411     0.317               1.340           00R224h24
  5056.439 106.00112     1.056    -3.621               3.464            BX13R065
  5056.442      24.0     4.141     -3.80                                        
  5056.460      57.0     0.331     -0.88                                        
  5056.470 607.01314     1.473    -2.902               7.724          1406Rb0115
  5056.478 112.00125     0.935     0.641               1.340           11Q134h25
  5056.490 607.01314     1.473    -3.149               7.724          1406Qd0125
  5056.506 106.00113     1.845    -6.182               3.464            AX01P305
  5056.526 106.00112     2.222    -4.927               3.464            AX45P225
  5056.535 607.01314     0.671    -4.532               7.724          0902Rc0275
  5056.550 112.00124     0.411    -2.255               1.340           00Q124b24
  5056.561 106.00112     2.113    -6.218               3.464            AX12P305
  5056.581 106.00112     2.222    -6.065               3.464            AX45Q215
  5056.584 607.01314     0.671    -2.886               7.724          0902Qa0285
  5056.603 106.00112     1.016    -6.845               3.464            BX13Q055
  5056.607 112.00125     0.410     0.317               1.340           00R224h25
  5056.621      24.0     5.213     -3.58                                        
  5056.624 607.01214     0.749    -3.975               7.724          1003Ra0005
  5056.639 106.00112     1.016    -3.726               3.464            BX13R055
  5056.642 112.00126     0.934     0.641               1.340           11Q134h26
  5056.660 607.01214     0.785    -3.207               7.724          1003Ra0125
  5056.696 607.01314     2.188    -3.316               7.724          1809Rd0185
  5056.711 106.00112     2.222    -7.172               3.464            AX45P215
  5056.746 106.00112     1.875    -6.116               3.464            AX12P275
  5056.752 106.00113     2.240    -5.919               3.464            AX56P185
  5056.754 607.01314     1.452    -2.938               7.724          1406Qb0065
  5056.765 607.01314     1.452    -3.499               7.724          1406Pd0075
  5056.783 607.01314     2.728    -3.250               7.724          2111Rc0285
  5056.786 112.00126     0.410     0.317               1.340           00R224h26
  5056.812 607.01214     2.250    -3.239               7.724          1809Rc0195
  5056.821 607.01314     2.728    -1.991               7.724          2111Qa0295
  5056.840 607.01214     2.250    -2.187               7.724          1809Qa0205
  5056.841      23.0     3.213     -3.22                                        
  5056.841      26.0     4.260     -1.94                              NIST/E    
  5056.846 106.00112     1.056    -7.007               3.464            BX13Q075
  5056.876 112.00124     0.411     0.332               1.340           00R124h24
  5056.885      60.0     0.000     -0.58                                        
  5056.893 106.00112     1.056    -3.525               3.464            BX13R075
  5056.897      24.0     3.461     -2.40                                        
  5056.921      26.1     3.422     -6.61                                        
  5056.951      24.0     3.446     -2.62                                        
  5056.953      25.0     5.849     -3.52                                        
  5057.014 607.01214     2.233    -2.606               7.724          1809Pb0175
  5057.016 607.01314     1.529    -3.513               7.724          1406Rd0205
  5057.057      24.0     3.110     -4.40                                        
  5057.067 106.00113     2.114    -6.391               3.464            AX01P335
  5057.077 112.00125     0.410     0.332               1.340           00R124h25
  5057.103 106.00113     2.106    -6.218               3.464            AX12P305
  5057.110      26.0     4.962     -3.29                                        
  5057.195 607.01314     2.129    -2.769               7.724          1809Qb0065
  5057.197 607.01314     2.779    -2.195               7.724          2111Ra0335
  5057.206 607.01314     2.129    -3.321               7.724          1809Pd0075
  5057.239 106.00113     2.240    -3.124               3.464            AX56Q185
  5057.249 106.00112     2.031    -4.128               3.464            AX02R305
  5057.264 112.00126     0.410     0.332               1.340           00R124h26
  5057.282      42.0     2.593     -2.00                                        
  5057.306   23.0051     2.113    -4.382                                 KURHFS 
  5057.306   23.0051     2.113    -4.580                                 KURHFS 
  5057.306   23.0051     2.113    -4.667                                 KURHFS 
  5057.306   23.0051     2.113    -4.689                                 KURHFS 
  5057.306   23.0051     2.113    -4.780                                 KURHFS 
  5057.306   23.0051     2.113    -4.835                                 KURHFS 
  5057.306   23.0051     2.113    -4.968                                 KURHFS 
  5057.306   23.0051     2.113    -5.223                                 KURHFS 
  5057.306   23.0051     2.113    -5.223                                 KURHFS 
  5057.306   23.0051     2.113    -5.253                                 KURHFS 
  5057.306   23.0051     2.113    -5.274                                 KURHFS 
  5057.306   23.0051     2.113    -5.399                                 KURHFS 
  5057.307   23.0051     2.113    -4.077                                 KURHFS 
  5057.307   23.0051     2.113    -4.218                                 KURHFS 
  5057.307   23.0051     2.113    -4.721                                 KURHFS 
  5057.307   23.0051     2.113    -4.917                                 KURHFS 
  5057.307   23.0051     2.113    -5.621                                 KURHFS 
  5057.307   23.0051     2.113    -6.031                                 KURHFS 
  5057.314 106.00113     2.240    -3.233               3.464            AX56Q175
  5057.322      44.0     0.811     -1.01                                        
  5057.351      26.0     3.957     -3.81                                        
  5057.424 106.00112     2.031    -4.146               3.464            AX02R295
  5057.433 106.00112     1.000    -3.999               3.464            BX13R035
  5057.441 106.00112     1.853    -6.182               3.464            AX01P305
  5057.465 607.01214     0.795    -4.810               7.724          0801Qc0475
  5057.479      26.0     4.412     -2.96                                        
  5057.480 106.00113     2.273    -5.821               3.464            AX45Q225
  5057.481      26.0     4.188     -1.91                                        
  5057.488 607.01314     1.446    -3.506               7.724          1406Pb0045
  5057.491      24.0     3.461     -3.31                                        
  5057.507 106.00112     2.031    -6.447               3.464            AX02Q305
  5057.510 607.01314     0.585    -4.410               7.724          0902Pc0195
  5057.523 106.00113     1.105    -3.440               3.464            BX13R085
  5057.529 106.00113     2.273    -4.310               3.464            AX45P235
  5057.538 607.01214     0.751    -3.971               7.724          1003Rc0015
  5057.543 607.01214     0.751    -3.794               7.724          1003Qa0025
  5057.553 607.01214     0.795    -3.498               7.724          0801Pa0485
  5057.560       6.0     8.641     -2.59                                        
  5057.563 607.01214     0.750    -4.023               7.724          1003Rc0005
  5057.565 607.01214     0.750    -4.049               7.724          1003Qa0015
  5057.603      71.0     2.159     -0.48                                        
  5057.613 106.00113     2.273    -4.929               3.464            AX45P225
  5057.636 106.00113     1.946    -6.167               3.464            AX12P285
  5057.656 607.01314     2.124    -3.335               7.724          1809Pb0045
  5057.668 607.01214     0.779    -3.073               7.724          1003Qb0105
  5057.680       6.0     8.641     -4.08                                        
  5057.688 607.01214     0.779    -3.837               7.724          1003Pd0115
  5057.692 607.01214     0.752    -3.922               7.724          1003Rc0025
  5057.699 607.01214     0.752    -3.632               7.724          1003Qa0035
  5057.730      62.1     1.075     -1.00                              Lawler06  
  5057.732   23.0051     2.252    -6.954                                 KURHFS 
  5057.737   23.0051     2.252    -6.933                                 KURHFS 
  5057.737   23.0051     2.252    -7.410                                 KURHFS 
  5057.744   23.0051     2.252    -6.933                                 KURHFS 
  5057.744   23.0051     2.252    -7.079                                 KURHFS 
  5057.753   23.0051     2.252    -6.612                                 KURHFS 
  5057.758 106.00113     1.718   -11.677               3.464            CX05P115
  5057.779 607.01214     0.791    -3.172               7.724          1003Ra0135
  5057.801 106.00113     2.240    -5.235               3.464            AX56R175
  5057.830 106.00113     1.105    -7.091               3.464            BX13Q095
  5057.833      22.0     3.106     -2.49                                        
  5057.838 607.01314     2.149    -2.735               7.724          1809Rb0115
  5057.859 607.01314     2.149    -2.966               7.724          1809Qd0125
  5057.890 106.00113     1.105    -3.358               3.464            BX13R095
  5057.911      24.0     4.851     -1.08                                        
  5057.917 112.00124     0.876     0.331               1.340           33Q224b24
  5057.938 106.00113     1.718   -10.277               3.464            CX05Q105
  5057.959 607.01214     0.842    -4.316               7.724          0902Rc0375
  5057.963 607.01314     1.478    -2.860               7.724          1406Rb0125
  5057.977      27.0     4.107     -1.06                                        
  5057.980 607.01214     1.562    -2.723               7.724          1406Pb0195
  5057.982      28.0     3.633     -1.31                              Wood14    
  5057.985 607.01314     1.478    -3.146               7.724          1406Qd0135
  5057.992      41.0     0.000     -1.40                                        
  5058.024 607.01214     0.754    -3.884               7.724          1003Rc0035
  5058.029 607.01214     0.842    -2.776               7.724          0902Qa0385
  5058.032      26.0     3.940     -2.53                                        
  5058.032 607.01214     0.754    -3.509               7.724          1003Qa0045
  5058.037 112.00124     0.876    -3.200               1.340           33P124b24
  5058.069      26.0     4.909     -2.75                                        
  5058.069      42.0     3.437     -1.11                              NIST/B    
  5058.110 607.01214     2.310    -2.347               7.724          1809Rb0255
  5058.132 112.00124     0.876    -3.200               1.340           33R224b24
  5058.134 607.01314     2.740    -1.990               7.724          2111Qb0295
  5058.143 106.00112     1.000    -6.717               3.464            BX13Q045
  5058.148 607.01214     2.310    -3.038               7.724          1809Qd0265
  5058.160      72.1     1.779     -2.29                              Lawler07  
  5058.174 106.00112     1.000    -3.848               3.464            BX13R045
  5058.174 607.01314     2.740    -3.291               7.724          2111Pd0305
  5058.175 106.00113     1.718    -8.892               3.464            CX05Q115
  5058.188 106.00113     0.975    -4.487               3.464            BX13R015
  5058.228 607.01214     0.819    -3.099               7.724          1003Rb0165
  5058.248 607.01314     1.455    -2.866               7.724          1406Qb0075
  5058.253 112.00124     0.876     0.349               1.340           33Q124b24
  5058.257 607.01214     2.205    -3.382               7.724          1809Pc0135
  5058.260 607.01214     0.819    -3.571               7.724          1003Qd0175
  5058.261 607.01314     1.455    -3.472               7.724          1406Pd0085
  5058.316 607.01314     2.664    -3.331               7.724          2111Pc0225
  5058.346 607.01214     0.766    -3.614               7.724          1003Pb0075
  5058.355 106.00113     1.718   -13.344               3.464            CX05R105
  5058.360 106.00112     1.916    -6.156               3.464            AX23P245
  5058.376      23.0     1.375     -4.58                                        
  5058.417      26.0     4.962     -3.87                                        
  5058.433 106.00113     1.648    -6.834               3.464            AX13R215
  5058.439 607.01314     0.671    -2.891               7.724          0902Qb0275
  5058.478 112.00124     0.607    -0.166               1.340           33R212b24
  5058.481 607.01214     0.817    -3.515               7.724          0801Pb0485
  5058.488 607.01314     0.671    -5.078               7.724          0902Pd0285
  5058.496      26.0     3.639     -2.83                                        
  5058.525 106.00113     1.759    -6.152               3.464            AX01P295
  5058.532 607.01214     0.756    -3.854               7.724          1003Rc0045
  5058.542 607.01214     0.756    -3.409               7.724          1003Qa0055
  5058.544 106.00112     1.080    -3.527               3.464            BX13R075
  5058.547 112.00124     0.607    -2.057               1.340           33Q112b24
  5058.550      75.0     1.713     -1.98                                        
  5058.552 607.01214     1.602    -2.289               7.724          1406Qb0235
  5058.560      90.1     1.832     -0.94                                        
  5058.586 607.01214     2.299    -2.336               7.724          1809Ra0255
  5058.592 106.00112     2.197    -6.305               3.464            AX12P315
  5058.593 607.01214     1.602    -3.493               7.724          1406Pd0245
  5058.605 607.01214     0.775    -3.181               7.724          0902Pb0335
  5058.632      15.0     7.376     -2.30                                        
  5058.635 607.01314     2.196    -3.320               7.724          1809Rd0195
  5058.666 106.00113     1.078    -5.988               3.464            AX01P205
  5058.677 106.00112     2.032    -6.340               3.464            AX01P325
  5058.683      73.0     2.154     -1.44                                        
  5058.751 106.00112     1.954    -6.167               3.464            AX12P285
  5058.761 607.01314     2.132    -2.697               7.724          1809Qb0075
  5058.773 607.01314     2.132    -3.294               7.724          1809Pd0085
  5058.789 106.00112     0.958    -6.015               3.464            AX01P185
  5058.792 607.01214     0.897    -3.976               7.724          1003Rd0255
  5058.835 106.00112     1.018    -5.974               3.464            AX01P195
  5058.850      62.1     0.434     -2.20                              Lawler06  
  5058.884 112.00124     0.892     0.489               1.340           22Q229b24
  5058.897 106.00112     1.081    -7.057               3.464            BX13Q085
  5058.910 607.01314     0.635    -3.302               7.724          0902Pb0245
  5058.921 112.00124     0.607    -0.140               1.340           33R112b24
  5058.950 106.00112     1.081    -3.438               3.464            BX13R085
  5058.961 607.01314     2.792    -2.203               7.724          2111Rb0335
  5058.975      26.0     4.217     -3.54                                        
  5058.983 607.01214     1.084    -4.495               7.724          0902Rd0505
  5058.986 106.00113     2.241    -5.898               3.464            AX56P185
  5059.004 607.01314     1.538    -3.519               7.724          1406Rd0215
  5059.006 607.01314     2.792    -3.038               7.724          2111Qd0345
  5059.026      23.1     4.017     -2.68                                        
  5059.029 112.00124     0.892    -3.290               1.340           22P129b24
  5059.067 607.01214     0.797    -3.139               7.724          1003Ra0145
  5059.070 106.00113     1.916    -8.046               3.464            AX56P085
  5059.079 106.00113     1.330    -5.823               3.464            BX13R155
  5059.081 607.01314     2.695    -2.998               7.724          2111Qc0255
  5059.087 112.00124     0.892    -3.290               1.340           22R229b24
  5059.112 106.00113     2.024    -6.340               3.464            AX01P325
  5059.116 607.01314     2.695    -2.384               7.724          2111Pa0265
  5059.117 607.01214     0.955    -2.980               7.724          0902Rb0435
  5059.142 106.00112     2.280    -3.648               3.464            AX13R305
  5059.149 607.01314     0.624    -4.544               7.724          0902Qc0235
  5059.180 607.01214     1.648    -2.454               7.724          1406Ra0285
  5059.181 607.01214     2.225    -3.000               7.724          1809Qc0165
  5059.186 607.01214     2.225    -2.628               7.724          1809Pa0175
  5059.191 607.01314     0.625    -3.292               7.724          0902Pa0245
  5059.197 607.01214     0.955    -4.118               7.724          0902Qd0445
  5059.209 607.01214     1.591    -3.449               7.724          1406Rc0225
  5059.213      15.0     6.936     -2.32                              NIST/E    
  5059.216 607.01214     0.759    -3.831               7.724          1003Rc0055
  5059.228 607.01214     0.759    -3.325               7.724          1003Qa0065
  5059.228 607.01214     1.661    -2.463               7.724          1406Rb0285
  5059.229 112.00124     0.459     0.181               1.340           11R220h24
  5059.232 112.00124     0.892     0.504               1.340           22Q129b24
  5059.248 607.01214     1.591    -2.291               7.724          1406Qa0235
  5059.253 106.00113     2.328   -10.303               3.464            CX05P235
  5059.270 106.00112     2.280    -3.691               3.464            AX13R295
  5059.278 607.01214     1.661    -3.253               7.724          1406Qd0295
  5059.327 106.00112     1.143    -3.566               3.464            BX02P165
  5059.348 106.00113     1.911    -6.242               3.464            AX34P205
  5059.350 112.00124     0.459    -2.200               1.340           11Q120b24
  5059.350 607.01214     2.268    -2.161               7.724          1809Qb0215
  5059.351      41.0     1.572     -1.35                                        
  5059.353 106.00112     2.280    -6.035               3.464            AX13Q305
  5059.364   23.0051     2.113    -6.289                                 KURHFS 
  5059.364   23.0051     2.113    -6.505                                 KURHFS 
  5059.364   23.0051     2.113    -6.754                                 KURHFS 
  5059.364   23.0051     2.113    -6.762                                 KURHFS 
  5059.364   23.0051     2.113    -6.788                                 KURHFS 
  5059.364   23.0051     2.113    -6.915                                 KURHFS 
  5059.364   23.0051     2.113    -6.926                                 KURHFS 
  5059.364   23.0051     2.113    -6.926                                 KURHFS 
  5059.364   23.0051     2.113    -7.102                                 KURHFS 
  5059.364   23.0051     2.113    -7.227                                 KURHFS 
  5059.364   23.0051     2.113    -7.352                                 KURHFS 
  5059.364   23.0051     2.113    -7.780                                 KURHFS 
  5059.370      26.0     3.692     -7.14                                        
  5059.381 607.01214     2.268    -3.285               7.724          1809Pd0225
  5059.392      23.0     2.503     -6.88                                        
  5059.408 112.00125     0.458     0.181               1.340           11R220h25
  5059.428 106.00112     1.143    -7.835               3.464            BX02Q165
  5059.435 607.01314     1.449    -3.400               7.724          1406Pb0055
  5059.438 106.00113     1.015    -6.032               3.464            AX01P195
  5059.444 607.01214     0.751    -4.147               7.724          1003Qc0015
  5059.449 607.01214     0.751    -4.629               7.724          1003Pa0025
  5059.473 106.00113     2.241    -3.124               3.464            AX56Q185
  5059.479 106.00113     2.037    -5.672               3.464            AX56P125
  5059.483      78.0     4.041      0.40                                        
  5059.495 607.01314     2.155    -2.693               7.724          1809Rb0125
  5059.499 106.00113     0.968    -4.963               3.464            BX13R005
  5059.516 607.01314     2.155    -2.962               7.724          1809Qd0135
  5059.536 607.01214     1.553    -3.199               7.724          1406Qc0185
  5059.540 106.00113     2.036    -5.178               3.464            AX56P135
  5059.563 106.00113     0.976    -6.278               3.464            BX13Q025
  5059.565 112.00126     0.458     0.181               1.340           11R220h26
  5059.569 607.01214     1.553    -2.740               7.724          1406Pa0195
  5059.579 106.00112     1.143    -3.476               3.464            BX02P175
  5059.583 106.00113     0.976    -4.187               3.464            BX13R025
  5059.606 607.01314     1.484    -2.822               7.724          1406Rb0135
  5059.608 106.00113     1.910    -6.608               3.464            AX45P155
  5059.609 607.01314     2.126    -3.229               7.724          1809Pb0055
  5059.630 607.01314     1.484    -3.145               7.724          1406Qd0145
  5059.651      24.1     4.294     -5.78                                        
  5059.655 106.00113     2.242    -3.233               3.464            AX56Q175
  5059.656       6.0     8.531     -2.48                                        
  5059.676 112.00124     0.459     0.199               1.340           11R120h24
  5059.729 607.01214     0.785    -3.025               7.724          1003Qb0115
  5059.736 106.00112     0.988    -4.193               3.464            BX13R025
  5059.752 607.01214     0.785    -3.832               7.724          1003Pd0125
  5059.759 106.00113     1.916    -8.071               3.464            AX56P085
  5059.759 106.00113     2.024    -4.128               3.464            AX02R305
  5059.769      27.0     4.206     -1.65                                        
  5059.790 106.00112     1.917    -6.242               3.464            AX34P205
  5059.824 106.00113     2.037    -6.107               3.464            AX56Q125
  5059.851       6.0     8.634     -4.06                                        
  5059.855 112.00125     0.458     0.199               1.340           11R120h25
  5059.861      90.0     0.929     -1.44                                        
  5059.866      62.0     1.910      0.67                                        
  5059.869      42.0     2.499     -0.62                              NIST/B+   
  5059.882 106.00112     2.249    -5.235               3.464            AX56R175
  5059.884 106.00113     2.190    -6.304               3.464            AX12P315
  5059.884 607.01314     1.459    -2.803               7.724          1406Qb0085
  5059.901 607.01314     1.459    -3.453               7.724          1406Pd0095
  5059.902 106.00112     1.654    -6.895               3.464            AX13R215
  5059.905 106.00112     1.767    -6.152               3.464            AX01P295
  5059.914      20.0     5.177     -3.68                                        
  5059.920 607.01214     1.529    -3.564               7.724          1406Pc0155
  5059.953 106.00113     2.024    -4.146               3.464            AX02R295
  5059.957 607.01314     2.705    -2.374               7.724          2111Pb0265
  5059.966 607.01314     1.446    -3.166               7.724          1406Ra0055
  5059.968      22.0     3.332     -2.17                                        
  5059.970 607.01314     1.449    -3.104               7.724          1406Ra0065
  5059.972 106.00112     2.249    -3.233               3.464            AX56Q175
  5059.981 106.00112     2.249    -3.123               3.464            AX56Q185
  5059.982 106.00113     2.024    -6.447               3.464            AX02Q305
  5060.008 112.00126     0.458     0.199               1.340           11R120h26
  5060.009      60.0     0.293     -0.28                                        
  5060.009 112.00124     0.525     0.024               1.340           22R216b24
  5060.036      26.0     4.298     -1.64                                        
  5060.069 106.00113     2.027    -6.226               3.464            AX12P295
  5060.072 106.00112     2.249    -5.918               3.464            AX56P185
  5060.075 607.01214     0.762    -3.814               7.724          1003Rc0065
  5060.079      26.0     0.000     -5.43                              NIST/C+   
  5060.089 607.01214     0.762    -3.251               7.724          1003Qa0075
  5060.104 112.00124     0.525    -2.136               1.340           22Q116b24
  5060.111 106.00112     1.984    -6.159               3.464            AX23P255
  5060.134 607.01314     1.444    -3.234               7.724          1406Ra0045
  5060.142 106.00113     2.242    -5.258               3.464            AX56R175
  5060.154 607.01314     1.452    -3.048               7.724          1406Ra0075
  5060.190   23.0051     2.129    -4.165                                 KURHFS 
  5060.197   23.0051     2.129    -4.047                                 KURHFS 
  5060.197   23.0051     2.129    -4.617                                 KURHFS 
  5060.207   23.0051     2.129    -3.929                                 KURHFS 
  5060.207   23.0051     2.129    -4.406                                 KURHFS 
  5060.207   23.0051     2.129    -5.617                                 KURHFS 
  5060.221   23.0051     2.129    -3.817                                 KURHFS 
  5060.221   23.0051     2.129    -4.310                                 KURHFS 
  5060.221   23.0051     2.129    -5.410                                 KURHFS 
  5060.238   23.0051     2.129    -3.713                                 KURHFS 
  5060.238   23.0051     2.129    -4.274                                 KURHFS 
  5060.238   23.0051     2.129    -5.382                                 KURHFS 
  5060.258   23.0051     2.129    -3.617                                 KURHFS 
  5060.258   23.0051     2.129    -4.290                                 KURHFS 
  5060.258   23.0051     2.129    -5.462                                 KURHFS 
  5060.278 106.00113     1.675    -6.126               3.464            AX01P285
  5060.282   23.0051     2.129    -3.527                                 KURHFS 
  5060.282   23.0051     2.129    -4.372                                 KURHFS 
  5060.282   23.0051     2.129    -5.654                                 KURHFS 
  5060.284      27.0     4.206     -3.19                                        
  5060.309   23.0051     2.129    -3.443                                 KURHFS 
  5060.309   23.0051     2.129    -4.590                                 KURHFS 
  5060.309   23.0051     2.129    -6.043                                 KURHFS 
  5060.330      26.0     4.952     -2.13                                        
  5060.349      42.0     2.513     -1.95                                        
  5060.362 607.01214     0.752    -3.940               7.724          1003Qc0025
  5060.368 607.01214     0.752    -4.279               7.724          1003Pa0035
  5060.385 607.01214     0.827    -3.070               7.724          1003Rb0175
  5060.413 607.01314     2.124    -2.996               7.724          1809Ra0055
  5060.417      40.0     1.948     -0.35                                        
  5060.418 607.01214     0.827    -3.576               7.724          1003Qd0185
  5060.419      69.1     2.969     -0.51                                        
  5060.430      59.1     0.629     -1.57                                LINOHFS 
  5060.435 112.00124     0.525     0.045               1.340           22R116b24
  5060.448 607.01214     2.259    -3.245               7.724          1809Rc0205
  5060.477 607.01314     1.442    -3.309               7.724          1406Ra0035
  5060.479 607.01214     2.259    -2.163               7.724          1809Qa0215
  5060.482 607.01314     2.121    -3.064               7.724          1809Ra0045
  5060.482 607.01314     2.136    -2.634               7.724          1809Qb0085
  5060.483 106.00113     1.911    -6.592               3.464            AX24R215
  5060.495 607.01314     2.136    -3.273               7.724          1809Pd0095
  5060.506 607.01314     1.455    -2.997               7.724          1406Ra0085
  5060.522 607.01214     0.804    -3.108               7.724          1003Ra0155
  5060.524 607.01314     2.126    -2.935               7.724          1809Ra0065
  5060.535      25.0     4.270     -1.80                                        
  5060.674 106.00112     0.988    -6.539               3.464            BX13Q035
  5060.691      24.1     5.489     -4.55                                        
  5060.699 106.00112     0.988    -3.995               3.464            BX13R035
  5060.716 106.00113     1.145    -6.002               3.464            AX01P215
  5060.739 607.01314     2.204    -3.325               7.724          1809Rd0205
  5060.746 607.01314     2.120    -3.139               7.724          1809Ra0035
  5060.748 106.00112     2.034    -6.226               3.464            AX12P295
  5060.780 607.01214     0.770    -3.545               7.724          1003Pb0085
  5060.798 106.00113     2.037    -5.178               3.464            AX56P135
  5060.816 106.00113     2.037    -5.672               3.464            AX56P125
  5060.816 607.01314     2.129    -2.879               7.724          1809Ra0075
  5060.898      69.0     0.000     -1.84                                        
  5060.909 607.01314     0.684    -4.575               7.724          0902Rc0285
  5060.919      62.0     0.185     -1.13                                        
  5060.951 106.00112     2.281    -6.415               3.464            AX12P325
  5060.960      25.1     6.107     -4.82                                        
  5060.960 607.01314     0.684    -2.869               7.724          0902Qa0295
  5060.998 607.01314     1.441    -3.395               7.724          1406Ra0025
