a line list in the range:    5679.00   5691.00
  5679.019 607.01314     1.795    -3.211               7.724          1407Pc0235
  5679.023      26.0     4.652     -0.90                              NIST/D    
  5679.034      58.1     1.676     -1.26                                        
  5679.043 607.01214     2.739    -3.211               7.724          1911Rd0255
  5679.119      26.0     5.029     -2.15                                        
  5679.145      22.0     3.407     -4.00                                        
  5679.158 106.00113     2.294    -5.225               3.464            AX14R275
  5679.164      23.0     2.330     -4.21                                        
  5679.166 607.01314     0.992    -3.013               7.724          1004Qc0085
  5679.168 607.01214     1.999    -2.336               7.724          1508Rb0165
  5679.188 607.01314     0.992    -2.959               7.724          1004Pa0095
  5679.201 607.01214     1.999    -2.776               7.724          1508Qd0175
  5679.203 607.01214     1.942    -3.049               7.724          1508Rc0055
  5679.215 607.01214     1.942    -2.553               7.724          1508Qa0065
  5679.261 607.01214     1.934    -3.368               7.724          1508Qc0015
  5679.264 607.01214     1.934    -3.855               7.724          1508Pa0025
  5679.325 106.00113     2.294    -5.164               3.464            AX14R265
  5679.348 106.00112     2.594    -6.168               3.464            AX35P275
  5679.397 106.00113     2.294    -7.130               3.464            AX14Q275
  5679.402 106.00113     2.027    -7.102               3.464            AX02P295
  5679.421   27.0059     1.048    -8.791                                 KURHFS 
  5679.422   27.0059     1.048    -8.615                                 KURHFS 
  5679.423   27.0059     1.048    -9.041                                 KURHFS 
  5679.429   27.0059     1.048    -9.469                                 KURHFS 
  5679.446   27.0059     1.048    -8.615                                 KURHFS 
  5679.449 607.01314     0.054    -3.585               7.724          0500Ra0155
  5679.457   27.0059     1.048    -8.451                                 KURHFS 
  5679.461 106.00112     1.432    -6.628               3.464            AX13P165
  5679.471   27.0059     1.048    -8.443                                 KURHFS 
  5679.482   27.0059     1.048    -8.916                                 KURHFS 
  5679.489   27.0059     1.048    -8.604                                 KURHFS 
  5679.505   27.0059     1.048    -8.477                                 KURHFS 
  5679.531   27.0059     1.048    -8.194                                 KURHFS 
  5679.551 607.01214     0.177    -3.093               7.724          0500Qb0265
  5679.551 607.01214     1.163    -3.304               7.724          1004Rc0265
  5679.555      27.0     4.471     -1.58                                        
  5679.560   27.0059     1.048    -7.978                                 KURHFS 
  5679.574 607.01314     0.016    -4.089               7.724          0500Pb0075
  5679.611 607.01214     1.163    -2.010               7.724          1004Qa0275
  5679.615 607.01214     0.177    -4.430               7.724          0500Pd0275
  5679.642      44.0     2.762     -1.19                                        
  5679.664      24.1     3.735     -8.75                                        
  5679.668 607.01214     1.175    -2.009               7.724          1004Qb0275
  5679.696 607.01314     0.001    -4.446               7.724          0500Rc0015
  5679.702 607.01314     0.001    -4.270               7.724          0500Qa0025
  5679.731 607.01214     1.175    -3.344               7.724          1004Pd0285
  5679.754 607.01214     2.668    -2.332               7.724          1911Ra0175
  5679.782 106.00112     1.529    -6.353               3.464            BX14R135
  5679.789 607.01314     0.003    -4.398               7.724          0500Rc0025
  5679.796 607.01314     0.000    -4.499               7.724          0500Rc0005
  5679.797 607.01314     0.003    -4.108               7.724          0500Qa0035
  5679.800 607.01314     0.000    -4.524               7.724          0500Qa0015
  5679.817 607.01314     0.085    -3.519               7.724          0500Rb0185
  5679.823 607.01214     2.618    -2.876               7.724          1911Qc0075
  5679.842      20.0     5.927     -1.58                                        
  5679.856 607.01214     2.618    -2.884               7.724          1911Pa0085
  5679.861 607.01314     0.085    -4.059               7.724          0500Qd0195
  5679.875 607.01314     0.035    -3.501               7.724          0500Qb0115
  5679.876      42.0     3.221     -2.47                                        
  5679.904 607.01314     0.035    -4.307               7.724          0500Pd0125
  5679.916      22.0     2.470     -0.57                                        
  5679.916 607.01214     1.967    -2.255               7.724          1508Qb0115
  5679.941 607.01214     1.967    -3.040               7.724          1508Pd0125
  5679.944 607.01314     1.018    -3.188               7.724          1004Rc0135
  5679.975 607.01314     1.018    -2.324               7.724          1004Qa0145
  5679.992      56.0     1.142     -1.45                                        
  5680.039 607.01214     0.164    -4.389               7.724          0500Rc0255
  5680.047 106.00112     2.034    -7.102               3.464            AX02P295
  5680.059 607.01214     1.978    -2.373               7.724          1508Ra0145
  5680.070 106.00113     1.303    -6.386               3.464            BX14R055
  5680.075 607.01314     0.004    -4.359               7.724          0500Rc0035
  5680.085 607.01314     0.004    -3.985               7.724          0500Qa0045
  5680.092 607.01214     0.118    -3.535               7.724          0500Pb0215
  5680.101 607.01214     0.164    -3.094               7.724          0500Qa0265
  5680.169 607.01214     1.906    -3.281               7.724          1407Pc0295
  5680.180 607.01214     1.245    -2.180               7.724          1004Ra0335
  5680.184 607.01214     2.612    -3.455               7.724          1911Pc0055
  5680.219      25.0     4.657     -3.44                                        
  5680.219 607.01214     1.485    -3.094               7.724          0600Qb0795
  5680.240      26.0     4.186     -2.54                              NIST/E    
  5680.261      58.1     0.295     -2.43                                        
  5680.300 112.00124     0.821    -4.137               1.340           13R122b24
  5680.306 607.01214     1.945    -3.031               7.724          1508Rc0065
  5680.321 607.01214     1.945    -2.480               7.724          1508Qa0075
  5680.372      92.0     0.774     -1.54                                        
  5680.386 607.01214     1.935    -3.161               7.724          1508Qc0025
  5680.389      22.0     3.407     -3.56                                        
  5680.389 607.01214     1.935    -3.505               7.724          1508Pa0035
  5680.404 106.00112     1.597    -6.658               3.464            AX13P195
  5680.404 607.01314     1.092    -2.367               7.724          1004Rb0225
  5680.406 607.01214     1.485    -5.290               7.724          0600Pd0805
  5680.436 106.00113     2.427   -11.355               3.464            AX50P395
  5680.454 607.01314     1.092    -3.001               7.724          1004Qd0235
  5680.488 607.01314     1.072    -2.375               7.724          1004Ra0215
  5680.515 607.01214     1.068    -3.722               7.724          0903Pc0365
  5680.520 607.01314     1.039    -2.254               7.724          1004Qb0165
  5680.552 607.01314     0.007    -4.330               7.724          0500Rc0045
  5680.558 607.01314     1.039    -3.234               7.724          1004Pd0175
  5680.563 607.01214     2.636    -3.027               7.724          1911Rc0115
  5680.565 607.01314     0.007    -3.885               7.724          0500Qa0055
  5680.570 607.01214     2.636    -2.257               7.724          1911Qa0125
  5680.591      23.1     4.002     -3.88                                        
  5680.697 106.00112     1.484    -6.639               3.464            AX13P175
  5680.704 607.01214     1.952    -2.771               7.724          1508Pb0085
  5680.768      25.0     5.537     -3.00                                        
  5680.779      22.0     3.407     -3.80                                        
  5680.790 607.01314     0.195    -4.483               7.724          0500Rd0295
  5680.833 607.01314     0.985    -3.539               7.724          1004Pc0065
  5680.840      24.0     3.090     -5.85                                        
  5680.887 607.01314     1.012    -2.747               7.724          1004Pb0125
  5680.891      76.0     4.312     -0.01                                        
  5680.920      40.0     0.542     -1.70                                        
  5680.929   27.0059     1.881    -5.471                                 KURHFS 
  5680.935   27.0059     1.881    -5.290                                 KURHFS 
  5680.943   27.0059     1.881    -5.259                                 KURHFS 
  5680.952   27.0059     1.881    -5.323                                 KURHFS 
  5680.958 607.01214     2.654    -3.062               7.724          1911Pd0155
  5680.962   27.0059     1.881    -5.522                                 KURHFS 
  5680.967 607.01314     0.061    -3.556               7.724          0500Ra0165
  5680.984 607.01214     2.654    -2.177               7.724          1911Qb0145
  5680.985   27.0059     1.881    -5.777                                 KURHFS 
  5680.986   27.0059     1.881    -7.430                                 KURHFS 
  5680.988   27.0059     1.881    -6.187                                 KURHFS 
  5680.991   27.0059     1.881    -5.470                                 KURHFS 
  5680.996   27.0059     1.881    -5.064                                 KURHFS 
  5680.998 607.01214     1.145    -5.343               7.724          0600Pc0695
  5681.003   27.0059     1.881    -4.772                                 KURHFS 
  5681.005 106.00112     1.539    -6.649               3.464            AX13P185
  5681.009   27.0059     1.881    -5.522                                 KURHFS 
  5681.013      23.0     3.252     -2.72                                        
  5681.021      24.0     5.524     -3.88                                        
  5681.022   27.0059     1.881    -5.323                                 KURHFS 
  5681.036   27.0059     1.881    -5.259                                 KURHFS 
  5681.039      28.1     6.571     -2.69                                        
  5681.052   27.0059     1.881    -5.290                                 KURHFS 
  5681.069   27.0059     1.881    -5.471                                 KURHFS 
  5681.081      63.0     1.638     -0.91                                        
  5681.102 607.01314     2.564    -3.188               7.724          1911Rd0075
  5681.124 106.00113     2.287    -7.727               3.464            AX36R195
  5681.126      25.0     5.594     -4.01                                        
  5681.128 607.01314     2.562    -3.214               7.724          1911Rd0065
  5681.131 607.01214     1.260    -2.187               7.724          1004Rb0335
  5681.145 607.01214     0.262    -3.242               7.724          0500Ra0335
  5681.206 607.01314     2.538    -2.879               7.724          1810Qc0305
  5681.207 607.01214     1.260    -3.119               7.724          1004Qd0345
  5681.214 607.01214     0.072    -4.472               7.724          0500Pc0165
  5681.220 607.01314     0.009    -4.307               7.724          0500Rc0055
  5681.227      60.0     1.050     -0.46                                        
  5681.235 607.01314     0.009    -3.801               7.724          0500Qa0065
  5681.259 607.01314     2.538    -2.121               7.724          1810Pa0315
  5681.260 607.01314     2.568    -3.168               7.724          1911Rd0085
  5681.302      28.0     3.304     -4.42                                        
  5681.331 607.01214     3.178    -3.262               7.724          2213Pc0255
  5681.342 607.01314     2.559    -3.249               7.724          1911Rd0055
  5681.440      23.0     1.710     -4.97                                        
  5681.521 607.01314     1.839    -2.889               7.724          1407Qc0275
  5681.577 607.01314     1.839    -2.186               7.724          1407Pa0285
  5681.601 112.00124     0.792    -4.708               1.340           02R126b24
  5681.606 607.01314     2.571    -3.152               7.724          1911Rd0095
  5681.628 607.01214     1.948    -3.018               7.724          1508Rc0075
  5681.632 607.01314     0.996    -2.997               7.724          1004Qc0095
  5681.633 607.01214     0.108    -4.120               7.724          0500Qc0205
  5681.646 607.01214     1.948    -2.416               7.724          1508Qa0085
  5681.656 607.01314     0.996    -2.895               7.724          1004Pa0105
  5681.683 607.01214     0.108    -3.550               7.724          0500Pa0215
  5681.734 112.00124     1.206    -0.995               1.340           13Q234b24
  5681.734 607.01314     2.557    -3.295               7.724          1911Rd0045
  5681.735 607.01214     1.937    -3.045               7.724          1508Qc0035
  5681.744 607.01214     1.937    -3.295               7.724          1508Pa0045
  5681.749 607.01214     0.278    -3.248               7.724          0500Rb0335
  5681.795 607.01214     2.636    -2.645               7.724          1911Pb0115
  5681.801 607.01214     3.212    -2.946               7.724          2213Qc0285
  5681.830 607.01214     0.278    -4.217               7.724          0500Qd0345
  5681.846      22.0     3.152     -4.15                                        
  5681.872      20.0     5.870     -2.65                                        
  5681.901      59.1     1.162     -0.60                                        
  5681.911 112.00124     1.206    -4.196               1.340           13P134b24
  5681.918 607.01214     1.371    -2.175               7.724          0903Ra0525
  5681.965 607.01214     1.084    -3.751               7.724          0802Pc0495
  5681.970 607.01214     2.007    -2.307               7.724          1508Rb0175
  5681.970 607.01214     3.212    -2.224               7.724          2213Pa0295
  5681.971 607.01214     1.985    -2.343               7.724          1508Ra0155
  5681.985 112.00124     1.206    -4.180               1.340           13R234b24
  5682.004 607.01214     2.007    -2.781               7.724          1508Qd0185
  5682.014      42.0     3.499     -2.08                                        
  5682.044 112.00124     1.001    -1.111               1.340           02R232b24
  5682.054 607.01214     1.078    -3.383               7.724          1004Pc0185
  5682.077 607.01314     0.013    -4.290               7.724          0500Rc0065
  5682.094 607.01314     0.013    -3.727               7.724          0500Qa0075
  5682.104 106.00113     2.388    -6.034               3.464            AX46P205
  5682.117 607.01214     2.073    -3.186               7.724          1508Rd0255
  5682.132 607.01214     1.485    -5.195               7.724          0600Rc0795
  5682.135 607.01214     2.606    -3.253               7.724          1810Pc0315
  5682.136 607.01314     0.001    -4.622               7.724          0500Qc0015
  5682.139 607.01314     2.575    -3.141               7.724          1911Rd0105
  5682.141 607.01314     0.001    -5.105               7.724          0500Pa0025
  5682.159      24.0     4.096     -4.11                                        
  5682.162 112.00124     1.206    -0.982               1.340           13Q134b24
  5682.198      28.0     4.102     -0.47                                        
  5682.236 112.00124     1.001    -5.798               1.340           02Q132b24
  5682.250 607.01314     0.041    -3.458               7.724          0500Qb0125
  5682.272 607.01314     0.094    -3.494               7.724          0500Rb0195
  5682.280 607.01314     0.041    -4.304               7.724          0500Pd0135
  5682.289 106.00112     2.302    -5.226               3.464            AX14R275
  5682.315 607.01314     2.556    -3.357               7.724          1911Rd0035
  5682.318 607.01314     0.094    -4.065               7.724          0500Qd0205
  5682.319 607.01214     1.485    -3.087               7.724          0600Qa0805
  5682.345 607.01214     2.622    -2.854               7.724          1911Qc0085
  5682.356 607.01214     2.691    -2.815               7.724          1911Qd0205
  5682.379 607.01314     0.020    -4.020               7.724          0500Pb0085
  5682.390 607.01214     2.622    -2.812               7.724          1911Pa0095
  5682.392 106.00113     0.727    -6.927               3.464            AX02P055
  5682.406 607.01214     0.421    -4.623               7.724          0500Rd0425
  5682.435 607.01314     1.024    -3.191               7.724          1004Rc0145
  5682.436 607.01314     1.851    -2.177               7.724          1407Pb0285
  5682.468 607.01314     1.024    -2.289               7.724          1004Qa0155
  5682.487 607.01214     2.691    -2.300               7.724          1911Rb0195
  5682.492 106.00113     2.668     0.254               3.464            AX53R355
  5682.492 607.01214     1.379    -3.527               7.724          1004Rd0415
  5682.495      26.0     4.909     -1.95                                        
  5682.540 106.00112     2.302    -7.088               3.464            AX14Q275
  5682.574 607.01214     2.675    -2.307               7.724          1911Ra0185
  5682.576      24.0     3.836     -0.61                                        
  5682.633      11.0     2.102     -0.71                              NIST/A    
  5682.650 607.01214     1.935    -3.996               7.724          1508Pc0025
  5682.654      25.0     6.331     -3.56                                        
  5682.654 106.00112     2.302    -5.165               3.464            AX14R265
  5682.663 607.01314     0.069    -3.529               7.724          0500Ra0175
  5682.710 607.01214     1.972    -2.212               7.724          1508Qb0125
  5682.722 607.01214     1.310    -3.481               7.724          0600Pb0745
  5682.737 607.01214     1.972    -3.037               7.724          1508Pd0135
  5682.766      58.0     0.159     -1.46                                        
  5682.780 607.01214     2.750    -3.219               7.724          1911Rd0265
  5682.864 607.01314     2.580    -3.134               7.724          1911Rd0115
  5682.887 106.00113     0.727    -6.945               3.464            AX02P055
  5682.888      22.0     2.486     -3.39                                        
  5682.901      42.0     2.595     -1.56                              NIST/B+   
  5683.074 607.01314     2.554    -3.443               7.724          1911Rd0025
  5683.084 607.01214     1.128    -2.421               7.724          1004Pb0235
  5683.113 607.01214     2.615    -3.380               7.724          1911Pc0065
  5683.119      58.1     1.888     -0.98                                        
  5683.122 607.01314     0.016    -4.278               7.724          0500Rc0075
  5683.123      24.0     5.483     -1.69                                        
  5683.142 607.01314     0.016    -3.662               7.724          0500Qa0085
  5683.143 607.01214     2.642    -2.217               7.724          1911Qa0135
  5683.147 607.01214     2.642    -3.027               7.724          1911Rc0125
  5683.162 607.01214     1.158    -2.353               7.724          0903Pb0415
  5683.169 607.01214     1.952    -3.009               7.724          1508Rc0085
  5683.188 607.01214     1.952    -2.358               7.724          1508Qa0095
  5683.207 607.01314     0.003    -4.416               7.724          0500Qc0025
  5683.215 607.01314     0.003    -4.754               7.724          0500Pa0035
  5683.264 112.00124     1.001    -2.811               1.340           02R132b24
  5683.306 106.00113     1.564    -6.330               3.464            BX14R145
  5683.309 607.01214     1.939    -2.969               7.724          1508Qc0045
  5683.316 607.01214     1.939    -3.144               7.724          1508Pa0055
  5683.334 106.00113     2.477    -4.851               3.464            AX03Q335
  5683.352 106.00113     2.477    -8.232               3.464            AX03R325
  5683.357 607.01314     1.082    -2.354               7.724          1004Ra0225
  5683.423      27.0     4.146     -2.46                                        
  5683.452      26.0     4.577     -3.31                                        
  5683.456 607.01314     2.551    -2.114               7.724          1810Pb0315
  5683.527   23.0051     1.954    -6.631                                 KURHFS 
  5683.527   23.0051     1.954    -6.698                                 KURHFS 
  5683.527   23.0051     1.954    -7.330                                 KURHFS 
  5683.538   23.0051     1.954    -6.435                                 KURHFS 
  5683.538   23.0051     1.954    -6.435                                 KURHFS 
  5683.538   23.0051     1.954    -7.175                                 KURHFS 
  5683.544 106.00112     1.208    -4.793               3.464            BX03P115
  5683.554   23.0051     1.954    -6.231                                 KURHFS 
  5683.554   23.0051     1.954    -6.330                                 KURHFS 
  5683.554   23.0051     1.954    -7.175                                 KURHFS 
  5683.576   23.0051     1.954    -6.061                                 KURHFS 
  5683.576   23.0051     1.954    -6.283                                 KURHFS 
  5683.576   23.0051     1.954    -7.272                                 KURHFS 
  5683.592      69.0     2.039     -1.00                                        
  5683.604   23.0051     1.954    -5.915                                 KURHFS 
  5683.604   23.0051     1.954    -6.289                                 KURHFS 
  5683.604   23.0051     1.954    -7.476                                 KURHFS 
  5683.625 106.00113     2.477    -7.304               3.464            AX03P335
  5683.637   23.0051     1.954    -5.786                                 KURHFS 
  5683.637   23.0051     1.954    -6.362                                 KURHFS 
  5683.637   23.0051     1.954    -7.874                                 KURHFS 
  5683.643 106.00112     1.208    -8.832               3.464            BX03Q115
  5683.643 106.00113     2.477    -4.828               3.464            AX03Q325
  5683.676   23.0051     1.954    -5.670                                 KURHFS 
  5683.676   23.0051     1.954    -6.573                                 KURHFS 
  5683.682 607.01214     1.259    -1.967               7.724          0903Qb0465
  5683.720   23.0051     1.954    -5.565                                 KURHFS 
  5683.726 607.01214     1.117    -3.044               7.724          1004Qc0225
  5683.745      58.1     1.419     -0.86                              Lawler09  
  5683.747 106.00113     1.053    -7.291               3.464            BX03P065
  5683.752 106.00113     1.944    -7.025               3.464            AX02P285
  5683.778 607.01214     1.117    -2.433               7.724          1004Pa0235
  5683.778 607.01314     2.585    -3.128               7.724          1911Rd0125
  5683.788 607.01214     1.259    -3.708               7.724          0903Pd0475
  5683.820 607.01314     1.102    -2.346               7.724          1004Rb0235
  5683.820 607.01314     2.502    -3.199               7.724          1810Pc0275
  5683.835 607.01314     0.988    -3.485               7.724          1004Pc0075
  5683.859 607.01314     1.046    -2.224               7.724          1004Qb0175
  5683.873 607.01314     1.102    -3.009               7.724          1004Qd0245
  5683.875 607.01314     0.208    -4.490               7.724          0500Rd0305
  5683.896 607.01214     1.957    -2.710               7.724          1508Pb0095
  5683.899 607.01314     1.046    -3.239               7.724          1004Pd0185
  5683.925 106.00112     1.208    -4.721               3.464            BX03P125
  5684.024      22.0     3.177     -1.83                                        
  5684.027      23.0     1.871     -3.92                                        
  5684.027 607.01314     2.554    -3.572               7.724          1911Rd0015
  5684.102 607.01214     1.992    -2.314               7.724          1508Ra0165
  5684.190   21.1045     1.506    -1.375                              LAWKURHFS 
  5684.191   21.1045     1.506    -1.864                              LAWKURHFS 
  5684.193   21.1045     1.506    -2.563                              LAWKURHFS 
  5684.204   21.1045     1.506    -1.668                              LAWKURHFS 
  5684.205   21.1045     1.506    -1.748                              LAWKURHFS 
  5684.206   21.1045     1.506    -2.123                              LAWKURHFS 
  5684.210 106.00113     2.288    -7.673               3.464            AX36R195
  5684.215   21.1045     1.506    -2.123                              LAWKURHFS 
  5684.216   21.1045     1.506    -1.868                              LAWKURHFS 
  5684.217   21.1045     1.506    -1.852                              LAWKURHFS 
  5684.234      63.0     2.409     -0.14                                        
  5684.297 607.01314     1.001    -2.986               7.724          1004Qc0105
  5684.323 607.01314     1.001    -2.837               7.724          1004Pa0115
  5684.342 607.01214     3.224    -2.217               7.724          2213Pb0295
  5684.355 607.01314     0.020    -4.269               7.724          0500Rc0085
  5684.376 607.01314     0.020    -3.604               7.724          0500Qa0095
  5684.472 607.01314     0.004    -4.302               7.724          0500Qc0035
  5684.482 607.01314     0.004    -4.544               7.724          0500Pa0045
  5684.484      14.0     4.954     -1.42                              NIST/D    
  5684.485      26.0     5.066     -3.23                                        
  5684.516 607.01214     2.660    -3.063               7.724          1911Pd0165
  5684.517 607.01214     0.190    -3.075               7.724          0500Qb0275
  5684.523 607.01314     1.018    -2.705               7.724          1004Pb0135
  5684.537 607.01314     0.077    -3.503               7.724          0500Ra0185
  5684.557 607.01214     2.660    -2.143               7.724          1911Qb0155
  5684.575      24.0     5.462     -4.13                                        
  5684.584 607.01214     0.190    -4.439               7.724          0500Pd0285
  5684.644 106.00113     1.243    -4.722               3.464            BX03P125
  5684.671      24.0     5.838     -1.46                                        
  5684.674 607.01214     0.177    -4.397               7.724          0500Rc0265
  5684.690 106.00113     2.524    -6.188               3.464            AX35P265
  5684.696 607.01214     1.175    -3.312               7.724          1004Rc0275
  5684.728      27.0     4.146     -2.53                                        
  5684.739 607.01214     0.177    -3.076               7.724          0500Qa0275
  5684.744 106.00113     1.243    -8.754               3.464            BX03Q125
  5684.757 106.00112     1.951    -7.025               3.464            AX02P285
  5684.759 607.01214     1.175    -1.993               7.724          1004Qa0285
  5684.760      69.1     2.732     -0.44                              Wickliff97
  5684.777 607.01314     0.047    -3.418               7.724          0500Qb0135
  5684.809      23.0     3.403     -4.49                                        
  5684.810 607.01314     0.047    -4.304               7.724          0500Pd0145
  5684.864      23.0     3.281     -2.57                                        
  5684.875   23.0051     2.357    -3.967                                 KURHFS 
  5684.875   23.0051     2.357    -4.222                                 KURHFS 
  5684.884 607.01314     2.590    -3.126               7.724          1911Rd0135
  5684.885   23.0051     2.357    -3.768                                 KURHFS 
  5684.885   23.0051     2.357    -3.967                                 KURHFS 
  5684.885   23.0051     2.357    -5.875                                 KURHFS 
  5684.889 607.01314     0.104    -3.469               7.724          0500Rb0205
  5684.900   23.0051     2.357    -3.704                                 KURHFS 
  5684.900   23.0051     2.357    -3.768                                 KURHFS 
  5684.900   23.0051     2.357    -4.632                                 KURHFS 
  5684.906 607.01214     1.937    -3.692               7.724          1508Pc0035
  5684.921   23.0051     2.357    -3.704                                 KURHFS 
  5684.921   23.0051     2.357    -3.735                                 KURHFS 
  5684.921   23.0051     2.357    -3.915                                 KURHFS 
  5684.925      58.1     1.420     -1.28                              Lawler09  
  5684.926 607.01214     1.957    -3.002               7.724          1508Rc0095
  5684.927 106.00113     2.296    -5.225               3.464            AX14R275
  5684.937 607.01314     0.104    -4.072               7.724          0500Qd0215
  5684.946   23.0051     2.357    -3.509                                 KURHFS 
  5684.946   23.0051     2.357    -3.735                                 KURHFS 
  5684.946   23.0051     2.357    -3.916                                 KURHFS 
  5684.947 607.01214     1.957    -2.306               7.724          1508Qa0105
  5684.963 607.01214     2.015    -2.280               7.724          1508Rb0185
  5684.977   23.0051     2.357    -3.217                                 KURHFS 
  5684.977   23.0051     2.357    -3.916                                 KURHFS 
  5684.989 607.01214     1.310    -4.994               7.724          0600Qc0745
  5684.992 106.00113     1.243    -4.647               3.464            BX03P135
  5685.001 607.01214     2.015    -2.786               7.724          1508Qd0195
  5685.099 607.01214     1.942    -2.915               7.724          1508Qc0055
  5685.103 607.01214     2.626    -2.837               7.724          1911Qc0095
  5685.111 607.01214     1.942    -3.025               7.724          1508Pa0065
  5685.116 607.01314     1.031    -3.195               7.724          1004Rc0155
  5685.150 607.01214     1.188    -1.992               7.724          1004Qb0285
  5685.150 607.01314     1.031    -2.257               7.724          1004Qa0165
  5685.151 607.01314     2.553    -3.802               7.724          1911Rd0005
  5685.152      23.0     3.236     -4.26                                        
  5685.156 607.01214     2.626    -2.748               7.724          1911Pa0105
  5685.165 607.01214     1.310    -3.474               7.724          0600Pa0755
  5685.166 106.00113     2.296    -7.088               3.464            AX14Q275
  5685.191      25.1     6.666     -3.95                                        
  5685.211      92.0     0.552     -1.76                                        
  5685.215 607.01214     1.188    -3.353               7.724          1004Pd0295
  5685.262 607.01214     0.129    -3.512               7.724          0500Pb0225
  5685.301 106.00113     2.296    -5.165               3.464            AX14R265
  5685.324 106.00112     2.597    -6.239               3.464            AX35P275
  5685.331 607.01314     0.025    -3.959               7.724          0500Pb0095
  5685.427 607.01314     1.805    -3.217               7.724          1407Pc0245
  5685.440      40.0     2.264     -0.92                                        
  5685.521 607.01214     1.260    -2.167               7.724          1004Ra0345
  5685.549 607.01214     2.085    -3.194               7.724          1508Rd0265
  5685.585      66.0     0.874     -1.36                                        
  5685.600      59.1     1.162     -1.32                                LINOHFS 
  5685.611 607.01214     2.683    -2.283               7.724          1911Ra0195
  5685.649 607.01314     0.003    -5.251               7.724          0500Pc0025
  5685.658 607.01214     2.642    -2.599               7.724          1911Pb0125
  5685.692 607.01214     1.978    -2.172               7.724          1508Qb0135
  5685.721 607.01214     1.978    -3.036               7.724          1508Pd0145
  5685.768   23.0051     1.948    -5.512                                 KURHFS 
  5685.773   23.0051     1.948    -5.249                                 KURHFS 
  5685.773   23.0051     1.948    -5.445                                 KURHFS 
  5685.773 607.01314     0.025    -4.264               7.724          0500Rc0095
  5685.783   23.0051     1.948    -5.045                                 KURHFS 
  5685.783   23.0051     1.948    -5.249                                 KURHFS 
  5685.783   23.0051     1.948    -6.144                                 KURHFS 
  5685.796 607.01314     0.025    -3.552               7.724          0500Qa0105
  5685.797   23.0051     1.948    -4.875                                 KURHFS 
  5685.797   23.0051     1.948    -5.144                                 KURHFS 
  5685.797   23.0051     1.948    -5.989                                 KURHFS 
  5685.816   23.0051     1.948    -4.729                                 KURHFS 
  5685.816   23.0051     1.948    -5.097                                 KURHFS 
  5685.816   23.0051     1.948    -5.989                                 KURHFS 
  5685.836      58.1     1.893     -0.43                                        
  5685.837      20.0     5.485     -4.95                                        
  5685.840   23.0051     1.948    -4.600                                 KURHFS 
  5685.840   23.0051     1.948    -5.103                                 KURHFS 
  5685.840   23.0051     1.948    -6.086                                 KURHFS 
  5685.869   23.0051     1.948    -4.484                                 KURHFS 
  5685.869   23.0051     1.948    -5.176                                 KURHFS 
  5685.869   23.0051     1.948    -6.290                                 KURHFS 
  5685.883      24.1     6.482     -2.51                                        
  5685.886 106.00113     2.389    -6.090               3.464            AX46P205
  5685.903   23.0051     1.948    -4.379                                 KURHFS 
  5685.903   23.0051     1.948    -5.387                                 KURHFS 
  5685.903   23.0051     1.948    -6.688                                 KURHFS 
  5685.930 607.01314     0.007    -4.226               7.724          0500Qc0045
  5685.942 607.01314     0.007    -4.392               7.724          0500Pa0055
  5685.945 607.01214     2.647    -2.180               7.724          1911Qa0145
  5685.958 607.01214     2.647    -3.029               7.724          1911Rc0135
  5685.995      24.0     3.432     -4.23                                        
  5686.003 607.01214     1.546    -3.831               7.724          0903Rd0595
  5686.023 607.01214     0.278    -3.228               7.724          0500Ra0345
  5686.027 607.01214     2.700    -2.821               7.724          1911Qd0215
  5686.109      25.1     6.124     -4.71                                        
  5686.120      26.0     3.632     -2.83                                        
  5686.121 607.01314     2.554    -3.130               7.724          1911Qd0025
  5686.121 607.01314     2.554    -3.398               7.724          1911Rb0015
  5686.171 106.00112     2.297    -7.726               3.464            AX36R195
  5686.182 607.01314     2.596    -3.124               7.724          1911Rd0145
  5686.188 607.01214     2.700    -2.276               7.724          1911Rb0205
  5686.198 607.01314     2.554    -3.263               7.724          1911Qd0015
  5686.198 607.01314     2.554    -3.672               7.724          1911Rb0005
  5686.228 607.01314     2.556    -3.038               7.724          1911Qd0035
  5686.228 607.01314     2.556    -3.226               7.724          1911Rb0025
  5686.270 607.01214     2.618    -3.325               7.724          1911Pc0075
  5686.281 607.01214     0.080    -4.475               7.724          0500Pc0175
  5686.335      24.1     6.600     -4.34                                        
  5686.348 106.00113     2.053    -7.679               3.464            AX25R195
  5686.380      45.0     1.676     -1.70                              DL85/NI/E 
  5686.406 607.01214     0.118    -4.128               7.724          0500Qc0215
  5686.408 607.01314     0.964    -4.116               7.724          0903Pc0315
  5686.413 607.01314     1.092    -2.334               7.724          1004Ra0235
  5686.441 607.01214     1.999    -2.288               7.724          1508Ra0175
  5686.455 607.01314     2.553    -3.433               7.724          1911Qd0005
  5686.459 607.01214     0.118    -3.525               7.724          0500Pa0225
  5686.513 607.01314     2.557    -2.971               7.724          1911Qd0045
  5686.513 607.01314     2.557    -3.097               7.724          1911Rb0035
  5686.526 106.00112     1.656    -6.015               3.464            BX13P205
  5686.530      26.0     4.549     -0.45                              NIST/B+   
  5686.539      70.1     5.164     -1.09                                        
  5686.587 607.01314     0.085    -3.478               7.724          0500Ra0195
  5686.658      64.0     0.027     -2.15                                        
  5686.699 607.01214     2.761    -3.227               7.724          1911Rd0275
  5686.717      62.1     1.358     -1.68                                        
  5686.760 607.01214     1.276    -2.173               7.724          1004Rb0345
  5686.822   21.0045     1.438    -1.276                                 KURHFS 
  5686.823   21.0045     1.438    -1.013                                 KURHFS 
  5686.825   21.0045     1.438    -0.809                                 KURHFS 
  5686.825   21.0045     1.438    -1.209                                 KURHFS 
  5686.828   21.0045     1.438    -1.013                                 KURHFS 
  5686.830   21.0045     1.438    -0.639                                 KURHFS 
  5686.830   21.0045     1.438    -1.908                                 KURHFS 
  5686.833   21.0045     1.438    -0.908                                 KURHFS 
  5686.836   21.0045     1.438    -0.493                                 KURHFS 
  5686.836   21.0045     1.438    -1.753                                 KURHFS 
  5686.839 607.01214     1.276    -3.126               7.724          1004Qd0355
  5686.841   21.0045     1.438    -0.861                                 KURHFS 
  5686.844   21.0045     1.438    -0.364                                 KURHFS 
  5686.844   21.0045     1.438    -1.753                                 KURHFS 
  5686.849   21.0045     1.438    -0.867                                 KURHFS 
  5686.854   21.0045     1.438    -0.248                                 KURHFS 
  5686.854   21.0045     1.438    -1.850                                 KURHFS 
  5686.860   21.0045     1.438    -0.940                                 KURHFS 
  5686.863      24.0     5.850     -2.73                                        
  5686.865   21.0045     1.438    -0.143                                 KURHFS 
  5686.866   21.0045     1.438    -2.054                                 KURHFS 
  5686.872   21.0045     1.438    -1.151                                 KURHFS 
  5686.874 607.01214     1.259    -3.659               7.724          0903Rc0465
  5686.879   21.0045     1.438    -2.452                                 KURHFS 
  5686.889      27.0     4.146     -3.79                                        
  5686.895 106.00112     2.059    -7.679               3.464            AX25R195
  5686.900 607.01214     1.961    -2.999               7.724          1508Rc0105
  5686.901   27.0059     3.512    -4.276                                 KURHFS 
  5686.901   27.0059     3.512    -4.276                                 KURHFS 
  5686.902 607.01214     0.294    -3.234               7.724          0500Rb0345
  5686.903   27.0059     3.512    -4.431                                 KURHFS 
  5686.904   27.0059     3.512    -4.373                                 KURHFS 
  5686.909   27.0059     3.512    -4.577                                 KURHFS 
  5686.916   27.0059     3.512    -3.732                                 KURHFS 
  5686.916   27.0059     3.512    -4.975                                 KURHFS 
  5686.920   27.0059     3.512    -3.536                                 KURHFS 
  5686.922   27.0059     3.512    -3.799                                 KURHFS 
  5686.923 607.01214     1.961    -2.258               7.724          1508Qa0115
  5686.927   27.0059     3.512    -3.431                                 KURHFS 
  5686.933   27.0059     3.512    -3.536                                 KURHFS 
  5686.934 607.01214     1.158    -3.408               7.724          0903Qc0415
  5686.937   27.0059     3.512    -3.384                                 KURHFS 
  5686.947   27.0059     3.512    -3.332                                 KURHFS 
  5686.948   27.0059     3.512    -3.390                                 KURHFS 
  5686.962   27.0059     3.512    -3.162                                 KURHFS 
  5686.962   27.0059     3.512    -3.463                                 KURHFS 
  5686.969      62.0     0.498     -1.47                                        
  5686.977   27.0059     3.512    -3.674                                 KURHFS 
  5686.980   27.0059     3.512    -3.016                                 KURHFS 
  5686.981 607.01214     1.259    -1.957               7.724          0903Qa0475
  5686.984 607.01314     2.559    -2.920               7.724          1911Qd0055
  5686.984 607.01314     2.559    -2.993               7.724          1911Rb0045
  5686.986 607.01214     0.294    -4.224               7.724          0500Qd0355
  5687.000   27.0059     3.512    -2.887                                 KURHFS 
  5687.014 106.00112     2.463    -5.474               3.464            AX25R265
  5687.023   27.0059     3.512    -2.771                                 KURHFS 
  5687.030 607.01214     1.158    -2.346               7.724          0903Pa0425
  5687.039 607.01314     0.992    -3.446               7.724          1004Pc0085
  5687.047   27.0059     3.512    -2.666                                 KURHFS 
  5687.110 106.00112     2.463    -5.262               3.464            AX25R255
  5687.115      25.0     4.682     -1.61                                        
  5687.121 607.01214     1.945    -2.875               7.724          1508Qc0065
  5687.129 607.01314     0.222    -4.498               7.724          0500Rd0315
  5687.133 607.01214     1.945    -2.927               7.724          1508Pa0075
  5687.158 607.01314     1.006    -2.979               7.724          1004Qc0115
  5687.170      59.1     1.217     -1.75                                LINOHFS 
  5687.179 106.00112     2.463    -7.045               3.464            AX25Q265
  5687.183      59.1     0.508     -1.64                                        
  5687.185 607.01314     1.006    -2.786               7.724          1004Pa0125
  5687.273 607.01214     1.961    -2.655               7.724          1508Pb0105
  5687.275 106.00112     1.306    -6.385               3.464            BX14R055
  5687.370 607.01314     1.055    -2.196               7.724          1004Qb0185
  5687.375 607.01314     0.030    -4.261               7.724          0500Rc0105
  5687.388 607.01214     1.939    -3.528               7.724          1508Pc0045
  5687.401 607.01314     0.030    -3.504               7.724          0500Qa0115
  5687.412 607.01314     1.055    -3.244               7.724          1004Pd0195
  5687.415 607.01314     1.113    -2.326               7.724          1004Rb0245
  5687.460 607.01314     0.054    -3.381               7.724          0500Qb0145
  5687.469 607.01314     1.113    -3.016               7.724          1004Qd0255
  5687.486      22.0     2.152     -5.64                                        
  5687.487      22.0     3.145     -1.79                                        
  5687.495 607.01314     0.054    -4.306               7.724          0500Pd0155
  5687.510 607.01314     2.554    -3.433               7.724          1911Qb0005
  5687.515 607.01314     2.554    -3.734               7.724          1911Pd0015
  5687.559      24.0     4.613     -3.36                                        
  5687.581 607.01314     0.009    -4.173               7.724          0500Qc0055
  5687.596 607.01314     0.009    -4.273               7.724          0500Pa0065
  5687.614 607.01214     1.087    -3.387               7.724          1004Pc0195
  5687.628      42.0     3.901     -1.11                                        
  5687.639 607.01314     2.562    -2.882               7.724          1911Qd0065
  5687.639 607.01314     2.562    -2.906               7.724          1911Rb0055
  5687.668 607.01314     0.113    -3.446               7.724          0500Rb0215
  5687.675 607.01314     2.602    -3.125               7.724          1911Rd0155
  5687.719 607.01314     0.113    -4.079               7.724          0500Qd0225
  5687.753      23.0     2.377     -1.14                               LAWNOHFS 
  5687.753 607.01214     1.395    -2.178               7.724          0903Rb0525
  5687.759 106.00113     2.564    -5.619               3.464            AX51P385
  5687.769 106.00112     0.729    -6.926               3.464            AX02P055
  5687.812      58.0     0.772     -0.85                                        
  5687.826 607.01314     1.851    -2.897               7.724          1407Qc0285
  5687.857      26.0     4.291     -3.89                                        
  5687.862   23.0051     1.892    -5.834                                 KURHFS 
  5687.862   23.0051     1.892    -5.834                                 KURHFS 
  5687.862   23.0051     1.892    -6.135                                 KURHFS 
  5687.872 607.01214     1.395    -3.454               7.724          0903Qd0535
  5687.884 607.01314     1.851    -2.168               7.724          1407Pa0295
  5687.888   23.0051     1.892    -5.670                                 KURHFS 
  5687.888   23.0051     1.892    -5.696                                 KURHFS 
  5687.888   23.0051     1.892    -6.010                                 KURHFS 
  5687.894 607.01314     0.004    -4.949               7.724          0500Pc0035
  5687.923   23.0051     1.892    -5.413                                 KURHFS 
  5687.923   23.0051     1.892    -5.662                                 KURHFS 
  5687.923   23.0051     1.892    -6.260                                 KURHFS 
  5687.945 607.01214     0.440    -4.629               7.724          0500Rd0435
  5687.966   23.0051     1.892    -5.197                                 KURHFS 
  5687.966   23.0051     1.892    -5.823                                 KURHFS 
  5687.966   23.0051     1.892    -6.688                                 KURHFS 
  5687.987 607.01314     1.039    -3.200               7.724          1004Rc0165
  5688.025 607.01314     1.039    -2.226               7.724          1004Qa0175
  5688.069 607.01214     2.631    -2.825               7.724          1911Qc0105
  5688.105 607.01214     1.919    -3.288               7.724          1407Pc0305
  5688.111 106.00112     2.398    -6.033               3.464            AX46P205
  5688.114 106.00113     1.772    -6.532               3.464            BX13P235
  5688.153 607.01214     2.631    -2.690               7.724          1911Pa0115
  5688.155 607.01214     2.024    -2.255               7.724          1508Rb0195
  5688.195 607.01214     2.024    -2.791               7.724          1508Qd0205
  5688.196      27.0     4.146     -1.77                                        
  5688.205      11.0     2.104     -0.45                              NIST/A    
  5688.221 106.00113     1.772    -2.541               3.464            BX13Q225
  5688.244      73.0     2.134     -1.48                                        
  5688.247 106.00113     1.772    -2.333               3.464            BX13Q235
  5688.270 106.00112     0.730    -6.945               3.464            AX02P055
  5688.277 607.01214     2.668    -3.066               7.724          1911Pd0175
  5688.311 607.01314     2.554    -3.198               7.724          1911Qb0015
  5688.315 607.01314     2.554    -3.502               7.724          1911Pd0025
  5688.328 607.01314     1.024    -2.666               7.724          1004Pb0145
  5688.336 607.01214     2.668    -2.111               7.724          1911Qb0165
  5688.354 106.00113     1.772    -5.990               3.464            BX13R225
  5688.407      24.0     3.090     -3.96                                        
  5688.433 607.01314     0.030    -3.904               7.724          0500Pb0105
  5688.449   27.0059     2.079    -4.848                                 KURHFS 
  5688.464   27.0059     2.079    -4.420                                 KURHFS 
  5688.473 607.01214     1.397    -3.534               7.724          1004Rd0425
  5688.473 607.01314     2.564    -2.830               7.724          1911Rb0065
  5688.478 607.01314     2.564    -2.853               7.724          1911Qd0075
  5688.479   27.0059     2.079    -4.170                                 KURHFS 
  5688.493      58.0     0.588     -0.71                                        
  5688.494   27.0059     2.079    -3.994                                 KURHFS 
  5688.520      60.1     0.985     -0.31                              DenHarto03
  5688.524   27.0059     2.079    -3.822                                 KURHFS 
  5688.524   27.0059     2.079    -3.830                                 KURHFS 
  5688.524   27.0059     2.079    -3.983                                 KURHFS 
  5688.524   27.0059     2.079    -3.994                                 KURHFS 
  5688.568   27.0059     2.079    -4.295                                 KURHFS 
  5688.583   27.0059     2.079    -3.856                                 KURHFS 
  5688.584   23.0051     2.377    -4.683                                 KURHFS 
  5688.584   23.0051     2.377    -5.309                                 KURHFS 
  5688.584   23.0051     2.377    -6.174                                 KURHFS 
  5688.597   23.0051     2.377    -4.899                                 KURHFS 
  5688.597   23.0051     2.377    -5.148                                 KURHFS 
  5688.597   23.0051     2.377    -5.746                                 KURHFS 
  5688.599   27.0059     2.079    -3.573                                 KURHFS 
  5688.606   23.0051     2.377    -5.156                                 KURHFS 
  5688.606   23.0051     2.377    -5.182                                 KURHFS 
  5688.606   23.0051     2.377    -5.496                                 KURHFS 
  5688.614   23.0051     2.377    -5.320                                 KURHFS 
  5688.614   23.0051     2.377    -5.320                                 KURHFS 
  5688.614   23.0051     2.377    -5.621                                 KURHFS 
  5688.615   27.0059     2.079    -3.357                                 KURHFS 
  5688.793      22.0     2.101     -5.77                                        
  5688.803      24.0     5.851     -1.25                                        
  5688.815 607.01314     0.094    -3.455               7.724          0500Ra0205
  5688.833 607.01214     1.139    -2.400               7.724          1004Pb0245
  5688.864 607.01214     1.985    -2.135               7.724          1508Qb0145
  5688.866 607.01214     2.691    -2.260               7.724          1911Ra0205
  5688.868 607.01214     1.709    -3.301               7.724          0600Rb0855
  5688.895 607.01214     1.985    -3.036               7.724          1508Pd0155
  5688.971 607.01214     2.654    -2.145               7.724          1911Qa0155
  5688.974      20.0     4.551     -2.48                                        
  5688.991 607.01214     2.007    -2.262               7.724          1508Ra0185
  5688.998 607.01214     2.654    -3.031               7.724          1911Rc0145
  5689.045 607.01214     3.189    -3.269               7.724          2213Pc0265
  5689.070 607.01214     1.709    -4.977               7.724          0600Qd0865
  5689.081 607.01314     1.864    -2.160               7.724          1407Pb0295
  5689.091 607.01214     1.967    -2.997               7.724          1508Rc0115
  5689.094 607.01214     1.128    -3.051               7.724          1004Qc0235
  5689.109      24.0     4.398     -3.17                                        
  5689.114 607.01214     1.967    -2.215               7.724          1508Qa0125
  5689.146      42.0     1.381     -1.00                              NIST/A    
  5689.149 607.01214     1.128    -2.411               7.724          1004Pa0245
  5689.162 607.01314     0.035    -4.261               7.724          0500Rc0115
  5689.184 607.01214     2.096    -3.202               7.724          1508Rd0275
  5689.190 607.01314     0.035    -3.461               7.724          0500Qa0125
  5689.222      59.1     1.363     -0.80                                        
  5689.262 106.00112     2.298    -7.672               3.464            AX36R195
  5689.293 607.01314     2.556    -3.015               7.724          1911Qb0025
  5689.297 607.01314     2.556    -3.371               7.724          1911Pd0035
  5689.329      20.0     5.574     -3.07                                        
  5689.359 607.01214     1.948    -2.845               7.724          1508Qc0075
  5689.362 607.01314     2.608    -3.127               7.724          1911Rd0165
  5689.377 607.01214     1.948    -2.843               7.724          1508Pa0085
  5689.404 607.01214     3.224    -2.955               7.724          2213Qc0295
  5689.424 607.01314     0.013    -4.135               7.724          0500Qc0065
  5689.441 607.01314     0.013    -4.175               7.724          0500Pa0075
  5689.461      22.0     2.295     -0.47                                        
  5689.486 607.01214     1.085    -3.730               7.724          0903Pc0375
  5689.496 607.01314     2.568    -2.764               7.724          1911Rb0075
  5689.497 607.01214     0.190    -4.405               7.724          0500Rc0275
  5689.506 607.01314     2.568    -2.830               7.724          1911Qd0085
  5689.508      42.0     2.596     -1.65                                        
  5689.549      60.0     1.376      0.18                                        
  5689.561 106.00113     2.054    -7.624               3.464            AX25R195
  5689.563 607.01214     0.190    -3.059               7.724          0500Qa0285
  5689.579 607.01214     3.224    -2.208               7.724          2213Pa0305
  5689.618 607.01314     2.554    -3.734               7.724          1911Pb0015
  5689.656 607.01314     1.102    -2.314               7.724          1004Ra0245
  5689.662 607.01214     0.203    -3.058               7.724          0500Qb0285
  5689.665 607.01214     2.622    -3.284               7.724          1911Pc0085
  5689.727 607.01214     2.647    -2.557               7.724          1911Pb0135
  5689.731 607.01214     0.203    -4.448               7.724          0500Pd0295
  5689.899      25.1     5.811     -6.01                                        
  5689.899 607.01214     2.709    -2.827               7.724          1911Qd0225
  5689.959 106.00113     2.459    -5.473               3.464            AX25R265
  5690.042 607.01214     1.188    -3.320               7.724          1004Rc0285
  5690.065      26.0     5.006     -3.51                                        
  5690.094 607.01214     2.709    -2.254               7.724          1911Rb0215
  5690.095 607.01214     1.942    -3.422               7.724          1508Pc0055
  5690.107 607.01214     1.188    -1.976               7.724          1004Qa0295
  5690.136 106.00112     2.060    -7.624               3.464            AX25R195
  5690.168      46.0     5.060     -0.30                                        
  5690.196 106.00113     1.288    -6.352               3.464            BX14R045
  5690.215 607.01314     1.012    -2.974               7.724          1004Qc0125
  5690.232      42.0     3.221     -2.00                                        
  5690.235 106.00113     2.459    -5.262               3.464            AX25R255
  5690.243 607.01314     1.012    -2.739               7.724          1004Pa0135
  5690.279 106.00113     2.459    -7.045               3.464            AX25Q265
  5690.299 607.01314     0.061    -3.347               7.724          0500Qb0155
  5690.334 607.01314     0.007    -4.787               7.724          0500Pc0045
  5690.336 607.01314     0.061    -4.309               7.724          0500Pd0165
  5690.403      26.0     4.188     -3.32                                        
  5690.418 106.00113     1.946    -7.101               3.464            AX02P285
  5690.425      14.0     4.930     -1.87                              NIST/D+   
  5690.430      26.0     3.632     -4.21                                        
  5690.443 607.01314     0.996    -3.416               7.724          1004Pc0095
  5690.453      23.0     3.252     -2.71                                        
  5690.453 607.01314     2.557    -2.876               7.724          1911Qb0035
  5690.461 607.01314     2.557    -3.283               7.724          1911Pd0045
  5690.553 607.01314     0.236    -4.505               7.724          0500Rd0325
  5690.600 106.00113     2.526    -6.257               3.464            AX35P265
  5690.603 106.00113     2.664    -4.935               3.464            AX03Q355
  5690.607 607.01214     0.140    -3.490               7.724          0500Pb0235
  5690.612 607.01314     0.124    -3.423               7.724          0500Rb0225
  5690.665 607.01314     0.124    -4.086               7.724          0500Qd0235
  5690.705 607.01314     2.571    -2.705               7.724          1911Rb0085
  5690.712      20.0     5.574     -4.86                                        
  5690.717 607.01314     2.571    -2.813               7.724          1911Qd0095
  5690.797 607.01214     2.773    -3.235               7.724          1911Rd0285
  5690.825 607.01214     1.202    -1.975               7.724          1004Qb0295
  5690.837 607.01214     1.967    -2.605               7.724          1508Pb0115
  5690.845      24.0     3.102     -3.48                                        
  5690.849 607.01214     1.395    -2.166               7.724          0903Ra0535
  5690.892 607.01214     1.202    -3.361               7.724          1004Pd0305
  5690.974      24.0     4.614     -0.92                                        
  5690.978   25.0055     3.376    -4.377                                 KURHFS 
  5690.978   25.0055     3.376    -4.854                                 KURHFS 
  5691.000      25.0     3.376     -3.83                                        
