a line list in the range:    5359.00   5371.00
  5359.048 607.01214     0.525    -3.703               7.724          0600Pa0475
  5359.093      22.0     3.699     -2.96                                        
  5359.095      23.1     3.793     -2.48                                        
  5359.096 106.00112     1.978    -3.468               3.464            AX46R115
  5359.122 106.00112     1.978    -5.142               3.464            AX46Q115
  5359.164 106.00112     2.340    -2.931               3.464            AX35Q245
  5359.175      64.0     2.019      0.19                                        
  5359.181      41.0     1.079     -1.93                                        
  5359.192      27.0     4.146      0.34                                        
  5359.248 106.00112     2.340    -5.598               3.464            AX35R235
  5359.251 607.01214     2.134    -2.254               7.724          1608Pb0295
  5359.266      58.0     0.294     -1.03                                        
  5359.279 106.00112     1.806    -5.792               3.464            AX24R185
  5359.354 106.00112     2.340    -5.447               3.464            AX35P245
  5359.393 106.00113     0.835    -6.995               3.464            AX02R105
  5359.397 106.00112     1.806    -3.264               3.464            AX24Q185
  5359.412 106.00112     1.806    -3.244               3.464            AX24Q195
  5359.436 607.01314     1.231    -3.513               7.724          1205Pc0095
  5359.438 106.00112     2.340    -2.970               3.464            AX35Q235
  5359.471 607.01314     2.655    -3.101               7.724          2011Rc0215
  5359.498      19.0     1.616     -2.88                                        
  5359.504 607.01314     2.655    -2.011               7.724          2011Qa0225
  5359.506   23.0051     2.276    -4.940                                 KURHFS 
  5359.507   23.0051     2.276    -4.660                                 KURHFS 
  5359.507   23.0051     2.276    -4.940                                 KURHFS 
  5359.507   23.0051     2.276    -5.961                                 KURHFS 
  5359.508      58.1     1.782     -0.78                                        
  5359.508   23.0051     2.276    -4.522                                 KURHFS 
  5359.508   23.0051     2.276    -4.660                                 KURHFS 
  5359.508   23.0051     2.276    -5.262                                 KURHFS 
  5359.510   23.0051     2.276    -4.456                                 KURHFS 
  5359.510   23.0051     2.276    -4.522                                 KURHFS 
  5359.510   23.0051     2.276    -4.815                                 KURHFS 
  5359.513   23.0051     2.276    -4.449                                 KURHFS 
  5359.513   23.0051     2.276    -4.456                                 KURHFS 
  5359.513   23.0051     2.276    -4.484                                 KURHFS 
  5359.517   23.0051     2.276    -4.221                                 KURHFS 
  5359.517   23.0051     2.276    -4.449                                 KURHFS 
  5359.517   23.0051     2.276    -4.514                                 KURHFS 
  5359.521   23.0051     2.276    -4.002                                 KURHFS 
  5359.521   23.0051     2.276    -4.514                                 KURHFS 
  5359.521   23.0051     2.276    -4.718                                 KURHFS 
  5359.526   23.0051     2.276    -3.815                                 KURHFS 
  5359.526   23.0051     2.276    -4.718                                 KURHFS 
  5359.530 106.00112     1.806    -5.557               3.464            AX24P195
  5359.530 607.01214     0.497    -3.214               7.724          0701Pb0315
  5359.555 607.01214     1.336    -3.484               7.724          1205Pc0205
  5359.573      19.0     1.616     -1.92                                        
  5359.581 607.01214     1.426    -3.408               7.724          1205Rc0285
  5359.637 607.01214     1.426    -2.080               7.724          1205Qa0295
  5359.667 607.01214     0.506    -4.129               7.724          0802Pb0025
  5359.671 607.01214     0.510    -3.424               7.724          0802Qb0045
  5359.672 607.01214     2.750    -2.278               7.724          2011Pb0255
  5359.682 607.01214     0.510    -3.911               7.724          0802Pd0055
  5359.698 106.00112     1.640    -3.730               3.464            AX35R075
  5359.708 607.01314     1.247    -3.069               7.724          1205Qc0125
  5359.711 607.01214     2.085    -3.332               7.724          1608Pc0255
  5359.715      23.0     2.330     -5.28                                        
  5359.731 607.01314     1.247    -2.845               7.724          1205Pa0135
  5359.762      24.0     4.446     -1.49                                        
  5359.762 106.00112     2.402    -2.886               3.464            AX35Q255
  5359.762 607.01214     0.792    -3.512               7.724          0600Ra0585
  5359.825      28.0     3.793     -3.01                                        
  5359.856 106.00112     2.402    -5.571               3.464            AX35R245
  5359.931 607.01314     1.974    -3.270               7.724          1608Pc0185
  5359.963 106.00112     2.402    -5.446               3.464            AX35P255
  5359.966      58.0     0.520     -0.64                                        
  5359.977 607.01214     0.578    -2.808               7.724          0701Qb0365
  5359.995 106.00112     2.280    -2.971               3.464            AX35Q235
  5360.000      67.0     0.000     -1.60                                        
  5360.012 106.00112     1.979    -3.506               3.464            AX46R105
  5360.043 112.00124     0.515    -3.418               1.340           01R122b24
  5360.045 106.00112     1.641    -5.150               3.464            AX35Q085
  5360.045 106.00113     1.801    -3.245               3.464            AX24Q195
  5360.054 607.01214     0.578    -4.356               7.724          0701Pd0375
  5360.057 106.00112     2.402    -2.931               3.464            AX35Q245
  5360.066      29.0     5.677     -1.66                                        
  5360.068 106.00112     2.281    -5.615               3.464            AX35R225
  5360.069 106.00113     1.801    -5.816               3.464            AX24R185
  5360.076 106.00112     1.641    -3.690               3.464            AX35R085
  5360.089 607.01214     0.539    -3.209               7.724          0802Rb0115
  5360.114 607.01214     0.539    -3.509               7.724          0802Qd0125
  5360.115      22.1     2.596     -4.04                                        
  5360.130 106.00112     1.306    -5.899               3.464            AX24R055
  5360.132 106.00112     1.979    -3.468               3.464            AX46R115
  5360.158 106.00112     1.979    -5.123               3.464            AX46Q115
  5360.173 106.00112     2.280    -5.444               3.464            AX35P235
  5360.203 607.01314     2.638    -2.417               7.724          2011Pb0195
  5360.204 106.00113     1.801    -5.535               3.464            AX24P195
  5360.205 106.00112     1.576    -6.594               3.464            AX02R235
  5360.221      25.0     6.203     -2.78                                        
  5360.222 607.01214     0.619    -3.914               7.724          0802Rd0225
  5360.228 106.00113     1.801    -3.265               3.464            AX24Q185
  5360.228 607.01214     0.689    -2.996               7.724          0701Rb0425
  5360.230 607.01314     1.347    -2.428               7.724          1205Rb0245
  5360.246 106.00112     2.281    -3.004               3.464            AX35Q225
  5360.255      23.0     1.948     -2.02                               LAWNOHFS 
  5360.273      25.1     6.640     -6.62                                        
  5360.277 607.01314     1.347    -3.107               7.724          1205Qd0255
  5360.315 106.00112     1.576    -3.744               3.464            AX02Q245
  5360.317 607.01214     0.689    -4.223               7.724          0701Qd0435
  5360.356 106.00112     1.641    -3.730               3.464            AX35R075
  5360.380 106.00112     1.306    -5.881               3.464            AX24R055
  5360.406 106.00113     1.204    -3.989               3.464            AX13R115
  5360.413 106.00113     0.836    -6.961               3.464            AX02R105
  5360.424 106.00112     1.576    -3.763               3.464            AX02Q235
  5360.473      26.0     5.096     -3.80                                        
  5360.479 106.00112     1.654    -6.106               3.464            AX13R205
  5360.513      42.0     3.263      0.47                              NIST/B    
  5360.535 106.00112     1.576    -6.208               3.464            AX02P245
  5360.538 607.01214     1.440    -2.078               7.724          1205Qb0295
  5360.596 607.01214     1.440    -3.453               7.724          1205Pd0305
  5360.597 106.00113     1.204    -3.966               3.464            AX13R125
  5360.605 106.00112     1.654    -3.418               3.464            AX13Q215
  5360.641 106.00112     1.641    -5.136               3.464            AX35Q085
  5360.643 106.00112     1.654    -3.435               3.464            AX13Q205
  5360.651 106.00113     1.204    -5.707               3.464            AX13Q125
  5360.672 106.00112     1.641    -3.690               3.464            AX35R085
  5360.692      26.0     4.987     -2.63                                        
  5360.769 106.00112     1.654    -5.792               3.464            AX13P215
  5360.830      63.0     1.875     -0.27                                        
  5360.883      42.0     2.289     -1.82                                        
  5360.924      20.0     4.621     -3.40                                        
  5360.993 607.01214     0.512    -3.328               7.724          0802Qb0055
  5361.006 607.01214     0.512    -3.869               7.724          0802Pd0065
  5361.023      21.0     5.481     -2.76                                        
  5361.071 106.00113     2.327    -6.060               3.464            AX13Q305
  5361.072 106.00113     2.327    -3.427               3.464            AX13P315
  5361.074 106.00113     2.125    -8.248               3.464            AX50R375
  5361.170      60.1     0.559     -1.48                              DenHarto03
  5361.273      24.1     6.892     -3.43                                        
  5361.293 106.00113     2.327    -3.443               3.464            AX13P305
  5361.294 607.01314     2.608    -3.210               7.724          2011Pc0155
  5361.311      24.1     7.326     -2.51                                        
  5361.324 607.01314     0.370    -3.366               7.724          0701Pb0225
  5361.354 106.00113     1.478    -6.874               3.464            BX03R185
  5361.355      56.1     5.693     -0.91                                        
  5361.382 106.00112     2.165    -5.595               3.464            AX35R205
  5361.467      60.1     0.680     -0.37                                        
  5361.476 106.00112     2.165    -3.034               3.464            AX35Q215
  5361.490 607.01314     1.281    -3.298               7.724          1205Rc0175
  5361.513 607.01214     0.545    -3.167               7.724          0802Rb0125
  5361.516      26.0     4.956     -1.99                              PK15THEOR 
  5361.525 607.01314     1.281    -2.302               7.724          1205Qa0185
  5361.536 106.00112     2.165    -3.060               3.464            AX35Q205
  5361.541 607.01214     0.545    -3.508               7.724          0802Qd0135
  5361.554 607.01314     0.324    -4.294               7.724          0701Pc0175
  5361.597 607.01214     0.507    -3.952               7.724          0802Pb0035
  5361.601 607.01314     0.497    -3.092               7.724          0701Ra0335
  5361.623 106.00113     1.942    -5.108               3.464            AX46Q105
  5361.625      26.0     4.415     -1.41                              NIST/E    
  5361.630 106.00112     2.165    -5.451               3.464            AX35P215
  5361.650   23.0051     2.377    -3.376                                 KURHFS 
  5361.650   23.0051     2.377    -3.787                                 KURHFS 
  5361.650 106.00112     2.528    -5.458               3.464            AX35R265
  5361.656      25.0     4.270     -2.20                                        
  5361.661   23.0051     2.377    -3.673                                 KURHFS 
  5361.661   23.0051     2.377    -3.787                                 KURHFS 
  5361.661   23.0051     2.377    -3.992                                 KURHFS 
  5361.669   23.0051     2.377    -3.673                                 KURHFS 
  5361.669   23.0051     2.377    -3.798                                 KURHFS 
  5361.675      64.0     1.283     -0.46                                        
  5361.676   23.0051     2.377    -3.798                                 KURHFS 
  5361.676   23.0051     2.377    -3.974                                 KURHFS 
  5361.688      26.0     4.909     -2.88                                        
  5361.693      23.0     1.711     -4.69                                        
  5361.706 106.00112     2.528    -2.775               3.464            AX35Q275
  5361.706 607.01314     2.717    -2.185               7.724          2011Rb0275
  5361.712      22.0     0.835     -3.01                                 LAWLER 
  5361.716      26.0     2.756     -7.35                                        
  5361.748 106.00113     1.942    -3.543               3.464            AX46R095
  5361.748 607.01314     2.717    -2.915               7.724          2011Qd0285
  5361.775 106.00113     1.391    -3.838               3.464            AX24R085
  5361.786 607.01314     1.298    -2.273               7.724          1205Qb0195
  5361.805 607.01314     2.705    -2.178               7.724          2011Ra0275
  5361.824 607.01314     1.298    -3.342               7.724          1205Pd0205
  5361.837      15.0     7.376     -2.50                                        
  5361.873 106.00112     2.528    -2.834               3.464            AX35Q265
  5361.882 607.01314     1.266    -2.735               7.724          1205Pb0155
  5361.909      23.0     4.228     -3.42                                        
  5361.930 106.00112     2.528    -5.454               3.464            AX35P275
  5361.935      23.0     2.914     -4.61                                        
  5361.939 106.00113     1.205    -3.989               3.464            AX13R115
  5361.974 106.00112     2.222    -3.004               3.464            AX35Q225
  5361.984 607.01314     1.336    -2.417               7.724          1205Ra0245
  5362.004      41.0     0.049     -2.49                                        
  5362.012 607.01314     2.779    -3.244               7.724          2011Rd0335
  5362.022 607.01214     1.377    -3.150               7.724          1205Qc0245
  5362.036 106.00112     2.222    -5.622               3.464            AX35R215
  5362.039 106.00113     1.205    -3.967               3.464            AX13R125
  5362.046 106.00113     1.942    -3.503               3.464            AX46R105
  5362.058 106.00113     2.253    -8.813               3.464            AX03R305
  5362.071 607.01214     1.377    -2.495               7.724          1205Pa0255
  5362.094 106.00113     1.205    -5.686               3.464            AX13Q125
  5362.096 106.00113     1.391    -5.346               3.464            AX24Q095
  5362.097 106.00113     1.391    -3.805               3.464            AX24R095
  5362.117 106.00112     2.465    -2.834               3.464            AX35Q265
  5362.140 106.00112     2.222    -5.437               3.464            AX35P225
  5362.142 106.00112     2.565    -2.909               3.464            AX46R245
  5362.146 607.01314     0.512    -3.099               7.724          0701Rb0335
  5362.160      64.1     2.207     -1.06                              DenHarto06
  5362.174 607.01314     2.630    -2.857               7.724          2011Qc0185
  5362.202 106.00112     2.222    -3.034               3.464            AX35Q215
  5362.203 607.01314     2.630    -2.434               7.724          2011Pa0195
  5362.214 607.01314     0.512    -4.029               7.724          0701Qd0345
  5362.220 106.00112     2.465    -5.535               3.464            AX35R255
  5362.224 106.00113     1.426    -6.965               3.464            BX03R175
  5362.240 607.01314     0.428    -2.928               7.724          0701Qb0275
  5362.242      24.0     3.842     -3.31                                        
  5362.250      90.1     1.067     -2.25                              Nils02/9% 
  5362.262      22.0     2.343     -1.70                                        
  5362.271      25.0     6.203     -1.02                                        
  5362.279      26.0     5.066     -2.71                                        
  5362.297 607.01314     0.428    -4.255               7.724          0701Pd0285
  5362.319 607.01214     1.389    -2.484               7.724          1205Pb0255
  5362.325 607.01214     0.630    -3.920               7.724          0802Rd0235
  5362.327 106.00112     0.838    -6.994               3.464            AX02R105
  5362.330 106.00112     2.465    -5.438               3.464            AX35P265
  5362.334 106.00112     2.565    -5.185               3.464            AX46Q245
  5362.426 106.00112     1.807    -3.245               3.464            AX24Q195
  5362.431 106.00112     2.565    -2.965               3.464            AX46R235
  5362.433 106.00112     2.465    -2.886               3.464            AX35Q255
  5362.439 106.00112     1.807    -5.816               3.464            AX24R185
  5362.457 607.01214     0.516    -3.246               7.724          0802Qb0065
  5362.473 607.01214     0.516    -3.839               7.724          0802Pd0075
  5362.489 106.00113     1.942    -5.091               3.464            AX46Q105
  5362.495 607.01314     0.416    -4.211               7.724          0701Rc0265
  5362.543 106.00112     1.807    -5.535               3.464            AX24P195
  5362.549 607.01314     0.416    -2.929               7.724          0701Qa0275
  5362.556      40.0     0.542     -1.87                                        
  5362.557 106.00112     1.807    -3.264               3.464            AX24Q185
  5362.559 607.01314     0.360    -3.944               7.724          0701Qc0215
  5362.590      64.1     1.313     -1.82                              DenHarto06
  5362.593      37.0     1.558     -1.62                                        
  5362.603 607.01314     0.360    -3.380               7.724          0701Pa0225
  5362.617 106.00113     1.391    -3.838               3.464            AX24R085
  5362.637      58.0     0.690     -1.14                                        
  5362.654 607.01214     0.689    -2.984               7.724          0701Ra0435
  5362.685 106.00113     1.942    -3.543               3.464            AX46R095
  5362.692 112.00124     1.031    -0.116               1.340           23Q229b24
  5362.705 607.01314     1.236    -3.490               7.724          1205Pc0105
  5362.711 607.01314     1.253    -3.066               7.724          1205Qc0135
  5362.729      58.0     0.172     -1.48                                        
  5362.736 607.01314     1.253    -2.802               7.724          1205Pa0145
  5362.774      27.0     4.229      0.38                                        
  5362.842 112.00124     1.031    -3.895               1.340           23P129b24
  5362.865 106.00113     1.391    -5.330               3.464            AX24Q095
  5362.869      26.1     3.197     -2.74                                        
  5362.869 106.00113     1.391    -3.806               3.464            AX24R095
  5362.913 106.00113     1.942    -3.503               3.464            AX46R105
  5362.920 112.00124     1.031    -3.895               1.340           23R229b24
  5362.934      24.0     4.613     -2.25                                        
  5362.988      24.0     3.842     -1.94                                        
  5363.010 106.00113     1.572    -3.745               3.464            AX02Q245
  5363.013      26.0     5.029     -2.85                                        
  5363.044 106.00113     2.273    -5.586               3.464            AX35R225
  5363.064 607.01314     0.314    -5.106               7.724          0600Pc0365
  5363.069 607.01314     2.674    -1.988               7.724          2011Qb0235
  5363.070 112.00124     1.031    -0.101               1.340           23Q129b24
  5363.093 607.01214     0.551    -3.129               7.724          0802Rb0135
  5363.099 106.00113     2.273    -2.969               3.464            AX35Q235
  5363.105      23.0     3.129     -3.32                                        
  5363.105 607.01314     2.674    -3.140               7.724          2011Pd0245
  5363.123 607.01214     0.551    -3.509               7.724          0802Qd0145
  5363.141 106.00113     1.572    -6.623               3.464            AX02R235
  5363.175 607.01314     2.019    -2.360               7.724          1608Pb0235
  5363.211 106.00113     1.572    -6.183               3.464            AX02P245
  5363.325      58.0     0.925      0.19                                        
  5363.327      40.0     0.650     -2.54                                        
  5363.330      58.0     0.684     -0.05                                        
  5363.342 106.00113     1.572    -3.763               3.464            AX02Q235
  5363.348 106.00113     2.215    -5.594               3.464            AX35R215
  5363.360 106.00112     0.839    -6.961               3.464            AX02R105
  5363.364 607.01214     0.991    -5.266               7.724          0600Rd0655
  5363.369 106.00113     2.273    -3.003               3.464            AX35Q225
  5363.370 607.01314     2.052    -3.195               7.724          1608Rc0265
  5363.375      33.0     6.765      0.20                                        
  5363.396      25.0     4.270     -2.63                                        
  5363.404 607.01214     0.440    -5.201               7.724          0600Pc0425
  5363.409 106.00113     2.215    -3.003               3.464            AX35Q225
  5363.417 607.01314     2.052    -1.950               7.724          1608Qa0275
  5363.423   23.0051     1.858    -6.127                                 KURHFS 
  5363.423   23.0051     1.858    -6.579                                 KURHFS 
  5363.423   23.0051     1.858    -7.579                                 KURHFS 
  5363.424 106.00113     2.273    -5.469               3.464            AX35P235
  5363.434   23.0051     1.858    -6.009                                 KURHFS 
  5363.434   23.0051     1.858    -6.368                                 KURHFS 
  5363.434   23.0051     1.858    -7.372                                 KURHFS 
  5363.449   23.0051     1.858    -5.891                                 KURHFS 
  5363.449   23.0051     1.858    -6.272                                 KURHFS 
  5363.449   23.0051     1.858    -7.344                                 KURHFS 
  5363.457 106.00113     1.053    -6.335               3.464            AX13R075
  5363.467   23.0051     1.858    -5.779                                 KURHFS 
  5363.467   23.0051     1.858    -6.236                                 KURHFS 
  5363.467   23.0051     1.858    -7.424                                 KURHFS 
  5363.468 607.01214     0.664    -3.311               7.724          0600Qb0525
  5363.488   23.0051     1.858    -5.675                                 KURHFS 
  5363.488   23.0051     1.858    -6.252                                 KURHFS 
  5363.488   23.0051     1.858    -7.616                                 KURHFS 
  5363.489 607.01214     0.497    -4.051               7.724          0701Qc0315
  5363.492 106.00113     2.496    -6.331               3.464            AX56P225
  5363.501 112.00124     1.077    -0.156               1.340           12Q234b24
  5363.510 106.00112     1.208    -3.988               3.464            AX13R115
  5363.513   23.0051     1.858    -5.579                                 KURHFS 
  5363.513   23.0051     1.858    -6.334                                 KURHFS 
  5363.513   23.0051     1.858    -8.005                                 KURHFS 
  5363.526 112.00124     0.761    -0.624               1.340           12R225b24
  5363.542   23.0051     1.858    -5.489                                 KURHFS 
  5363.542   23.0051     1.858    -6.552                                 KURHFS 
  5363.556 607.01214     0.497    -3.207               7.724          0701Pa0325
  5363.574   23.0051     1.858    -5.405                                 KURHFS 
  5363.579 607.01214     0.664    -5.174               7.724          0600Pd0535
  5363.644 106.00113     2.215    -3.033               3.464            AX35Q215
  5363.653 607.01314     2.063    -1.949               7.724          1608Qb0275
  5363.665 106.00113     1.533    -6.773               3.464            BX03R195
  5363.665 607.01214     0.578    -4.377               7.724          0701Rc0365
  5363.666      70.0     2.873     -0.78                                        
  5363.670 607.01214     0.510    -3.820               7.724          0802Pb0045
  5363.676 112.00124     0.761    -3.186               1.340           12Q125b24
  5363.676 112.00124     1.077    -4.142               1.340           12P134b24
  5363.687      27.0     4.229     -4.33                                        
  5363.701 607.01314     2.063    -3.229               7.724          1608Pd0285
  5363.705 106.00113     2.215    -5.461               3.464            AX35P225
  5363.707 106.00112     1.208    -3.966               3.464            AX13R125
  5363.725 112.00124     1.077    -4.127               1.340           12R234b24
  5363.728 607.01314     2.009    -2.927               7.724          1608Qc0225
  5363.742 607.01214     0.578    -2.792               7.724          0701Qa0375
  5363.752 607.01314     2.664    -3.109               7.724          2011Rc0225
  5363.764 106.00112     1.208    -5.706               3.464            AX13Q125
  5363.767 607.01314     2.009    -2.373               7.724          1608Pa0235
  5363.786 607.01314     2.664    -1.989               7.724          2011Qa0235
  5363.796 607.01214     2.134    -3.010               7.724          1608Qc0295
  5363.807      92.1     0.702     -2.34                                        
  5363.848 607.01214     2.134    -2.245               7.724          1608Pa0305
  5363.899 112.00124     1.077    -0.143               1.340           12Q134b24
  5363.905      25.0     4.270     -3.48                                        
  5363.927   23.0051     2.284    -5.761                                 KURHFS 
  5363.927   23.0051     2.284    -5.957                                 KURHFS 
  5363.937   23.0051     2.284    -5.736                                 KURHFS 
  5363.937   23.0051     2.284    -5.747                                 KURHFS 
  5363.937   23.0051     2.284    -5.957                                 KURHFS 
  5363.952   23.0051     2.284    -5.609                                 KURHFS 
  5363.952   23.0051     2.284    -5.633                                 KURHFS 
  5363.952   23.0051     2.284    -5.736                                 KURHFS 
  5363.959 106.00113     1.053    -6.310               3.464            AX13R075
  5363.971   23.0051     2.284    -5.442                                 KURHFS 
  5363.971   23.0051     2.284    -5.590                                 KURHFS 
  5363.971   23.0051     2.284    -5.633                                 KURHFS 
  5363.979 607.01214     2.750    -2.270               7.724          2011Pa0265
  5363.995   23.0051     2.284    -5.273                                 KURHFS 
  5363.995   23.0051     2.284    -5.590                                 KURHFS 
  5363.995   23.0051     2.284    -5.601                                 KURHFS 
  5364.005   23.0051     1.217    -5.107                                 KURHFS 
  5364.005   23.0051     1.217    -5.362                                 KURHFS 
  5364.007   23.0051     1.217    -4.908                                 KURHFS 
  5364.007   23.0051     1.217    -5.107                                 KURHFS 
  5364.007   23.0051     1.217    -7.015                                 KURHFS 
  5364.009 112.00124     0.761    -0.609               1.340           12R125h24
  5364.011   23.0051     1.217    -4.844                                 KURHFS 
  5364.011   23.0051     1.217    -4.908                                 KURHFS 
  5364.011   23.0051     1.217    -5.772                                 KURHFS 
  5364.015   23.0051     1.217    -4.844                                 KURHFS 
  5364.015   23.0051     1.217    -4.875                                 KURHFS 
  5364.015   23.0051     1.217    -5.055                                 KURHFS 
  5364.021   23.0051     1.217    -4.649                                 KURHFS 
  5364.021   23.0051     1.217    -4.875                                 KURHFS 
  5364.021   23.0051     1.217    -5.056                                 KURHFS 
  5364.024   23.0051     2.284    -5.114                                 KURHFS 
  5364.024   23.0051     2.284    -5.601                                 KURHFS 
  5364.024   23.0051     2.284    -5.678                                 KURHFS 
  5364.027   23.0051     1.217    -4.357                                 KURHFS 
  5364.027   23.0051     1.217    -5.056                                 KURHFS 
  5364.058   23.0051     2.284    -4.966                                 KURHFS 
  5364.058   23.0051     2.284    -5.678                                 KURHFS 
  5364.058   23.0051     2.284    -5.893                                 KURHFS 
  5364.066 607.01214     0.519    -3.174               7.724          0802Qb0075
  5364.082 112.00125     0.760    -0.609               1.340           12R125h25
  5364.083 607.01214     0.519    -3.816               7.724          0802Pd0085
  5364.097   23.0051     2.284    -4.830                                 KURHFS 
  5364.097   23.0051     2.284    -5.893                                 KURHFS 
  5364.103 112.00126     0.759    -0.609               1.340           12R125h26
  5364.168 106.00113     2.333    -5.568               3.464            AX35R235
  5364.202      22.0     2.486     -2.01                                        
  5364.216 106.00113     2.333    -2.929               3.464            AX35Q245
  5364.230      59.1     0.422     -2.46                                LINOHFS 
  5364.276      42.0     3.263     -0.06                              NIST/B    
  5364.301 106.00112     1.335    -5.889               3.464            BX13P145
  5364.304 607.01214     2.750    -2.939               7.724          2011Qc0255
  5364.324 106.00112     1.656    -3.418               3.464            AX13Q215
  5364.331      77.0     2.427     -1.51                                        
  5364.365 106.00112     1.656    -6.131               3.464            AX13R205
  5364.373      26.0     5.096     -3.02                                        
  5364.380      62.1     1.347     -1.28                              Lawler06  
  5364.403      62.1     1.265     -1.84                                        
  5364.460   25.0055     2.886    -3.399                                 BLKKUR 
  5364.463   25.0055     2.886    -4.391                                 BLKKUR 
  5364.467   25.0055     2.886    -4.391                                 BLKKUR 
  5364.470   25.0055     2.886    -3.570                                 BLKKUR 
  5364.473   25.0055     2.886    -4.209                                 BLKKUR 
  5364.476   25.0055     2.886    -4.209                                 BLKKUR 
  5364.479   25.0055     2.886    -3.755                                 BLKKUR 
  5364.481   25.0055     2.886    -4.178                                 BLKKUR 
  5364.484   25.0055     2.886    -4.178                                 BLKKUR 
  5364.486   25.0055     2.886    -3.947                                 BLKKUR 
  5364.487 106.00112     1.656    -5.769               3.464            AX13P215
  5364.488   25.0055     2.886    -4.243                                 BLKKUR 
  5364.489   25.0055     2.886    -4.243                                 BLKKUR 
  5364.491   25.0055     2.886    -4.122                                 BLKKUR 
  5364.492   25.0055     2.886    -4.441                                 BLKKUR 
  5364.493   25.0055     2.886    -4.441                                 BLKKUR 
  5364.495   25.0055     2.886    -4.186                                 BLKKUR 
  5364.523 106.00113     2.333    -2.969               3.464            AX35Q235
  5364.528 106.00112     1.656    -3.435               3.464            AX13Q205
  5364.561 607.01314     1.289    -3.304               7.724          1205Rc0185
  5364.572 106.00113     2.333    -5.473               3.464            AX35P245
  5364.595 607.01214     0.641    -3.927               7.724          0802Rd0245
  5364.598 607.01314     1.289    -2.275               7.724          1205Qa0195
  5364.633      15.0     7.376     -1.40                                        
  5364.696 607.01214     2.719    -3.269               7.724          2011Pc0225
  5364.766   27.0059     3.772    -2.234                                 KURHFS 
  5364.766   27.0059     3.772    -2.410                                 KURHFS 
  5364.780      25.0     6.205      0.01                                        
  5364.787   27.0059     3.772    -2.109                                 KURHFS 
  5364.787   27.0059     3.772    -2.234                                 KURHFS 
  5364.799 112.00124     0.744    -0.820               1.340           01R229h24
  5364.810 106.00112     1.395    -3.838               3.464            AX24R085
  5364.814   27.0059     3.772    -2.109                                 KURHFS 
  5364.814   27.0059     3.772    -2.223                                 KURHFS 
  5364.814   27.0059     3.772    -2.428                                 KURHFS 
  5364.817 607.01214     1.440    -3.416               7.724          1205Rc0295
  5364.820 607.01214     0.547    -3.701               7.724          0600Pb0475
  5364.831 607.01214     0.558    -3.094               7.724          0802Rb0145
  5364.835 106.00113     2.159    -5.595               3.464            AX35R205
  5364.847   27.0059     3.772    -1.812                                 KURHFS 
  5364.847   27.0059     3.772    -2.223                                 KURHFS 
  5364.863 607.01214     0.558    -3.512               7.724          0802Qd0155
  5364.867 106.00112     2.166    -3.034               3.464            AX35Q215
  5364.867 112.00125     0.743    -0.820               1.340           01R229h25
  5364.871      26.0     4.446      0.23                              NIST/C+   
  5364.875 607.01214     1.440    -2.063               7.724          1205Qa0305
  5364.904 106.00113     2.159    -3.033               3.464            AX35Q215
  5364.916 106.00112     2.166    -5.621               3.464            AX35R205
  5364.921 112.00126     0.742    -0.820               1.340           01R229h26
  5364.934 607.01214     0.441    -4.411               7.724          0701Pc0275
  5364.936 607.01314     1.982    -3.273               7.724          1608Pc0195
  5364.974 112.00124     0.744    -3.546               1.340           01Q129b24
  5364.986 607.01214     0.512    -3.413               7.724          0802Ra0065
  5365.000 607.01214     0.516    -3.356               7.724          0802Ra0075
  5365.006 106.00112     1.209    -3.988               3.464            AX13R115
  5365.021 106.00112     2.166    -5.427               3.464            AX35P215
  5365.034 607.01214     1.345    -3.489               7.724          1205Pc0215
  5365.039 607.01214     1.534    -2.847               7.724          0902Pb0665
  5365.043 607.01314     2.646    -2.391               7.724          2011Pb0205
  5365.070 106.00112     2.166    -3.060               3.464            AX35Q205
  5365.091 106.00112     1.579    -3.745               3.464            AX02Q245
  5365.099 106.00112     1.209    -3.966               3.464            AX13R125
  5365.103 106.00113     2.159    -3.060               3.464            AX35Q205
  5365.117 112.00124     0.569    -3.033               1.340           12R118b24
  5365.130      24.0     4.413     -1.71                                        
  5365.130 106.00112     2.546    -3.696               3.464            AX02P365
  5365.140      23.0     2.576     -2.61                                        
  5365.140 106.00112     1.395    -5.345               3.464            AX24Q095
  5365.143 106.00112     1.395    -3.805               3.464            AX24R095
  5365.156 106.00112     1.209    -5.686               3.464            AX13Q125
  5365.160 607.01214     0.510    -3.475               7.724          0802Ra0055
  5365.169 106.00112     1.579    -6.622               3.464            AX02R235
  5365.173 106.00113     2.159    -5.450               3.464            AX35P215
  5365.192      26.0     5.060     -3.17                                        
  5365.198 607.01214     0.519    -3.305               7.724          0802Ra0085
  5365.230 106.00112     2.111    -5.588               3.464            AX35R195
  5365.262 106.00112     2.546    -6.517               3.464            AX02Q355
  5365.310 106.00112     1.579    -6.182               3.464            AX02P245
  5365.324 112.00124     0.744    -0.806               1.340           01R129h24
  5365.332 106.00112     2.111    -3.061               3.464            AX35Q205
  5365.354 112.00124     0.641    -2.759               1.340           23R114b24
  5365.356      26.0     4.730     -2.95                                        
  5365.372 106.00112     2.111    -3.086               3.464            AX35Q195
  5365.377      42.0     2.521     -2.62                                        
  5365.385      64.0     1.310     -0.19                                        
  5365.389 106.00112     1.579    -3.763               3.464            AX02Q235
  5365.393 112.00125     0.743    -0.806               1.340           01R129h25
  5365.399      26.0     3.573     -1.02                              NIST/B    
  5365.402   23.0051     1.866    -6.424                                 KURHFS 
  5365.402   23.0051     1.866    -7.149                                 KURHFS 
  5365.402   23.0051     1.866    -8.362                                 KURHFS 
  5365.419   23.0051     1.866    -6.341                                 KURHFS 
  5365.419   23.0051     1.866    -6.931                                 KURHFS 
  5365.419   23.0051     1.866    -8.128                                 KURHFS 
  5365.420 607.01314     1.307    -2.248               7.724          1205Qb0205
  5365.441   23.0051     1.866    -6.255                                 KURHFS 
  5365.441   23.0051     1.866    -6.837                                 KURHFS 
  5365.441   23.0051     1.866    -8.082                                 KURHFS 
  5365.460 607.01314     1.307    -3.349               7.724          1205Pd0215
  5365.465 112.00126     0.742    -0.806               1.340           01R129h26
  5365.466   23.0051     1.866    -6.171                                 KURHFS 
  5365.466   23.0051     1.866    -6.805                                 KURHFS 
  5365.466   23.0051     1.866    -8.149                                 KURHFS 
  5365.474 106.00112     2.111    -5.437               3.464            AX35P205
  5365.496   23.0051     1.866    -6.090                                 KURHFS 
  5365.496   23.0051     1.866    -6.825                                 KURHFS 
  5365.496   23.0051     1.866    -8.332                                 KURHFS 
  5365.520 607.01214     0.507    -3.544               7.724          0802Ra0045
  5365.531   23.0051     1.866    -6.012                                 KURHFS 
  5365.531   23.0051     1.866    -6.912                                 KURHFS 
  5365.531   23.0051     1.866    -8.714                                 KURHFS 
  5365.567 106.00113     1.377    -7.045               3.464            BX03R165
  5365.569      27.0     4.146     -1.56                                        
  5365.569   23.0051     1.866    -5.938                                 KURHFS 
  5365.569   23.0051     1.866    -7.135                                 KURHFS 
  5365.579 607.01214     0.524    -3.258               7.724          0802Ra0095
  5365.587 106.00112     2.546    -1.245               3.464            AX52Q365
  5365.587 106.00112     2.546    -3.706               3.464            AX02P355
  5365.612   23.0051     1.866    -5.868                                 KURHFS 
  5365.622      26.0     5.067     -2.24                              PK15THEOR 
  5365.666 106.00112     1.395    -3.838               3.464            AX24R085
  5365.685      26.0     4.962     -2.87                                        
  5365.709 607.01314     1.273    -2.701               7.724          1205Pb0165
  5365.719 106.00112     2.546    -5.349               3.464            AX52R355
  5365.761      24.0     4.398     -1.45                                        
  5365.806 607.01214     2.762    -2.259               7.724          2011Pb0265
  5365.820 607.01214     0.523    -3.110               7.724          0802Qb0085
  5365.830      28.0     5.000     -4.23                                        
  5365.836      26.0     5.006     -2.47                                        
  5365.839 607.01214     0.524    -3.801               7.724          0802Pd0095
  5365.866 607.01314     2.615    -3.207               7.724          2011Pc0165
  5365.872      57.0     0.869     -1.32                                        
  5365.874 106.00112     2.546    -4.078               3.464            AX52P365
  5365.887 607.01214     0.512    -3.712               7.724          0802Pb0055
  5365.897 607.01314     1.259    -3.065               7.724          1205Qc0145
  5365.918 607.01214     0.512    -3.198               7.724          0701Pb0325
  5365.920 106.00112     1.395    -5.329               3.464            AX24Q095
  5365.922 106.00112     1.395    -3.805               3.464            AX24R095
  5365.923 607.01314     1.259    -2.762               7.724          1205Pa0155
  5365.928      24.0     2.965     -4.50                                        
  5365.949      73.0     2.154     -1.72                                        
  5365.949 607.01214     2.147    -2.237               7.724          1608Pb0305
  5365.970      24.0     4.614     -1.08                                        
  5365.976 106.00112     1.949    -3.542               3.464            AX46R095
  5365.983 607.01214     0.664    -5.110               7.724          0600Rc0525
  5366.007 106.00112     2.546    -1.496               3.464            AX52Q355
  5366.066 607.01314     0.512    -3.078               7.724          0701Ra0345
  5366.070 607.01214     0.506    -3.621               7.724          0802Ra0035
  5366.071 607.01214     1.453    -2.062               7.724          1205Qb0305
  5366.074 607.01314     0.381    -3.343               7.724          0701Pb0235
  5366.090      24.0     4.798     -4.20                                        
  5366.094 607.01214     0.664    -3.302               7.724          0600Qa0535
  5366.132 607.01214     1.453    -3.461               7.724          1205Pd0315
  5366.144 607.01214     0.528    -3.214               7.724          0802Ra0105
  5366.155 106.00113     1.748    -5.767               3.464            AX24R175
  5366.155 607.01214     0.819    -3.515               7.724          0600Rb0585
  5366.156 607.01314     0.332    -4.296               7.724          0701Pc0185
  5366.161 607.01314     1.241    -3.473               7.724          1205Pc0115
  5366.168      27.0     4.229     -1.32                                        
  5366.197      22.1     5.424     -2.99                                        
  5366.216 106.00112     1.949    -3.502               3.464            AX46R105
  5366.225 106.00112     1.949    -5.108               3.464            AX46Q105
  5366.252 607.01314     2.717    -2.162               7.724          2011Ra0285
  5366.279 106.00113     1.748    -3.286               3.464            AX24Q175
  5366.279 607.01214     0.819    -4.904               7.724          0600Qd0595
  5366.283 106.00113     1.748    -3.265               3.464            AX24Q185
  5366.296      24.0     4.532     -2.43                                        
  5366.303 607.01214     0.595    -2.795               7.724          0701Qb0375
  5366.317 607.01214     2.096    -3.338               7.724          1608Pc0265
  5366.382 607.01214     0.595    -4.364               7.724          0701Pd0385
  5366.407 106.00113     1.748    -5.540               3.464            AX24P185
  5366.420      26.0     5.064     -1.06                                        
  5366.495 607.01314     2.728    -2.168               7.724          2011Rb0285
  5366.538 607.01314     2.728    -2.926               7.724          2011Qd0295
  5366.542 106.00112     1.056    -6.334               3.464            AX13R075
  5366.593 607.01214     0.710    -2.985               7.724          0701Rb0435
  5366.602 607.01314     2.638    -2.861               7.724          2011Qc0195
  5366.619 106.00112     2.530    -2.776               3.464            AX35Q275
  5366.632 607.01314     2.638    -2.406               7.724          2011Pa0205
  5366.639      22.0     0.818     -2.46                                 LAWLER 
  5366.685 607.01214     0.710    -4.238               7.724          0701Qd0445
  5366.699 106.00112     2.303    -5.720               3.464            AX51R365
  5366.727 607.01214     0.565    -3.061               7.724          0802Rb0155
  5366.731 106.00112     2.530    -5.490               3.464            AX35R265
  5366.733      27.0     4.146     -2.12                                        
  5366.761 607.01214     0.565    -3.515               7.724          0802Qd0165
  5366.809 607.01214     0.504    -3.708               7.724          0802Ra0025
  5366.839 607.01314     0.428    -4.219               7.724          0701Rc0275
  5366.844 106.00112     2.530    -5.424               3.464            AX35P275
  5366.850      26.0     5.066     -4.08                                        
  5366.867 607.01314     0.527    -3.084               7.724          0701Rb0345
  5366.881 607.01314     0.441    -2.910               7.724          0701Qb0285
  5366.889 607.01214     0.533    -3.174               7.724          0802Ra0115
  5366.896 607.01314     0.428    -2.911               7.724          0701Qa0285
  5366.914 106.00112     1.949    -3.542               3.464            AX46R095
  5366.921      58.0     0.552     -0.88                                        
  5366.938 607.01314     0.527    -4.037               7.724          0701Qd0355
  5366.940 607.01314     0.441    -4.263               7.724          0701Pd0295
  5366.956 106.00112     2.530    -2.834               3.464            AX35Q265
  5366.961 607.01314     0.370    -3.951               7.724          0701Qc0225
  5366.989      42.0     3.387     -1.36                                        
  5366.991 106.00113     2.395    -5.539               3.464            AX35R245
  5367.008 607.01314     0.370    -3.356               7.724          0701Pa0235
  5367.023 607.01314     2.792    -3.244               7.724          2011Rd0345
  5367.034 106.00113     2.395    -2.883               3.464            AX35Q255
  5367.035 607.01214     0.652    -3.935               7.724          0802Rd0255
  5367.045 106.00112     1.056    -6.310               3.464            AX13R075
  5367.076      42.0     3.263     -0.77                              NIST/B    
  5367.076 106.00113     1.614    -3.768               3.464            AX35R065
  5367.084 106.00112     1.949    -3.502               3.464            AX46R105
  5367.093 106.00112     1.949    -5.090               3.464            AX46Q105
  5367.096      21.0     4.494     -3.56                                        
  5367.101 106.00113     2.275    -2.969               3.464            AX35Q235
  5367.105      23.1     3.796     -2.82                                        
  5367.136 106.00113     2.217    -3.004               3.464            AX35Q225
  5367.153 106.00113     2.275    -5.443               3.464            AX35P235
  5367.182 106.00113     1.038    -4.365               3.464            AX02R145
  5367.192 106.00113     2.217    -5.436               3.464            AX35P225
  5367.197      28.1     7.273     -3.77                                        
  5367.211 106.00113     2.275    -5.614               3.464            AX35R225
  5367.222 607.01214     1.534    -4.250               7.724          0902Qc0665
  5367.233 106.00113     2.217    -5.621               3.464            AX35R215
  5367.263 106.00113     2.275    -3.003               3.464            AX35Q225
  5367.270 106.00113     1.038    -4.347               3.464            AX02R155
  5367.289 106.00113     2.217    -3.033               3.464            AX35Q215
  5367.290 106.00113     2.105    -5.588               3.464            AX35R195
  5367.340      24.0     3.008     -2.24                                        
  5367.353 106.00113     2.497    -6.391               3.464            AX56P225
  5367.358 607.01214     1.534    -2.840               7.724          0902Pa0675
  5367.368 106.00113     2.105    -3.060               3.464            AX35Q205
  5367.378 106.00113     2.395    -2.929               3.464            AX35Q245
  5367.379 106.00113     1.038    -6.237               3.464            AX02Q155
  5367.394 607.01214     1.389    -3.158               7.724          1205Qc0255
  5367.422 106.00113     2.395    -5.471               3.464            AX35P255
  5367.445 607.01214     1.389    -2.475               7.724          1205Pa0265
  5367.453 106.00113     1.588    -6.082               3.464            AX13R195
  5367.460 106.00113     1.614    -5.092               3.464            AX35Q075
  5367.467      26.0     4.415      0.44                              NIST/B    
  5367.518 106.00113     1.614    -3.722               3.464            AX35R075
  5367.531 106.00113     2.105    -3.085               3.464            AX35Q195
  5367.540      23.1     2.266     -4.49                                        
  5367.540      58.0     0.844     -0.41                                        
  5367.545      26.0     5.066     -3.64                                        
  5367.561 106.00113     1.588    -3.437               3.464            AX13Q205
  5367.586      24.0     4.407     -2.70                                        
  5367.593 106.00113     1.614    -3.768               3.464            AX35R065
  5367.602 106.00113     1.588    -3.455               3.464            AX13Q195
  5367.609 106.00113     2.105    -5.437               3.464            AX35P205
  5367.665      20.0     5.317     -6.11                                        
  5367.697      64.0     1.283     -0.72                                        
  5367.709 106.00113     1.588    -5.779               3.464            AX13P205
  5367.720 607.01214     0.528    -3.053               7.724          0802Qb0095
  5367.740 607.01214     0.503    -3.805               7.724          0802Ra0015
  5367.742 607.01214     0.528    -3.790               7.724          0802Pd0105
  5367.746 607.01214     0.547    -4.873               7.724          0600Qc0475
  5367.765 607.01214     2.172    -3.238               7.724          1709Rd0075
  5367.789      24.0     3.844     -1.90                                        
  5367.807 106.00113     1.822    -5.463               3.464            AX46R045
  5367.811 607.01314     1.298    -3.310               7.724          1205Rc0195
  5367.815 607.01214     0.539    -3.136               7.724          0802Ra0125
  5367.832 607.01214     2.169    -3.263               7.724          1709Rd0065
  5367.847 607.01214     0.547    -3.693               7.724          0600Pa0485
  5367.850 607.01314     1.298    -2.250               7.724          1205Qa0205
  5367.870 607.01214     2.175    -3.220               7.724          1709Rd0085
  5367.887 607.01314     2.684    -1.967               7.724          2011Qb0245
  5367.912      22.1     1.571     -4.48                                        
  5367.920 106.00113     1.614    -5.080               3.464            AX35Q075
  5367.924 607.01314     2.684    -3.145               7.724          2011Pd0255
  5367.953 106.00113     1.822    -5.449               3.464            AX46R045
  5367.966 106.00113     1.614    -3.722               3.464            AX35R075
  5368.008 106.00112     2.506    -6.330               3.464            AX56P225
  5368.022 607.01214     1.401    -2.465               7.724          1205Pb0265
  5368.055      58.0     0.588     -0.84                                        
  5368.070 607.01214     2.166    -3.296               7.724          1709Rd0055
  5368.079      23.0     2.573     -5.26                                        
  5368.099      24.1     3.851     -5.16                                        
  5368.149 607.01214     2.179    -3.206               7.724          1709Rd0095
  5368.200      66.1     0.103     -2.81                                        
  5368.235 607.01314     2.674    -3.119               7.724          2011Rc0235
  5368.250 607.01214     0.516    -3.622               7.724          0802Pb0065
  5368.272 607.01314     2.674    -1.968               7.724          2011Qa0245
  5368.277      26.0     5.029     -2.83                                        
  5368.289 607.01314     2.063    -3.203               7.724          1608Rc0275
  5368.321 106.00112     1.484    -6.872               3.464            BX03R185
  5368.337 607.01314     2.063    -1.933               7.724          1608Qa0285
  5368.359 106.00113     2.161    -3.033               3.464            AX35Q215
  5368.367      62.0     0.498     -0.34                                        
  5368.396      25.1     6.653     -3.93                                        
  5368.404      42.0     3.907     -0.82                                        
  5368.418 106.00113     2.161    -5.427               3.464            AX35P215
  5368.421      92.1     1.124     -1.73                                        
  5368.427      20.0     5.386     -5.58                                        
  5368.436      26.0     4.952     -2.52                                        
  5368.442 106.00113     2.161    -5.620               3.464            AX35R205
  5368.472 106.00112     2.112    -3.061               3.464            AX35Q205
  5368.478 607.01214     2.164    -3.341               7.724          1709Rd0045
  5368.484      26.0     5.016     -2.56                                        
  5368.498 106.00113     2.335    -2.930               3.464            AX35Q245
  5368.501 106.00113     2.161    -3.060               3.464            AX35Q205
  5368.507 106.00112     2.112    -5.613               3.464            AX35R195
  5368.509 607.01314     2.030    -2.339               7.724          1608Pb0245
  5368.536      24.0     3.844     -1.03                                        
  5368.544 106.00113     2.335    -5.446               3.464            AX35P245
  5368.551 607.01214     1.690    -2.462               7.724          0902Qb0715
  5368.603 607.01214     2.183    -3.197               7.724          1709Rd0105
  5368.614 106.00112     2.112    -5.415               3.464            AX35P205
  5368.618 106.00112     1.432    -6.963               3.464            BX03R175
  5368.620 106.00113     2.335    -5.597               3.464            AX35R235
  5368.649 106.00112     2.112    -3.086               3.464            AX35Q195
  5368.658 112.00124     1.105    -0.341               1.340           01Q238b24
  5368.666 106.00113     2.335    -2.969               3.464            AX35Q235
  5368.666 607.01214     0.819    -3.503               7.724          0600Ra0595
  5368.667      25.0     5.083     -3.18                                        
  5368.675 106.00112     1.754    -5.767               3.464            AX24R175
  5368.684      74.0     3.498     -0.55                                        
  5368.697 607.01214     1.690    -4.546               7.724          0902Pd0725
  5368.701 607.01314     2.019    -2.934               7.724          1608Qc0235
  5368.742 607.01314     2.019    -2.351               7.724          1608Pa0245
  5368.783 607.01214     0.573    -3.030               7.724          0802Rb0165
  5368.784 106.00112     1.754    -3.286               3.464            AX24Q175
  5368.796      64.0     0.985     -1.01                                        
  5368.805      23.0     2.357     -2.28                                        
  5368.818 106.00112     1.754    -3.265               3.464            AX24Q185
  5368.819 607.01214     0.573    -3.520               7.724          0802Qd0175
  5368.832   27.0059     3.527    -2.472                                 LAWHFS 
  5368.850      68.0     2.444      0.55                                        
  5368.850   27.0059     3.527    -2.016                                 LAWHFS 
  5368.850 112.00124     1.105    -4.529               1.340           01R238b24
  5368.852 112.00124     1.105    -4.529               1.340           01P138b24
  5368.863 607.01214     0.503    -3.907               7.724          0802Ra0005
  5368.871   27.0059     3.527    -1.995                                 LAWHFS 
  5368.880   27.0059     3.527    -1.995                                 LAWHFS 
  5368.896 607.01314     2.075    -1.932               7.724          1608Qb0285
  5368.908 607.01214     0.710    -2.973               7.724          0701Ra0445
  5368.919   27.0059     3.527    -1.674                                 LAWHFS 
  5368.919   27.0059     3.527    -2.141                                 LAWHFS 
  5368.921 607.01214     0.545    -3.101               7.724          0802Ra0135
  5368.927 106.00112     1.754    -5.539               3.464            AX24P185
  5368.943 106.00113     1.915    -5.067               3.464            AX46Q095
  5368.946 607.01314     2.075    -3.238               7.724          1608Pd0295
  5368.952      25.0     6.203     -2.84                                        
  5368.984      78.0     1.921     -1.83                                        
  5368.999 106.00113     1.916    -3.579               3.464            AX46R085
  5369.004 106.00113     1.749    -3.266               3.464            AX24Q185
  5369.010 106.00113     1.749    -5.790               3.464            AX24R175
  5369.045 112.00124     1.105    -0.329               1.340           01Q138b24
  5369.057 607.01214     2.162    -3.401               7.724          1709Rd0035
  5369.079      42.0     3.499     -1.94                                        
  5369.131      23.0     2.372     -1.80                                        
  5369.147 106.00113     1.749    -5.519               3.464            AX24P185
  5369.154 106.00113     1.749    -3.286               3.464            AX24Q175
  5369.167      58.0     0.000     -1.43                                        
  5369.221 607.01314     1.316    -2.224               7.724          1205Qb0215
  5369.230      66.1     1.840     -1.67                              Wickliff00
  5369.232 607.01214     2.188    -3.190               7.724          1709Rd0115
  5369.263 607.01314     1.316    -3.355               7.724          1205Pd0225
  5369.265 607.01314     1.266    -3.066               7.724          1205Qc0155
  5369.291 607.01314     1.266    -2.726               7.724          1205Pa0165
  5369.292      25.1     6.107     -4.04                                        
  5369.310      58.0     0.295     -0.95                                        
  5369.344 106.00113     1.915    -3.537               3.464            AX46R095
  5369.356      24.1     3.868     -2.86                                        
  5369.393      40.0     0.603     -2.44                                        
  5369.417 106.00113     1.039    -4.347               3.464            AX02R155
  5369.463 106.00113     1.039    -4.365               3.464            AX02R145
  5369.474      75.0     3.026     -0.80                                        
  5369.480 106.00113     2.538    -4.116               3.464            AX52P365
  5369.486 106.00113     2.538    -1.494               3.464            AX52Q355
  5369.509 106.00112     2.358    -8.861               3.464            AX03R315
  5369.525 106.00113     1.039    -6.212               3.464            AX02Q155
  5369.564      26.0     5.086     -2.85                              PK15THEOR 
  5369.569   27.0059     1.739    -2.854                                 KURHFS 
  5369.569   27.0059     1.739    -2.854                                 KURHFS 
  5369.569   27.0059     1.739    -3.155                                 KURHFS 
  5369.571      26.0     5.693     -0.43                              PK15THEOR 
  5369.577   27.0059     1.739    -2.690                                 KURHFS 
  5369.577   27.0059     1.739    -2.716                                 KURHFS 
  5369.577   27.0059     1.739    -3.030                                 KURHFS 
  5369.590   27.0059     1.739    -2.433                                 KURHFS 
  5369.590   27.0059     1.739    -2.682                                 KURHFS 
  5369.590   27.0059     1.739    -3.280                                 KURHFS 
  5369.595      27.0     4.256     -1.22                                        
  5369.607   27.0059     1.739    -2.217                                 KURHFS 
  5369.607   27.0059     1.739    -2.843                                 KURHFS 
  5369.607   27.0059     1.739    -3.708                                 KURHFS 
  5369.614      64.0     1.348     -0.66                                        
  5369.617 106.00112     2.059    -5.576               3.464            AX35R185
  5369.639      24.1     6.798     -2.41                                        
  5369.646 607.01214     0.664    -3.942               7.724          0802Rd0265
  5369.655 106.00113     1.916    -5.052               3.464            AX46Q095
  5369.700 607.01314     1.281    -2.669               7.724          1205Pb0175
  5369.728 106.00112     2.059    -3.086               3.464            AX35Q195
  5369.732   23.0051     1.847    -5.241                                 KURHFS 
  5369.732   23.0051     1.847    -5.496                                 KURHFS 
  5369.732   23.0051     1.847    -5.526                                 KURHFS 
  5369.733   23.0051     1.847    -5.053                                 KURHFS 
  5369.733   23.0051     1.847    -5.496                                 KURHFS 
  5369.733   23.0051     1.847    -5.547                                 KURHFS 
  5369.734   23.0051     1.847    -4.962                                 KURHFS 
  5369.734   23.0051     1.847    -5.108                                 KURHFS 
  5369.734   23.0051     1.847    -5.672                                 KURHFS 
  5369.735   23.0051     1.847    -4.853                                 KURHFS 
  5369.735   23.0051     1.847    -4.940                                 KURHFS 
  5369.735   23.0051     1.847    -5.894                                 KURHFS 
  5369.736   23.0051     1.847    -4.655                                 KURHFS 
  5369.736   23.0051     1.847    -4.994                                 KURHFS 
  5369.736   23.0051     1.847    -6.304                                 KURHFS 
  5369.738   23.0051     1.847    -4.491                                 KURHFS 
  5369.738   23.0051     1.847    -5.190                                 KURHFS 
  5369.740   23.0051     1.847    -4.350                                 KURHFS 
  5369.745 112.00124     0.769    -1.165               1.340           23R120b24
  5369.746 106.00112     2.059    -3.111               3.464            AX35Q185
  5369.749 607.01214     0.512    -4.059               7.724          0701Qc0325
  5369.752 106.00113     2.538    -3.704               3.464            AX02P355
  5369.769 607.01214     0.533    -3.001               7.724          0802Qb0105
  5369.774 106.00113     1.916    -3.579               3.464            AX46R085
  5369.792 607.01214     0.533    -3.783               7.724          0802Pd0115
  5369.794 106.00113     1.552    -5.503               3.464            AX35R035
  5369.800      75.0     1.713     -1.95                                        
  5369.803 607.01314     1.247    -3.461               7.724          1205Pc0125
  5369.804 607.01214     2.161    -3.486               7.724          1709Rd0025
  5369.818 607.01214     0.512    -3.192               7.724          0701Pa0335
  5369.855 106.00112     1.618    -3.768               3.464            AX35R065
  5369.858 106.00112     2.059    -5.423               3.464            AX35P195
  5369.864      58.1     1.319     -1.98                              Lawler09  
  5369.876 106.00113     1.552    -5.491               3.464            AX35R035
  5369.876 607.01214     0.504    -3.906               7.724          0802Rc0015
  5369.881 607.01214     0.504    -3.725               7.724          0802Qa0025
  5369.918      64.0     0.841     -0.66                                        
  5369.925 607.01214     0.595    -4.389               7.724          0701Rc0375
  5369.930      27.0     4.501     -3.38                                        
  5369.931 607.01214     0.503    -3.957               7.724          0802Rc0005
  5369.935 607.01214     0.503    -3.980               7.724          0802Qa0015
  5369.936      23.1     2.554     -5.18                                        
  5369.962      26.0     4.371      0.54                              NIST/B+   
  5369.985   23.0051     2.276    -5.832                                 KURHFS 
  5369.986   23.0051     2.276    -5.547                                 KURHFS 
  5369.986   23.0051     2.276    -5.802                                 KURHFS 
  5369.987   23.0051     2.276    -5.359                                 KURHFS 
  5369.987   23.0051     2.276    -5.802                                 KURHFS 
  5369.987   23.0051     2.276    -5.853                                 KURHFS 
  5369.989   23.0051     2.276    -5.268                                 KURHFS 
  5369.989   23.0051     2.276    -5.414                                 KURHFS 
  5369.989   23.0051     2.276    -5.978                                 KURHFS 
  5369.992   23.0051     2.276    -5.159                                 KURHFS 
  5369.992   23.0051     2.276    -5.246                                 KURHFS 
  5369.992   23.0051     2.276    -6.200                                 KURHFS 
  5369.996   23.0051     2.276    -4.961                                 KURHFS 
  5369.996   23.0051     2.276    -5.300                                 KURHFS 
  5369.996   23.0051     2.276    -6.610                                 KURHFS 
  5370.000   23.0051     2.276    -4.797                                 KURHFS 
  5370.000   23.0051     2.276    -5.496                                 KURHFS 
  5370.004 607.01214     0.595    -2.780               7.724          0701Qa0385
  5370.005   23.0051     2.276    -4.656                                 KURHFS 
  5370.010      42.0     3.357     -1.84                                        
  5370.012 607.01214     0.506    -3.858               7.724          0802Rc0025
  5370.019 607.01214     0.506    -3.562               7.724          0802Qa0035
  5370.027      22.0     3.109     -3.75                                        
  5370.037 607.01214     2.193    -3.187               7.724          1709Rd0125
  5370.050 106.00112     1.042    -4.365               3.464            AX02R145
  5370.056 106.00113     1.916    -3.538               3.464            AX46R095
  5370.072 607.01314     2.655    -2.365               7.724          2011Pb0215
  5370.079      22.0     3.125     -3.23                                        
  5370.131 112.00124     0.769    -1.293               1.340           23R220b24
  5370.134 607.01314     1.991    -3.276               7.724          1608Pc0205
  5370.141 106.00112     1.042    -4.346               3.464            AX02R155
  5370.156 106.00113     1.589    -5.876               3.464            BX13R205
  5370.205 607.01214     0.551    -3.069               7.724          0802Ra0145
  5370.226 106.00113     2.129    -8.149               3.464            AX50R375
  5370.251 112.00124     0.769    -2.737               1.340           23Q120b24
  5370.254 106.00112     1.042    -6.236               3.464            AX02Q155
  5370.257 106.00112     1.618    -5.092               3.464            AX35Q075
  5370.305      58.0     0.684     -0.56                                        
  5370.312 106.00112     1.618    -3.721               3.464            AX35R075
  5370.339 607.01214     0.507    -3.821               7.724          0802Rc0035
  5370.348 607.01214     0.507    -3.439               7.724          0802Qa0045
  5370.373 106.00112     1.618    -3.768               3.464            AX35R065
  5370.375 106.00113     1.643    -5.320               3.464            BX12P245
  5370.386 607.01214     2.147    -3.018               7.724          1608Qc0305
  5370.440 607.01214     2.147    -2.228               7.724          1608Pa0315
  5370.479 106.00113     2.331    -3.427               3.464            AX13P315
  5370.520 106.00113     2.053    -5.576               3.464            AX35R185
  5370.556 106.00113     2.106    -3.061               3.464            AX35Q205
  5370.583 607.01214     1.690    -4.473               7.724          0902Rc0715
  5370.608 106.00113     2.053    -3.086               3.464            AX35Q195
  5370.614      23.0     3.880     -2.42                                        
  5370.616 106.00113     2.106    -5.415               3.464            AX35P205
  5370.624 106.00113     2.106    -5.613               3.464            AX35R195
  5370.644 607.01314     2.622    -3.206               7.724          2011Pc0175
  5370.684 106.00113     2.106    -3.085               3.464            AX35Q195
  5370.705 106.00113     2.331    -6.108               3.464            AX13Q305
  5370.707 607.01214     1.356    -3.495               7.724          1205Pc0225
  5370.720 106.00112     1.618    -5.079               3.464            AX35Q075
  5370.720 607.01214     2.160    -3.614               7.724          1709Rd0015
  5370.729 607.01214     1.690    -2.453               7.724          0902Qa0725
  5370.736      64.0     0.812     -0.49                                        
  5370.736 106.00113     2.053    -3.110               3.464            AX35Q185
  5370.760 607.01214     0.519    -3.544               7.724          0802Pb0075
  5370.775 106.00112     1.618    -3.722               3.464            AX35R075
  5370.824 106.00113     2.053    -5.422               3.464            AX35P195
  5370.855 607.01214     0.510    -3.792               7.724          0802Rc0045
  5370.866 607.01214     0.510    -3.339               7.724          0802Qa0055
  5370.872 607.01214     2.729    -3.278               7.724          2011Pc0235
  5370.876 106.00113     2.257    -8.734               3.464            AX03R305
  5370.880 106.00113     1.330    -7.114               3.464            BX03R155
  5370.889 607.01314     2.728    -2.147               7.724          2011Ra0295
  5370.928 106.00113     2.331    -3.443               3.464            AX13P305
  5370.930 607.01314     0.341    -4.300               7.724          0701Pc0195
  5370.984 607.01314     0.392    -3.322               7.724          0701Pb0245
  5370.986      26.0     4.280     -3.24                                        
  5370.999 607.01214     0.581    -3.001               7.724          0802Rb0175
