a line list in the range:    5169.00   5181.00
  5169.017 607.01214     1.005    -3.422               7.724          1104Pb0065
  5169.028      26.1     2.891     -0.87                                 NIST/C 
  5169.034 106.00112     1.641    -9.504               3.464            CX05P085
  5169.034 607.01214     1.777    -2.630               7.724          1507Pb0175
  5169.067 607.01314     2.355    -3.251               7.724          1910Rd0095
  5169.081      23.0     2.579     -4.01                                        
  5169.081 607.01214     1.004    -3.695               7.724          1003Qc0325
  5169.123 112.00124     0.659    -2.148               1.340           33P215b24
  5169.137      20.0     5.296     -5.84                                        
  5169.143 607.01214     1.004    -2.825               7.724          1003Pa0335
  5169.172 106.00112     2.009   -10.170               3.464            CX05P175
  5169.180 607.01214     2.416    -2.923               7.724          1910Qc0115
  5169.195 607.01214     2.416    -2.748               7.724          1910Pa0125
  5169.213      24.0     5.230     -1.86                                        
  5169.229      58.0     0.517     -0.77                                        
  5169.241      22.0     3.407     -2.37                                        
  5169.265 607.01214     0.049    -4.636               7.724          0600Qc0135
  5169.293 607.01214     0.049    -4.329               7.724          0600Pa0145
  5169.299      26.0     4.073     -0.32                                        
  5169.301 607.01314     2.339    -3.457               7.724          1910Rd0035
  5169.333      26.0     4.909     -3.11                                        
  5169.382 112.00124     0.191    -1.471               1.340           11Q204b24
  5169.404 106.00113     2.275    -7.935               3.464            AX45P225
  5169.413 112.00124     0.191    -0.612               1.340           11P104h24
  5169.429 112.00125     0.191    -0.612               1.340           11P104h25
  5169.432 607.01214     1.054    -2.862               7.724          1104Rb0155
  5169.442 112.00126     0.191    -0.612               1.340           11P104h26
  5169.458      24.0     4.437     -3.94                                        
  5169.462 607.01214     1.054    -3.293               7.724          1104Qd0165
  5169.472      26.0     4.291     -2.58                                        
  5169.504 112.00124     0.829     0.387               1.340           00P235b24
  5169.552      26.0     4.962     -3.79                                        
  5169.578 607.01214     0.089    -4.879               7.724          0600Rc0185
  5169.586      24.0     4.385     -4.07                                        
  5169.596 106.00113     1.377    -6.715               3.464            AX13R165
  5169.601 607.01314     2.359    -3.240               7.724          1910Rd0105
  5169.602 607.01214     1.177    -2.618               7.724          1003Ra0435
  5169.615 607.01214     0.089    -3.802               7.724          0600Qa0195
  5169.648      37.0     1.558     -2.67                                        
  5169.673 607.01214     0.993    -3.705               7.724          1104Ra0005
  5169.690      66.1     0.100     -1.95                              Wickliff00
  5169.701      22.0     3.102     -0.93                                        
  5169.707       6.0     8.641     -3.49                                        
  5169.716      26.0     4.984     -2.22                                        
  5169.722      58.0     0.028     -0.99                                        
  5169.725      26.0     3.249     -4.74                                        
  5169.730 106.00112     1.381    -6.764               3.464            AX13R165
  5169.744 607.01314     1.741    -3.352               7.724          1507Rd0185
  5169.747      23.0     2.372     -2.24                                        
  5169.813 112.00124     0.829    -2.432               1.340           00Q235b24
  5169.819 607.01214     2.490    -2.352               7.724          1910Rb0215
  5169.836      24.0     3.548     -1.93                                        
  5169.846 106.00113     2.449    -2.705               3.464            AX52R345
  5169.846 106.00113     2.449    -4.464               3.464            AX52Q355
  5169.850 607.01214     0.177    -3.912               7.724          0600Rb0265
  5169.851 607.01214     2.490    -2.930               7.724          1910Qd0225
  5169.860 607.01214     1.028    -2.938               7.724          1104Ra0125
  5169.862      28.1     6.571     -3.79                                        
  5169.883   27.0059     4.055    -4.209                                 KURHFS 
  5169.891   27.0059     4.055    -3.924                                 KURHFS 
  5169.891   27.0059     4.055    -4.179                                 KURHFS 
  5169.891 607.01314     1.671    -3.664               7.724          1507Pb0025
  5169.894   23.0051     2.241    -1.667                                 KURHFS 
  5169.894   23.0051     2.241    -1.688                                 KURHFS 
  5169.894   23.0051     2.241    -1.813                                 KURHFS 
  5169.894 607.01214     1.128    -3.694               7.724          1104Rd0245
  5169.898 106.00112     1.611    -6.456               3.464            AX24R155
  5169.904 607.01214     0.177    -4.708               7.724          0600Qd0275
  5169.905 607.01314     2.338    -3.544               7.724          1910Rd0025
  5169.906      22.0     3.580     -1.88                                        
  5169.906 607.01314     1.692    -2.849               7.724          1507Rb0095
  5169.907   27.0059     4.055    -3.736                                 KURHFS 
  5169.907   27.0059     4.055    -4.179                                 KURHFS 
  5169.907   27.0059     4.055    -4.230                                 KURHFS 
  5169.926 607.01314     1.692    -3.013               7.724          1507Qd0105
  5169.927   23.0051     2.241    -1.346                                 KURHFS 
  5169.927   23.0051     2.241    -1.667                                 KURHFS 
  5169.927   23.0051     2.241    -2.144                                 KURHFS 
  5169.932   27.0059     4.055    -3.645                                 KURHFS 
  5169.932   27.0059     4.055    -3.791                                 KURHFS 
  5169.932   27.0059     4.055    -4.355                                 KURHFS 
  5169.964   27.0059     4.055    -3.536                                 KURHFS 
  5169.964   27.0059     4.055    -3.623                                 KURHFS 
  5169.964   27.0059     4.055    -4.577                                 KURHFS 
  5169.983 607.01214     0.031    -5.056               7.724          0600Pc0105
  5170.001 112.00124     0.829     0.401               1.340           00P135b24
  5170.005   27.0059     4.055    -3.338                                 KURHFS 
  5170.005   27.0059     4.055    -3.677                                 KURHFS 
  5170.005   27.0059     4.055    -4.987                                 KURHFS 
  5170.006 112.00125     0.638     0.192               1.340           11P226h25
  5170.018 112.00126     0.638     0.192               1.340           11P226h26
  5170.042 106.00112     1.547   -13.105               3.464            CX05Q015
  5170.049 607.01214     1.813    -2.185               7.724          1507Qb0215
  5170.050      24.0     4.444     -2.12                                        
  5170.052      23.0     2.576     -3.28                                        
  5170.055   27.0059     4.055    -3.174                                 KURHFS 
  5170.055   27.0059     4.055    -3.873                                 KURHFS 
  5170.059 106.00112     1.547    -8.323               3.464            CX05P015
  5170.066      26.0     4.590     -3.04                                        
  5170.081 607.01314     1.675    -2.966               7.724          1507Qb0045
  5170.087 607.01214     1.813    -3.324               7.724          1507Pd0225
  5170.089 607.01314     1.675    -3.430               7.724          1507Pd0055
  5170.092 106.00113     2.449    -3.577               3.464            AX02Q345
  5170.093 106.00113     2.449    -6.293               3.464            AX02P355
  5170.094 106.00113     1.607    -6.410               3.464            AX24R155
  5170.108 112.00124     0.639     0.192               1.340           11P226h24
  5170.112   27.0059     4.055    -3.033                                 KURHFS 
  5170.167      72.0     2.452     -0.54                                        
  5170.223      90.1     1.377     -1.88                                        
  5170.237      26.0     3.692     -4.79                                        
  5170.273 106.00112     1.248    -2.855               3.464            BX13Q125
  5170.300 607.01314     2.364    -3.232               7.724          1910Rd0115
  5170.327      27.0     4.143     -3.93                                        
  5170.350 106.00112     1.248    -6.119               3.464            BX13R125
  5170.381 112.00124     0.639    -2.193               1.340           11Q226b24
  5170.384 106.00112     1.248    -6.209               3.464            BX13P135
  5170.445      26.0     4.730     -3.09                                        
  5170.454 607.01214     2.441    -3.137               7.724          1910Rc0155
  5170.458 106.00113     1.053    -5.704               3.464            BX13P065
  5170.461 106.00112     1.248    -2.794               3.464            BX13Q135
  5170.468 112.00125     0.639     0.214               1.340           11P126h25
  5170.470 112.00124     0.198    -0.666               1.340           11P205h24
  5170.470 112.00126     0.638     0.214               1.340           11P126h26
  5170.474 607.01214     2.441    -2.219               7.724          1910Qa0165
  5170.475 112.00125     0.198    -0.666               1.340           11P205h25
  5170.481 112.00126     0.198    -0.666               1.340           11P205h26
  5170.488 607.01214     0.108    -3.775               7.724          0600Qb0205
  5170.518 607.01314     0.924    -3.849               7.724          1003Rc0285
  5170.522      22.0     2.266     -1.38                                 LAWLER 
  5170.522      23.0     3.908     -3.65                                        
  5170.530 607.01214     0.108    -4.929               7.724          0600Pd0215
  5170.533 112.00124     0.639     0.214               1.340           11P126h24
  5170.547      22.1     5.688     -4.28                                        
  5170.547      24.0     5.267     -3.19                                        
  5170.570 607.01214     2.406    -3.362               7.724          1910Pc0095
  5170.571 607.01314     0.924    -2.531               7.724          1003Qa0295
  5170.585 112.00124     0.110     0.289               1.340           00Q212h24
  5170.615 112.00125     0.110     0.289               1.340           00Q212h25
  5170.624 607.01214     0.994    -3.700               7.724          1104Rc0015
  5170.628 607.01214     0.994    -3.524               7.724          1104Qa0025
  5170.644 112.00126     0.109     0.289               1.340           00Q212h26
  5170.645 607.01214     0.993    -3.753               7.724          1104Rc0005
  5170.648 607.01214     0.993    -3.779               7.724          1104Qa0015
  5170.668 607.01314     2.337    -3.673               7.724          1910Rd0015
  5170.670 112.00124     0.110    -2.915               1.340           00P112b24
  5170.692      42.0     2.621     -2.15                                        
  5170.728      23.0     2.682     -2.19                                        
  5170.769 607.01214     1.022    -2.804               7.724          1104Qb0105
  5170.788 607.01214     0.995    -3.652               7.724          1104Rc0025
  5170.791 607.01214     1.022    -3.564               7.724          1104Pd0115
  5170.795 607.01214     0.995    -3.362               7.724          1104Qa0035
  5170.831 607.01214     2.456    -2.186               7.724          1910Qb0175
  5170.838 607.01214     0.164    -3.902               7.724          0600Ra0265
  5170.859 607.01214     2.456    -3.179               7.724          1910Pd0185
  5170.906 607.01214     1.868    -2.352               7.724          1507Rb0265
  5170.932 112.00124     0.110    -2.914               1.340           00R212b24
  5170.934 112.00124     0.009    -0.426               1.340           00R203h24
  5170.937      60.1     0.550     -1.65                                        
  5170.952 607.01214     1.868    -3.087               7.724          1507Qd0275
  5170.959 112.00124     0.009    -1.552               1.340           00Q103b24
  5170.962 112.00125     0.009    -0.426               1.340           00R203h25
  5170.986 112.00126     0.008    -0.426               1.340           00R203h26
  5171.017 112.00124     0.110     0.325               1.340           00Q112h24
  5171.020      44.0     0.927     -0.47                                        
  5171.039 607.01214     0.294    -5.118               7.724          0600Rd0355
  5171.042 607.01214     1.034    -2.903               7.724          1104Ra0135
  5171.050 112.00125     0.110     0.325               1.340           00Q112h25
  5171.064      42.0     3.175     -0.29                              NIST/B    
  5171.073      23.0     3.281     -3.40                                        
  5171.079 112.00126     0.109     0.325               1.340           00Q112h26
  5171.126 607.01314     0.937    -2.530               7.724          1003Qb0295
  5171.135      23.1     2.513     -4.44                                        
  5171.138 607.01214     0.997    -3.613               7.724          1104Rc0035
  5171.146 607.01214     0.997    -3.240               7.724          1104Qa0045
  5171.165 607.01314     2.369    -3.226               7.724          1910Rd0125
  5171.168      26.0     2.586     -6.57                                        
  5171.168 607.01314     1.697    -2.801               7.724          1507Rb0105
  5171.180 607.01314     0.937    -3.897               7.724          1003Pd0305
  5171.190 607.01314     1.697    -3.005               7.724          1507Qd0115
  5171.212 607.01314     1.624    -3.582               7.724          1406Pc0285
  5171.240      42.0     2.495     -1.46                              NIST/B+   
  5171.242 112.00124     0.395    -1.773               1.340           22P208b24
  5171.278 106.00113     1.953   -10.246               3.464            CX05P165
  5171.299 106.00112     1.547    -8.376               3.464            CX05P025
  5171.317      26.0     4.952     -4.12                                        
  5171.329 607.01214     1.749    -3.419               7.724          1507Pc0135
  5171.341 607.01214     1.085    -3.951               7.724          1003Rc0375
  5171.343 607.01314     1.678    -2.872               7.724          1507Qb0055
  5171.355 607.01314     1.678    -3.384               7.724          1507Pd0065
  5171.402 607.01214     1.856    -2.341               7.724          1507Ra0265
  5171.403 607.01214     1.009    -3.344               7.724          1104Pb0075
  5171.412 607.01214     1.085    -2.417               7.724          1003Qa0385
  5171.425 607.01214     1.804    -3.284               7.724          1507Rc0205
  5171.461 607.01214     1.804    -2.187               7.724          1507Qa0215
  5171.463      26.0     4.981     -3.15                                        
  5171.465 607.01214     1.770    -3.037               7.724          1507Qc0165
  5171.484 112.00124     0.198    -1.563               1.340           11Q205b24
  5171.495 607.01214     1.770    -2.652               7.724          1507Pa0175
  5171.521 112.00124     0.198    -0.505               1.340           11P105h24
  5171.523 607.01314     1.749    -3.357               7.724          1507Rd0195
  5171.532 112.00125     0.198    -0.505               1.340           11P105h25
  5171.539 607.01214     1.062    -2.831               7.724          1104Rb0165
  5171.541 112.00126     0.198    -0.505               1.340           11P105h26
  5171.571 607.01214     1.062    -3.297               7.724          1104Qd0175
  5171.591 607.01314     2.337    -3.904               7.724          1910Rd0005
  5171.595 607.01314     2.906    -3.183               7.724          2212Rc0255
  5171.596      26.0     1.485     -1.79                              NIST/A    
  5171.601 607.01214     2.481    -2.338               7.724          1910Ra0215
  5171.608      22.0     3.567     -1.95                                        
  5171.614 607.01314     1.673    -3.489               7.724          1507Pb0035
  5171.630      73.0     1.324     -2.07                                        
  5171.640      26.1     2.805     -4.37                                        
  5171.645 607.01314     2.906    -1.990               7.724          2212Qa0265
  5171.662 607.01214     1.019    -2.820               7.724          1003Pb0335
  5171.673      26.0     3.640     -2.27                              Ruffoni14 
  5171.673 607.01214     0.999    -3.582               7.724          1104Rc0045
  5171.683 607.01214     0.999    -3.140               7.724          1104Qa0055
  5171.694 112.00124     0.679    -2.182               1.340           33P216b24
  5171.698      64.0     0.000     -1.77                                        
  5171.713 607.01214     1.061    -3.002               7.724          0902Pb0485
  5171.739 607.01214     2.434    -2.627               7.724          1910Pb0145
  5171.742 607.01314     0.835    -3.929               7.724          1003Pc0205
  5171.760 106.00112     1.612    -6.410               3.464            AX24R155
  5171.775      22.0     2.266     -2.35                                        
  5171.833      23.0     2.576     -5.71                                        
  5171.871 607.01214     2.955    -3.312               7.724          2212Pc0245
  5171.885 112.00124     0.009    -0.373               1.340           00R103h24
  5171.911 106.00112     1.382    -6.714               3.464            AX13R165
  5171.918 106.00112     2.443    -7.849               3.464            AX34P285
  5171.918 112.00125     0.009    -0.373               1.340           00R103h25
  5171.947 112.00126     0.009    -0.373               1.340           00R103h26
  5171.948      23.1     6.329     -3.37                                        
  5171.979 106.00113     1.194    -6.495               3.464            BX02P175
  5172.082       6.0     7.679     -4.57                                        
  5172.088      23.0     2.252     -1.02                               LAWNOHFS 
  5172.097 112.00124     0.607     0.169               1.340           11P225h24
  5172.098 112.00125     0.606     0.169               1.340           11P225h25
  5172.107 112.00126     0.605     0.169               1.340           11P225h26
  5172.160 607.01214     2.422    -2.918               7.724          1910Qc0125
  5172.162 607.01314     2.850    -3.266               7.724          2212Pc0195
  5172.177 607.01214     2.422    -2.701               7.724          1910Pa0135
  5172.195 607.01314     2.917    -1.989               7.724          2212Qb0265
  5172.199 607.01314     2.374    -3.223               7.724          1910Rd0135
  5172.202      26.0     2.557     -4.08                                        
  5172.217 106.00113     2.031    -3.549               3.464            AX24R235
  5172.247 607.01314     2.917    -3.214               7.724          2212Pd0275
  5172.279 607.01214     0.056    -4.638               7.724          0600Qc0145
  5172.309 607.01214     0.056    -4.290               7.724          0600Pa0155
  5172.358 106.00113     2.031    -3.573               3.464            AX24R225
  5172.391 607.01214     1.002    -3.559               7.724          1104Rc0055
  5172.401 607.01214     1.040    -2.871               7.724          1104Ra0145
  5172.403 607.01214     1.002    -3.056               7.724          1104Qa0065
  5172.409      20.0     5.014     -3.83                                        
  5172.410 112.00124     0.607    -2.305               1.340           11Q225b24
  5172.422 607.01314     2.338    -3.232               7.724          1910Qd0025
  5172.422 607.01314     2.338    -3.499               7.724          1910Rb0015
  5172.436 607.01214     0.072    -4.230               7.724          0600Pb0165
  5172.437 106.00113     2.031    -5.729               3.464            AX24Q235
  5172.465 607.01314     2.337    -3.773               7.724          1910Rb0005
  5172.468 607.01314     2.337    -3.365               7.724          1910Qd0015
  5172.537 607.01314     2.339    -3.140               7.724          1910Qd0035
  5172.537 607.01314     2.339    -3.327               7.724          1910Rb0025
  5172.557 607.01214     0.098    -4.886               7.724          0600Rc0195
  5172.559 112.00124     0.607     0.189               1.340           11P125h24
  5172.564 112.00125     0.606     0.189               1.340           11P125h25
  5172.565 112.00126     0.605     0.189               1.340           11P125h26
  5172.568 112.00124     0.206    -0.540               1.340           11P206h24
  5172.571 112.00125     0.206    -0.540               1.340           11P206h25
  5172.575 112.00126     0.206    -0.540               1.340           11P206h26
  5172.587 607.01314     1.702    -2.756               7.724          1507Rb0115
  5172.593 607.01214     0.994    -3.876               7.724          1104Qc0015
  5172.597 607.01214     0.098    -3.776               7.724          0600Qa0205
  5172.597 607.01214     0.994    -4.360               7.724          1104Pa0025
  5172.611 607.01314     1.702    -2.999               7.724          1507Qd0125
  5172.671 607.01314     2.337    -3.535               7.724          1910Qd0005
  5172.684      12.0     2.712     -0.36                              Pehlivan17
  5172.694 106.00112     1.618   -12.199               3.464            CX05Q065
  5172.695 106.00113     2.152    -7.162               3.464            AX56P155
  5172.735      62.0     0.282     -0.42                                        
  5172.746      21.0     4.501     -2.08                                        
  5172.746      21.0     4.501     -3.74                                        
  5172.752 607.01214     2.555    -3.329               7.724          1910Rd0285
  5172.756 607.01314     1.681    -2.791               7.724          1507Qb0065
  5172.765 106.00112     1.618    -8.687               3.464            CX05P065
  5172.769 607.01314     1.681    -3.349               7.724          1507Pd0075
  5172.776      68.0     0.000     -1.46                                        
  5172.795      26.0     3.981     -4.47                                        
  5172.810 607.01314     2.341    -3.072               7.724          1910Qd0045
  5172.810 607.01314     2.341    -3.198               7.724          1910Rb0035
  5172.834 106.00113     1.501    -2.624               3.464            BX12P225
  5172.840 112.00124     0.093     0.252               1.340           00Q211h24
  5172.860      20.0     5.045     -3.83                                        
  5172.866 112.00125     0.093     0.252               1.340           00Q211h25
  5172.869      28.0     3.696     -1.15                                        
  5172.874 106.00112     1.780    -3.825               3.464            AX13R235
  5172.885 106.00112     1.381    -3.004               3.464            BX13R155
  5172.891 112.00126     0.093     0.252               1.340           00Q211h26
  5172.907      26.0     5.996     -1.34                              PK15THEOR 
  5172.914      57.1     2.341     -1.05                                        
  5172.919 112.00124     0.093    -2.880               1.340           00P111b24
  5172.925 607.01214     1.028    -2.756               7.724          1104Qb0115
  5172.940      42.0     3.175     -0.08                              NIST/B    
  5172.945 106.00113     1.501    -6.678               3.464            BX12Q225
  5172.947 106.00112     1.780    -3.838               3.464            AX13R225
  5172.948 607.01214     1.028    -3.558               7.724          1104Pd0125
  5172.990      26.1     5.906     -2.46                                        
  5173.002      26.0     4.981     -2.66                                        
  5173.017 106.00112     1.618    -8.962               3.464            CX05P075
  5173.029 106.00113     1.501    -2.395               3.464            BX12P235
  5173.033 607.01214     1.197    -2.623               7.724          1003Rb0435
  5173.042      26.0     4.635     -3.29                                        
  5173.047 607.01214     1.307    -2.826               7.724          0902Rb0585
  5173.048 106.00112     1.381    -7.106               3.464            BX13Q165
  5173.052 106.00112     1.780    -5.974               3.464            AX13Q235
  5173.116 607.01214     1.197    -3.752               7.724          1003Qd0445
  5173.124      26.0     2.947     -5.85                                        
  5173.149 106.00112     1.381    -2.981               3.464            BX13R165
  5173.159 607.01214     1.307    -4.193               7.724          0902Qd0595
  5173.187 112.00124     0.786     0.164               1.340           00P234b24
  5173.212 112.00124     0.093    -2.878               1.340           00R211b24
  5173.237 607.01214     1.786    -2.601               7.724          1507Pb0185
  5173.245 607.01314     2.343    -3.022               7.724          1910Qd0055
  5173.245 607.01314     2.343    -3.094               7.724          1910Rb0045
  5173.287 106.00112     2.037    -3.549               3.464            AX24R235
  5173.291 112.00124     0.093     0.290               1.340           00Q111h24
  5173.291 607.01214     1.005    -3.542               7.724          1104Rc0065
  5173.296      26.0     5.006     -2.53                                        
  5173.305 607.01214     1.005    -2.982               7.724          1104Qa0075
  5173.321 112.00125     0.093     0.290               1.340           00Q111h25
  5173.323 106.00112     2.037    -3.573               3.464            AX24R225
  5173.330      26.0     4.956     -2.93                              PK15THEOR 
  5173.337 607.01214     0.037    -5.042               7.724          0600Pc0115
  5173.347 112.00126     0.093     0.290               1.340           00Q111h26
  5173.364 607.01314     2.886    -2.380               7.724          2212Pb0235
  5173.380 607.01314     2.876    -2.922               7.724          2212Qc0225
  5173.388 607.01214     0.190    -3.894               7.724          0600Rb0275
  5173.390 607.01314     0.887    -2.939               7.724          1003Pb0255
  5173.401 607.01314     2.380    -3.221               7.724          1910Rd0145
  5173.418 607.01314     0.876    -3.593               7.724          1003Qc0245
  5173.419 112.00124     0.206    -1.640               1.340           11Q206b24
  5173.421 106.00112     2.037    -5.729               3.464            AX24Q235
  5173.424 607.01314     2.876    -2.394               7.724          2212Pa0235
  5173.443 607.01214     0.190    -4.716               7.724          0600Qd0285
  5173.461 607.01214     2.500    -2.330               7.724          1910Rb0225
  5173.463 112.00124     0.206    -0.419               1.340           11P106h24
  5173.464 607.01314     0.876    -2.949               7.724          1003Pa0255
  5173.465 607.01314     1.757    -3.362               7.724          1507Rd0205
  5173.471 112.00125     0.206    -0.419               1.340           11P106h25
  5173.477 112.00126     0.206    -0.419               1.340           11P106h26
  5173.482      27.0     4.143     -1.56                                        
  5173.490 607.01314     1.675    -3.358               7.724          1507Pb0045
  5173.494 607.01214     2.500    -2.937               7.724          1910Qd0235
  5173.496 607.01214     2.448    -3.141               7.724          1910Rc0165
  5173.502      26.0     2.988     -3.91                                        
  5173.519 607.01214     2.448    -2.188               7.724          1910Qa0175
  5173.547 607.01214     0.995    -3.669               7.724          1104Qc0025
  5173.553 607.01214     0.995    -4.009               7.724          1104Pa0035
  5173.556 607.01314     2.337    -3.535               7.724          1910Qb0005
  5173.556 607.01314     2.337    -3.836               7.724          1910Pd0015
  5173.643 106.00112     1.555   -12.164               3.464            CX05Q025
  5173.671 106.00112     1.555    -8.364               3.464            CX05P025
  5173.715      24.0     4.446     -2.64                                        
  5173.723 112.00124     0.186    -1.351               1.340           11P203b24
  5173.739 607.01314     2.296    -3.389               7.724          1809Pc0285
  5173.743      22.0     0.000     -1.06                                 LAWLER 
  5173.790      57.1     3.989      0.90                                        
  5173.802   59.1141     0.967    -3.901                                 LI/LAW 
  5173.805 607.01214     1.070    -2.802               7.724          1104Rb0175
  5173.819   59.1141     0.967    -3.604                                 LI/LAW 
  5173.835   59.1141     0.967    -3.558                                 LI/LAW 
  5173.836 607.01314     2.345    -3.006               7.724          1910Rb0055
  5173.839 607.01214     1.070    -3.301               7.724          1104Qd0185
  5173.842 607.01314     2.345    -2.983               7.724          1910Qd0065
  5173.844   59.1141     0.967    -1.933                                 LI/LAW 
  5173.850   59.1141     0.967    -3.760                                 LI/LAW 
  5173.857   59.1141     0.967    -1.733                                 LI/LAW 
  5173.869   59.1141     0.967    -1.684                                 LI/LAW 
  5173.871 607.01214     2.411    -3.338               7.724          1910Pc0105
  5173.880   59.1141     0.967    -1.735                                 LI/LAW 
  5173.890   59.1141     0.967    -0.318                                 LI/LAW 
  5173.890   59.1141     0.967    -1.935                                 LI/LAW 
  5173.900   59.1141     0.967    -0.367                                 LI/LAW 
  5173.908   59.1141     0.967    -0.418                                 LI/LAW 
  5173.914   59.1141     0.967    -0.469                                 LI/LAW 
  5173.920   59.1141     0.967    -0.520                                 LI/LAW 
  5173.924   59.1141     0.967    -0.570                                 LI/LAW 
  5173.934 607.01214     1.047    -2.840               7.724          1104Ra0155
  5173.937 607.01214     1.013    -3.275               7.724          1104Pb0085
  5173.972 607.01214     0.118    -3.751               7.724          0600Qb0215
  5173.979 112.00124     0.575     0.153               1.340           11P224h24
  5173.988 112.00125     0.574     0.153               1.340           11P224h25
  5173.994 112.00126     0.573     0.153               1.340           11P224h26
  5174.016 607.01214     0.118    -4.937               7.724          0600Pd0225
  5174.035      26.0     4.603     -2.79                                        
  5174.037 112.00124     0.700    -2.166               1.340           33P217b24
  5174.039 112.00124     0.786    -2.380               1.340           00Q234b24
  5174.102 607.01214     0.177    -3.885               7.724          0600Ra0275
  5174.134 106.00113     2.327    -6.178               3.464            AX13R305
  5174.135 106.00113     2.327    -3.239               3.464            AX13Q315
  5174.151 607.01214     1.823    -2.162               7.724          1507Qb0225
  5174.162 607.01314     1.707    -2.714               7.724          1507Rb0125
  5174.180      42.0     3.175     -0.15                              NIST/B    
  5174.185 607.01314     1.707    -2.995               7.724          1507Qd0135
  5174.191 607.01214     1.823    -3.331               7.724          1507Pd0235
  5174.226 112.00124     0.786     0.256               1.340           00P134b24
  5174.235 607.01314     2.338    -3.299               7.724          1910Qb0015
  5174.237 607.01314     2.338    -3.604               7.724          1910Pd0025
  5174.302 112.00124     0.575    -2.284               1.340           11Q224b24
  5174.320 607.01314     1.684    -2.719               7.724          1507Qb0075
  5174.334 607.01314     1.684    -3.323               7.724          1507Pd0085
  5174.338 607.01214     1.179    -2.612               7.724          0902Qb0535
  5174.345 106.00113     2.327    -3.267               3.464            AX13Q305
  5174.346 106.00113     2.327    -5.910               3.464            AX13P315
  5174.374 607.01214     1.009    -3.530               7.724          1104Rc0075
  5174.380      42.0     3.499     -1.73                                        
  5174.390 607.01214     1.009    -2.917               7.724          1104Qa0085
  5174.415      22.0     3.106     -3.11                                        
  5174.439 112.00124     0.216    -0.444               1.340           11P207h24
  5174.439 112.00125     0.216    -0.444               1.340           11P207h25
  5174.440 112.00126     0.215    -0.444               1.340           11P207h26
  5174.441 607.01214     1.179    -4.469               7.724          0902Pd0545
  5174.444 607.01214     1.061    -4.169               7.724          0902Qc0485
  5174.446 112.00124     0.575     0.173               1.340           11P124h24
  5174.457 112.00126     0.573     0.173               1.340           11P124h26
  5174.458 112.00125     0.574     0.173               1.340           11P124h25
  5174.475      26.0     5.066     -4.08                                        
  5174.477 607.01214     2.464    -2.158               7.724          1910Qb0185
  5174.481   27.0059     4.069    -5.384                                 KURHFS 
  5174.481   27.0059     4.069    -5.451                                 KURHFS 
  5174.481   27.0059     4.069    -6.083                                 KURHFS 
  5174.483 106.00112     1.556    -8.392               3.464            CX05P035
  5174.487   27.0059     4.069    -5.188                                 KURHFS 
  5174.487   27.0059     4.069    -5.188                                 KURHFS 
  5174.487   27.0059     4.069    -5.928                                 KURHFS 
  5174.495   27.0059     4.069    -4.984                                 KURHFS 
  5174.495   27.0059     4.069    -5.083                                 KURHFS 
  5174.495   27.0059     4.069    -5.928                                 KURHFS 
  5174.505 607.01214     2.464    -3.183               7.724          1910Pd0195
  5174.507   27.0059     4.069    -4.814                                 KURHFS 
  5174.507   27.0059     4.069    -5.036                                 KURHFS 
  5174.507   27.0059     4.069    -6.025                                 KURHFS 
  5174.515      23.0     2.284     -1.27                               LAWNOHFS 
  5174.521   27.0059     4.069    -4.668                                 KURHFS 
  5174.521   27.0059     4.069    -5.042                                 KURHFS 
  5174.521   27.0059     4.069    -6.229                                 KURHFS 
  5174.537   27.0059     4.069    -4.539                                 KURHFS 
  5174.537   27.0059     4.069    -5.115                                 KURHFS 
  5174.537   27.0059     4.069    -6.627                                 KURHFS 
  5174.538 607.01214     1.061    -2.994               7.724          0902Pa0495
  5174.556   27.0059     4.069    -4.423                                 KURHFS 
  5174.556   27.0059     4.069    -5.326                                 KURHFS 
  5174.568 607.01214     1.103    -2.416               7.724          1003Qb0385
  5174.575   27.0059     4.069    -4.318                                 KURHFS 
  5174.593 607.01314     2.348    -2.930               7.724          1910Rb0065
  5174.599 607.01314     2.348    -2.954               7.724          1910Qd0075
  5174.620 607.01214     0.960    -4.027               7.724          1003Pc0295
  5174.621 112.00124     0.004    -0.532               1.340           00R202h24
  5174.638 112.00124     0.004    -1.487               1.340           00Q102b24
  5174.641 112.00125     0.004    -0.532               1.340           00R202h25
  5174.641 607.01214     1.103    -4.008               7.724          1003Pd0395
  5174.659 112.00126     0.004    -0.532               1.340           00R202h26
  5174.660      26.0     3.109     -4.92                                        
  5174.687 607.01214     0.997    -3.555               7.724          1104Qc0035
  5174.695 607.01214     0.997    -3.799               7.724          1104Pa0045
  5174.703 106.00113     2.153    -7.207               3.464            AX56P155
  5174.773 607.01314     2.386    -3.221               7.724          1910Rd0155
  5174.850      24.1     6.863     -2.21                                        
  5174.900 607.01214     2.490    -2.317               7.724          1910Ra0225
  5174.908 112.00124     0.078     0.210               1.340           00Q210h24
  5174.920      24.0     3.090     -6.82                                        
  5174.932 112.00125     0.078     0.210               1.340           00Q210h25
  5174.950 112.00124     0.000    -1.066               1.340           00R100b24
  5174.953 112.00126     0.077     0.210               1.340           00Q210h26
  5174.963 607.01214     0.311    -5.125               7.724          0600Rd0365
  5174.980 112.00124     0.078    -2.843               1.340           00P110b24
  5175.051      24.0     4.200     -3.12                                        
  5175.060      20.0     5.317     -5.17                                        
  5175.073 607.01314     2.339    -3.117               7.724          1910Qb0025
  5175.077 607.01314     2.339    -3.473               7.724          1910Pd0035
  5175.108 607.01214     1.880    -2.334               7.724          1507Rb0275
  5175.131 607.01314     0.937    -3.857               7.724          1003Rc0295
  5175.156 106.00112     1.598   -12.041               3.464            CX05Q055
  5175.156 607.01214     1.880    -3.094               7.724          1507Qd0285
  5175.177 112.00124     0.216    -1.707               1.340           11Q207b24
  5175.179 607.01214     1.813    -3.291               7.724          1507Rc0215
  5175.186 607.01314     0.937    -2.515               7.724          1003Qa0305
  5175.216 106.00112     1.598    -8.527               3.464            CX05P055
  5175.217 607.01214     1.813    -2.164               7.724          1507Qa0225
  5175.227 112.00124     0.216    -0.348               1.340           11P107h24
  5175.231 112.00125     0.216    -0.348               1.340           11P107h25
  5175.234 607.01214     1.034    -2.713               7.724          1104Qb0125
  5175.235 112.00126     0.215    -0.348               1.340           11P107h26
  5175.259 607.01214     1.034    -3.556               7.724          1104Pd0135
  5175.261 607.01214     1.777    -3.041               7.724          1507Qc0175
  5175.268      59.1     0.216     -1.28                                        
  5175.292 607.01214     1.777    -2.620               7.724          1507Pa0185
  5175.311 607.01214     1.868    -2.324               7.724          1507Ra0275
  5175.313 607.01314     2.338    -3.836               7.724          1910Pb0015
  5175.314 112.00124     0.078    -2.840               1.340           00R210b24
  5175.326 607.01214     1.755    -3.413               7.724          1507Pc0145
  5175.339 607.01214     2.428    -2.915               7.724          1910Qc0135
  5175.362 607.01214     2.428    -2.658               7.724          1910Pa0145
  5175.386 112.00124     0.078     0.252               1.340           00Q110h24
  5175.391 607.01214     1.307    -2.814               7.724          0902Ra0595
  5175.412 112.00125     0.078     0.252               1.340           00Q110h25
  5175.412 607.01214     1.019    -3.703               7.724          1003Qc0335
  5175.416      62.0     0.498      0.29                                        
  5175.432      23.0     2.676     -1.64                                        
  5175.435 112.00126     0.077     0.252               1.340           00Q110h26
  5175.461 607.01214     0.064    -4.640               7.724          0600Qc0155
  5175.476 607.01214     1.019    -2.811               7.724          1003Pa0345
  5175.493 607.01214     0.064    -4.254               7.724          0600Pa0165
  5175.514 607.01314     1.678    -3.252               7.724          1507Pb0055
  5175.514 607.01314     2.352    -2.864               7.724          1910Rb0075
  5175.518 607.01214     0.995    -4.505               7.724          1104Pc0025
  5175.527 607.01314     2.352    -2.931               7.724          1910Qd0085
  5175.536 112.00124     0.406    -1.827               1.340           22P209b24
  5175.550 106.00112     1.598    -8.689               3.464            CX05P065
  5175.571 607.01314     1.766    -3.368               7.724          1507Rd0215
  5175.587 607.01214     2.441    -2.591               7.724          1910Pb0155
  5175.638 607.01214     1.013    -3.521               7.724          1104Rc0085
  5175.643 607.01214     1.054    -2.811               7.724          1104Ra0165
  5175.648 106.00112     1.567   -11.942               3.464            CX05Q035
  5175.655 607.01214     1.013    -2.859               7.724          1104Qa0095
  5175.661 106.00113     2.452    -4.409               3.464            AX52Q355
  5175.666 112.00124     0.544     0.136               1.340           11P223h24
  5175.676 112.00125     0.543     0.136               1.340           11P223h25
  5175.679 112.00126     0.543     0.136               1.340           11P223h26
  5175.687 106.00112     1.567    -8.386               3.464            CX05P035
  5175.691 106.00112     2.279    -7.872               3.464            AX45P225
  5175.701 607.01214     0.108    -4.894               7.724          0600Rc0205
  5175.714      26.0     0.087     -6.92                                        
  5175.742 607.01214     0.108    -3.752               7.724          0600Qa0215
  5175.765      28.0     3.844     -3.30                                        
  5175.797 112.00124     0.004    -0.477               1.340           00R102h24
  5175.798      22.0     3.556     -2.06                                        
  5175.824 112.00125     0.004    -0.477               1.340           00R102h25
  5175.838 106.00112     2.160    -7.162               3.464            AX56P155
  5175.844      59.1     0.422     -1.33                                        
  5175.848 112.00126     0.004    -0.477               1.340           00R102h26
  5175.893 607.01314     1.713    -2.676               7.724          1507Rb0135
  5175.906 106.00112     1.056    -5.703               3.464            BX13P065
  5175.908 106.00113     2.452    -6.257               3.464            AX02P355
  5175.917 607.01314     1.713    -2.994               7.724          1507Qd0145
  5175.936   27.0059     2.079    -3.116                                 KURHFS 
  5175.936   27.0059     2.079    -3.371                                 KURHFS 
  5175.947 106.00113     2.452    -2.706               3.464            AX52R345
  5175.960   27.0059     2.079    -2.917                                 KURHFS 
  5175.960   27.0059     2.079    -3.116                                 KURHFS 
  5175.960   27.0059     2.079    -5.024                                 KURHFS 
  5175.962      45.0     3.536      0.53                                        
  5175.970   27.0059     4.069    -2.645                                 KURHFS 
  5175.970   27.0059     4.069    -2.841                                 KURHFS 
  5175.972 607.01214     0.975    -4.502               7.724          0902Pc0445
  5175.976   27.0059     4.069    -2.620                                 KURHFS 
  5175.976   27.0059     4.069    -2.631                                 KURHFS 
  5175.976   27.0059     4.069    -2.841                                 KURHFS 
  5175.977   27.0059     2.079    -3.136                                 LAWHFS 
  5175.985   27.0059     4.069    -2.493                                 KURHFS 
  5175.985   27.0059     4.069    -2.517                                 KURHFS 
  5175.985   27.0059     4.069    -2.620                                 KURHFS 
  5175.986   27.0059     2.079    -3.391                                 LAWHFS 
  5175.988   27.0059     2.079    -2.937                                 LAWHFS 
  5175.997   27.0059     2.079    -2.853                                 KURHFS 
  5175.997   27.0059     2.079    -2.917                                 KURHFS 
  5175.997   27.0059     2.079    -3.781                                 KURHFS 
  5175.997   27.0059     4.069    -2.326                                 KURHFS 
  5175.997   27.0059     4.069    -2.474                                 KURHFS 
  5175.997   27.0059     4.069    -2.517                                 KURHFS 
  5175.999 112.00124     0.544    -2.262               1.340           11Q223b24
  5176.002   27.0059     2.079    -5.041                                 LAWHFS 
  5176.008   27.0059     2.079    -2.873                                 LAWHFS 
  5176.008 607.01314     0.950    -2.513               7.724          1003Qb0305
  5176.010   27.0059     2.079    -3.136                                 LAWHFS 
  5176.011   27.0059     4.069    -2.157                                 KURHFS 
  5176.011   27.0059     4.069    -2.474                                 KURHFS 
  5176.011   27.0059     4.069    -2.485                                 KURHFS 
  5176.013 607.01214     0.999    -3.480               7.724          1104Qc0045
  5176.017 106.00113     2.033    -3.550               3.464            AX24R235
  5176.017 607.01214     1.197    -2.607               7.724          1003Ra0445
  5176.023 607.01214     0.999    -3.647               7.724          1104Pa0055
  5176.025   27.0059     2.079    -3.801                                 LAWHFS 
  5176.027   27.0059     4.069    -1.998                                 KURHFS 
  5176.027   27.0059     4.069    -2.485                                 KURHFS 
  5176.027   27.0059     4.069    -2.562                                 KURHFS 
  5176.035   27.0059     2.079    -2.904                                 LAWHFS 
  5176.035 607.01314     1.688    -2.656               7.724          1507Qb0085
  5176.038   27.0059     2.079    -2.937                                 LAWHFS 
  5176.039 106.00113     1.135    -3.340               3.464            BX13P095
  5176.045   27.0059     4.069    -1.850                                 KURHFS 
  5176.045   27.0059     4.069    -2.562                                 KURHFS 
  5176.045   27.0059     4.069    -2.777                                 KURHFS 
  5176.046   27.0059     2.079    -2.853                                 KURHFS 
  5176.046   27.0059     2.079    -2.884                                 KURHFS 
  5176.046   27.0059     2.079    -3.064                                 KURHFS 
  5176.051 607.01314     1.688    -3.303               7.724          1507Pd0095
  5176.057   27.0059     2.079    -3.084                                 LAWHFS 
  5176.065   27.0059     4.069    -1.714                                 KURHFS 
  5176.065   27.0059     4.069    -2.777                                 KURHFS 
  5176.065 607.01314     0.950    -3.905               7.724          1003Pd0315
  5176.071   27.0059     2.079    -3.085                                 LAWHFS 
  5176.072 607.01314     2.341    -2.977               7.724          1910Qb0035
  5176.075   27.0059     2.079    -2.873                                 LAWHFS 
  5176.077 607.01314     2.341    -3.385               7.724          1910Pd0045
  5176.088 112.00126     0.226    -0.367               1.340           11P208h26
  5176.089 112.00125     0.227    -0.367               1.340           11P208h25
  5176.091 112.00124     0.227    -0.367               1.340           11P208h24
  5176.096 106.00113     1.135    -7.415               3.464            BX13Q095
  5176.097   27.0059     2.079    -2.678                                 LAWHFS 
  5176.109   27.0059     2.079    -2.658                                 KURHFS 
  5176.109   27.0059     2.079    -2.884                                 KURHFS 
  5176.109   27.0059     2.079    -3.065                                 KURHFS 
  5176.119   27.0059     2.079    -2.904                                 LAWHFS 
  5176.139 112.00124     0.544     0.157               1.340           11P123h24
  5176.145 106.00112     1.581   -11.948               3.464            CX05Q045
  5176.146   27.0059     2.079    -2.386                                 LAWHFS 
  5176.146 112.00126     0.543     0.157               1.340           11P123h26
  5176.149 112.00125     0.543     0.157               1.340           11P123h25
  5176.157 607.01314     1.675    -3.019               7.724          1507Ra0055
  5176.171 607.01214     1.475    -4.549               7.724          0902Rd0655
  5176.172   27.0059     2.079    -3.085                                 LAWHFS 
  5176.172 112.00124     0.722    -2.243               1.340           33P218b24
  5176.178 607.01314     1.678    -2.957               7.724          1507Ra0065
  5176.184   27.0059     2.079    -2.366                                 KURHFS 
  5176.184   27.0059     2.079    -3.065                                 KURHFS 
  5176.194 106.00112     1.581    -8.434               3.464            CX05P045
  5176.194 106.00113     2.452    -3.578               3.464            AX02Q345
  5176.196 106.00113     2.033    -5.692               3.464            AX24Q235
  5176.199 607.01214     0.080    -4.199               7.724          0600Pb0175
  5176.203      24.1     4.009     -3.95                                        
  5176.232 607.01214     1.078    -2.775               7.724          1104Rb0185
  5176.235   27.0059     4.061    -4.720                                 KURHFS 
  5176.235   27.0059     4.061    -4.975                                 KURHFS 
  5176.235   27.0059     4.061    -5.005                                 KURHFS 
  5176.254   27.0059     4.061    -4.532                                 KURHFS 
  5176.254   27.0059     4.061    -4.587                                 KURHFS 
  5176.254   27.0059     4.061    -4.975                                 KURHFS 
  5176.267 607.01214     1.078    -3.307               7.724          1104Qd0195
  5176.270 106.00113     2.033    -3.573               3.464            AX24R225
  5176.273 106.00112     1.567    -8.439               3.464            CX05P045
  5176.282   27.0059     4.061    -4.332                                 KURHFS 
  5176.282   27.0059     4.061    -4.441                                 KURHFS 
  5176.282   27.0059     4.061    -5.026                                 KURHFS 
  5176.290      64.1     1.059     -0.71                              DenHarto06
  5176.316 607.01314     2.392    -3.222               7.724          1910Rd0165
  5176.319   27.0059     4.061    -4.134                                 KURHFS 
  5176.319   27.0059     4.061    -4.419                                 KURHFS 
  5176.319   27.0059     4.061    -5.151                                 KURHFS 
  5176.321 607.01314     1.673    -3.087               7.724          1507Ra0045
  5176.361      26.0     4.981     -2.73                                        
  5176.366   27.0059     4.061    -3.970                                 KURHFS 
  5176.366   27.0059     4.061    -4.473                                 KURHFS 
  5176.366   27.0059     4.061    -5.373                                 KURHFS 
  5176.379 607.01314     1.681    -2.901               7.724          1507Ra0075
  5176.381 106.00113     1.135    -3.282               3.464            BX13P105
  5176.421   27.0059     4.061    -3.829                                 KURHFS 
  5176.421   27.0059     4.061    -4.669                                 KURHFS 
  5176.421   27.0059     4.061    -5.783                                 KURHFS 
  5176.477      23.0     2.267     -1.04                               LAWNOHFS 
  5176.502   23.0051     3.113    -2.868                                 KURHFS 
  5176.507   23.0051     3.113    -3.084                                 KURHFS 
  5176.507   23.0051     3.113    -3.494                                 KURHFS 
  5176.511   23.0051     3.113    -3.333                                 KURHFS 
  5176.511   23.0051     3.113    -3.367                                 KURHFS 
  5176.511   23.0051     3.113    -4.359                                 KURHFS 
  5176.514   23.0051     3.113    -3.341                                 KURHFS 
  5176.514   23.0051     3.113    -3.806                                 KURHFS 
  5176.514   23.0051     3.113    -3.931                                 KURHFS 
  5176.516   23.0051     3.113    -3.505                                 KURHFS 
  5176.516   23.0051     3.113    -3.681                                 KURHFS 
  5176.518   23.0051     3.113    -3.505                                 KURHFS 
  5176.537 112.00124     1.019    -3.693               1.340           01R136b24
  5176.559      28.0     3.895     -0.44                                        
  5176.583 607.01314     2.917    -3.191               7.724          2212Rc0265
  5176.597 607.01314     2.355    -2.804               7.724          1910Rb0085
  5176.607      26.0     3.926     -4.47                                        
  5176.610 607.01314     2.355    -2.914               7.724          1910Qd0095
  5176.621 607.01214     1.017    -3.214               7.724          1104Pb0095
  5176.631 607.01314     0.844    -3.933               7.724          1003Pc0215
  5176.634 106.00112     1.581    -8.531               3.464            CX05P055
  5176.635 607.01314     2.917    -1.971               7.724          2212Qa0275
  5176.668 607.01314     1.671    -3.162               7.724          1507Ra0035
  5176.688 607.01214     1.179    -4.404               7.724          0902Rc0535
  5176.735 607.01214     2.456    -3.146               7.724          1910Rc0175
  5176.747 112.00124     0.227    -1.766               1.340           11Q208b24
  5176.761 607.01314     1.684    -2.850               7.724          1507Ra0085
  5176.762 607.01214     2.456    -2.160               7.724          1910Qa0185
  5176.766      23.0     2.636     -0.02                                        
  5176.777      26.0     5.825     -2.43                              PK15THEOR 
  5176.780      60.1     1.120     -0.84                              DenHarto03
  5176.781 607.01214     2.567    -3.336               7.724          1910Rd0295
  5176.789 112.00124     0.064     0.164               1.340           00Q209h24
  5176.791 607.01214     1.179    -2.603               7.724          0902Qa0545
  5176.803 112.00124     0.227    -0.288               1.340           11P108h24
  5176.805 112.00125     0.227    -0.288               1.340           11P108h25
  5176.806 112.00126     0.226    -0.288               1.340           11P108h26
  5176.809 112.00125     0.063     0.164               1.340           00Q209h25
  5176.828 112.00126     0.063     0.164               1.340           00Q209h26
  5176.849 106.00112     1.782    -3.825               3.464            AX13R235
  5176.855 112.00124     0.064    -2.802               1.340           00P109b24
  5176.863 607.01214     0.043    -5.032               7.724          0600Pc0125
  5176.873 607.01314     2.339    -3.561               7.724          1910Pb0025
  5176.961      90.0     1.387     -0.69                                        
  5176.993      26.0     4.635     -2.48                                        
  5177.029 106.00112     1.782    -5.937               3.464            AX13Q235
  5177.082 607.01214     0.203    -3.876               7.724          0600Rb0285
  5177.082 607.01214     1.017    -3.515               7.724          1104Rc0095
  5177.089      42.0     2.644     -2.14                                        
  5177.090 106.00112     1.782    -3.838               3.464            AX13R225
  5177.101 607.01214     1.017    -2.807               7.724          1104Qa0105
  5177.102 106.00112     2.039    -3.550               3.464            AX24R235
  5177.139      25.0     5.401     -2.38                                        
  5177.139 607.01214     0.203    -4.724               7.724          0600Qd0295
  5177.150 112.00124     0.515     0.118               1.340           11P222h24
  5177.159 112.00125     0.514     0.118               1.340           11P222h25
  5177.160 112.00126     0.513     0.118               1.340           11P222h26
  5177.187       6.0     8.641     -4.90                                        
  5177.199 607.01314     1.670    -3.247               7.724          1507Ra0025
  5177.228 607.01314     2.343    -2.865               7.724          1910Qb0045
  5177.232 607.01314     0.020    -4.952               7.724          0600Rd0095
  5177.233 112.00124     0.064    -2.799               1.340           00R209b24
  5177.234      26.0     3.695     -2.38                              NIST/E    
  5177.236 106.00112     2.039    -5.692               3.464            AX24Q235
  5177.236 607.01314     2.343    -3.322               7.724          1910Pd0055
  5177.247 607.01314     0.025    -4.944               7.724          0600Rd0105
  5177.249      45.0     3.970      0.12                                        
  5177.290 607.01214     2.510    -2.309               7.724          1910Rb0235
  5177.298 106.00112     2.039    -3.573               3.464            AX24R225
  5177.299 112.00124     0.064     0.211               1.340           00Q109h24
  5177.303 112.00124     0.744     0.366               1.340           00P233b24
  5177.308      57.0     0.433     -0.28                                        
  5177.322 112.00125     0.064     0.211               1.340           00Q109h25
  5177.324 607.01314     1.688    -2.803               7.724          1507Ra0095
  5177.325 607.01214     2.510    -2.943               7.724          1910Qd0245
  5177.326 607.01314     2.858    -3.268               7.724          2212Pc0205
  5177.342 112.00126     0.063     0.211               1.340           00Q109h26
  5177.351 607.01314     0.016    -4.965               7.724          0600Rd0085
  5177.364      27.0     4.146     -3.25                                        
  5177.367      59.0     0.353     -0.26                                        
  5177.376 607.01214     2.416    -3.321               7.724          1910Pc0115
  5177.377      27.0     4.107     -1.01                                        
  5177.397 607.01314     0.030    -4.938               7.724          0600Rd0115
  5177.402      24.0     3.426     -0.53                                 SOBECK 
  5177.448 607.01214     0.997    -4.202               7.724          1104Pc0035
  5177.478      22.0     0.899     -6.23                                        
  5177.491 112.00124     0.515    -2.240               1.340           11Q222b24
  5177.517 607.01314     2.928    -1.970               7.724          2212Qb0275
  5177.523 112.00126     0.239    -0.303               1.340           11P209h26
  5177.525 112.00125     0.239    -0.303               1.340           11P209h25
  5177.525 607.01214     1.002    -3.426               7.724          1104Qc0055
  5177.526 607.01214     1.062    -2.783               7.724          1104Ra0175
  5177.529 112.00124     0.239    -0.303               1.340           11P209h24
  5177.529 607.01214     0.190    -3.868               7.724          0600Ra0285
  5177.537 607.01214     1.002    -3.528               7.724          1104Pa0065
  5177.570 607.01314     2.928    -3.222               7.724          2212Pd0285
  5177.586 607.01314     1.637    -3.589               7.724          1406Pc0295
  5177.597      27.0     4.146     -0.42                                        
  5177.602 607.01314     0.013    -4.982               7.724          0600Rd0075
  5177.603 106.00112     2.367    -6.647               3.464            AX02R335
  5177.609 607.01214     0.129    -3.728               7.724          0600Qb0225
  5177.614 607.01214     1.795    -2.573               7.724          1507Pb0195
  5177.622 112.00124     0.744    -2.400               1.340           00Q233b24
  5177.627 112.00124     0.515     0.141               1.340           11P122h24
  5177.631 106.00112     1.547    -9.282               3.464            CX05P015
  5177.632 112.00126     0.513     0.141               1.340           11P122h26
  5177.635 112.00125     0.514     0.141               1.340           11P122h25
  5177.648      25.1     6.001     -1.77                                        
  5177.655 607.01214     0.129    -4.945               7.724          0600Pd0235
  5177.681 607.01314     0.035    -4.935               7.724          0600Rd0125
  5177.685 607.01314     1.681    -3.163               7.724          1507Pb0065
  5177.691 106.00112     2.367    -3.580               3.464            AX02Q345
  5177.697 607.01214     1.040    -2.673               7.724          1104Qb0135
  5177.700 607.01214     1.103    -3.958               7.724          1003Rc0385
  5177.724 607.01214     1.040    -3.556               7.724          1104Pd0145
  5177.728      58.0     0.398     -0.89                                        
  5177.729 106.00112     1.199    -6.494               3.464            BX02P175
  5177.750 112.00124     0.745    -1.973               1.340           33P219b24
  5177.773 607.01214     1.103    -2.404               7.724          1003Qa0395
  5177.784 607.01314     1.719    -2.641               7.724          1507Rb0145
  5177.786 106.00113     1.550    -9.708               3.464            CX05P025
  5177.806 112.00124     0.744     0.381               1.340           00P133h24
  5177.813      24.0     3.419     -2.74                                        
  5177.813 607.01314     1.719    -2.994               7.724          1507Qd0155
  5177.841 607.01314     1.775    -3.374               7.724          1507Rd0225
  5177.847 607.01314     2.359    -2.750               7.724          1910Rb0095
  5177.849 106.00112     2.161    -7.206               3.464            AX56P155
  5177.859 607.01314     2.359    -2.902               7.724          1910Qd0105
  5177.883 112.00125     0.743     0.381               1.340           00P133h25
  5177.899 106.00112     2.367    -3.598               3.464            AX02Q335
  5177.906 607.01314     1.669    -3.342               7.724          1507Ra0015
  5177.906 607.01314     1.692    -2.599               7.724          1507Qb0095
  5177.920 607.01314     1.692    -3.288               7.724          1507Pd0105
  5177.941 112.00126     0.742     0.381               1.340           00P133h26
  5177.954      77.0     1.995     -2.24                                        
  5177.958      26.0     4.984     -1.27                                        
  5177.967      25.0     4.824     -2.17                                        
  5177.984 607.01314     0.009    -5.006               7.724          0600Rd0065
  5177.987 106.00112     2.367    -6.286               3.464            AX02P345
  5177.994      62.1     0.884     -1.68                                        
  5178.015      26.0     4.981     -2.48                                        
  5178.015 112.00124     0.001    -0.666               1.340           00R201h24
  5178.026 112.00124     0.001    -1.463               1.340           00Q101b24
  5178.029 112.00125     0.001    -0.666               1.340           00R201h25
  5178.030 607.01314     2.399    -3.225               7.724          1910Rd0175
  5178.033      24.0     4.437     -1.00                                        
  5178.040 112.00126     0.001    -0.666               1.340           00R201h26
  5178.067 607.01314     1.692    -2.760               7.724          1507Ra0105
  5178.076      24.0     4.447     -3.98                                        
  5178.100      64.1     1.657     -1.14                              DenHarto06
  5178.103 607.01314     0.041    -4.935               7.724          0600Rd0135
  5178.123 112.00124     0.239    -1.819               1.340           11Q209b24
  5178.180 607.01314     0.887    -3.600               7.724          1003Qc0255
  5178.185 112.00125     0.239    -0.235               1.340           11P109h25
  5178.185 112.00126     0.239    -0.235               1.340           11P109h26
  5178.186 112.00124     0.239    -0.235               1.340           11P109h24
  5178.228 607.01314     0.887    -2.929               7.724          1003Pa0265
  5178.255 607.01214     1.035    -2.805               7.724          1003Pb0345
  5178.262      23.0     2.579     -3.96                                        
  5178.303 607.01214     2.472    -2.131               7.724          1910Qb0195
  5178.335 607.01214     2.472    -3.189               7.724          1910Pd0205
  5178.396 607.01214     2.500    -2.296               7.724          1910Ra0235
  5178.412 106.00112     1.507    -3.007               3.464            BX02P225
  5178.427 112.00124     0.486     0.099               1.340           11P221h24
  5178.429 607.01214     1.834    -2.141               7.724          1507Qb0235
  5178.435 112.00126     0.485     0.099               1.340           11P221h26
  5178.436 112.00125     0.485     0.099               1.340           11P221h25
  5178.448      27.0     4.146     -3.66                                        
  5178.455 607.01314     0.899    -2.919               7.724          1003Pb0265
  5178.461 607.01314     2.886    -2.929               7.724          2212Qc0235
  5178.470 607.01214     1.834    -3.339               7.724          1507Pd0245
  5178.474      25.1     6.568     -4.24                                        
  5178.475 607.01214     2.966    -3.318               7.724          2212Pc0255
  5178.478 112.00124     0.051     0.111               1.340           00Q208h24
  5178.495 112.00125     0.051     0.111               1.340           00Q208h25
  5178.495 607.01314     0.007    -5.038               7.724          0600Rd0055
  5178.507 607.01314     2.886    -2.371               7.724          2212Pa0245
  5178.511 112.00126     0.051     0.111               1.340           00Q208h26
  5178.523      23.0     2.255     -1.02                               LAWNOHFS 
  5178.526 106.00112     1.507    -7.165               3.464            BX02Q225
  5178.537 112.00124     0.051    -2.758               1.340           00P108b24
  5178.548 607.01314     2.345    -2.771               7.724          1910Qb0055
  5178.557 607.01314     2.345    -3.275               7.724          1910Pd0065
  5178.595 607.01314     2.341    -3.386               7.724          1910Pb0035
  5178.628 106.00112     1.508    -2.911               3.464            BX02P235
  5178.652      22.0     1.066     -2.67                                 LAWLER 
  5178.662 607.01314     0.047    -4.935               7.724          0600Rd0145
  5178.663      20.0     5.317     -5.52                                        
  5178.676      58.0     0.547     -0.58                                        
  5178.692      23.0     3.930     -3.28                                        
  5178.705 607.01214     1.022    -3.512               7.724          1104Rc0105
  5178.707      26.1     2.826     -6.89                                        
  5178.722 607.01214     2.434    -2.914               7.724          1910Qc0145
  5178.726 607.01214     1.022    -2.759               7.724          1104Qa0115
  5178.743      60.0     0.140     -1.06                                        
  5178.746 607.01214     2.434    -2.618               7.724          1910Pa0155
  5178.747 112.00126     0.252    -0.247               1.340           11P210h26
  5178.751 112.00125     0.252    -0.247               1.340           11P210h25
  5178.757 112.00124     0.253    -0.247               1.340           11P210h24
  5178.777 112.00124     0.486    -2.217               1.340           11Q221b24
  5178.796      42.0     3.154     -2.04                                        
  5178.800 607.01314     2.896    -2.359               7.724          2212Pb0245
  5178.801      26.0     4.386     -1.82                              NIST/E    
  5178.811 607.01214     0.072    -4.644               7.724          0600Qc0165
  5178.815 607.01314     1.669    -3.442               7.724          1507Ra0005
  5178.819 607.01214     1.087    -2.749               7.724          1104Rb0195
  5178.827      26.0     3.879     -3.95                                        
  5178.841      26.0     5.008     -3.26                                        
  5178.841      64.1     2.471     -0.13                                        
  5178.845 607.01214     0.072    -4.220               7.724          0600Pa0175
  5178.856 607.01214     1.087    -3.313               7.724          1104Qd0205
  5178.858      25.1     6.568     -4.21                                        
  5178.869      25.0     4.824     -3.63                                        
  5178.901      75.0     2.059     -2.40                                        
  5178.908 112.00124     0.486     0.122               1.340           11P121h24
  5178.912 112.00126     0.485     0.122               1.340           11P121h26
  5178.916 112.00125     0.486     0.122               1.340           11P121h25
  5178.959      26.1     2.853     -5.38                                        
  5178.971 112.00124     0.051    -2.753               1.340           00R208b24
  5178.988 607.01314     1.697    -2.720               7.724          1507Ra0115
  5179.004 112.00124     0.191    -1.432               1.340           11P204b24
  5179.008 607.01214     0.118    -4.902               7.724          0600Rc0215
  5179.014      40.0     0.519     -2.49                                        
  5179.030 112.00124     0.051     0.164               1.340           00Q108h24
  5179.048 607.01214     0.328    -5.131               7.724          0600Rd0375
  5179.050 112.00125     0.051     0.164               1.340           00Q108h25
  5179.052 607.01214     0.118    -3.729               7.724          0600Qa0225
  5179.057   23.0051     2.245    -2.249                                 KURHFS 
  5179.057   23.0051     2.245    -2.270                                 KURHFS 
  5179.057   23.0051     2.245    -2.395                                 KURHFS 
  5179.061   23.0051     2.245    -1.928                                 KURHFS 
  5179.061   23.0051     2.245    -2.249                                 KURHFS 
  5179.061   23.0051     2.245    -2.726                                 KURHFS 
  5179.068 112.00126     0.051     0.164               1.340           00Q108h26
  5179.094      57.0     1.046     -1.06                                        
  5179.119      28.0     3.895     -1.47                                        
  5179.119 607.01214     1.823    -3.298               7.724          1507Rc0225
  5179.136 607.01314     0.004    -5.081               7.724          0600Rd0045
  5179.158 607.01214     1.823    -2.142               7.724          1507Qa0235
  5179.223 607.01214     1.005    -3.387               7.724          1104Qc0065
  5179.236 607.01214     1.005    -3.430               7.724          1104Pa0075
  5179.244 607.01214     1.786    -3.045               7.724          1507Qc0185
  5179.260 607.01314     2.364    -2.701               7.724          1910Rb0105
  5179.277 607.01214     1.786    -2.591               7.724          1507Pa0195
  5179.278 607.01314     2.364    -2.892               7.724          1910Qd0115
  5179.303 112.00124     0.253    -1.867               1.340           11Q210b24
  5179.359 607.01314     0.054    -4.938               7.724          0600Rd0155
  5179.368 112.00126     0.252    -0.188               1.340           11P110h26
  5179.369 112.00125     0.252    -0.188               1.340           11P110h25
  5179.372 112.00124     0.253    -0.188               1.340           11P110h24
  5179.399      42.0     2.932     -2.14                                        
  5179.405 607.01214     1.880    -2.308               7.724          1507Ra0285
  5179.411 106.00113     2.436    -7.773               3.464            AX34P285
  5179.456 112.00124     1.038    -3.360               1.340           12R133b24
  5179.456 607.01214     1.022    -3.159               7.724          1104Pb0105
  5179.473 106.00112     2.281    -7.933               3.464            AX45P225
  5179.490 607.01214     1.893    -2.317               7.724          1507Rb0285
  5179.491      68.1     3.321      0.48                                        
  5179.505 112.00126     0.458     0.093               1.340           11P220h26
  5179.507 112.00125     0.458     0.093               1.340           11P220h25
  5179.510 112.00124     0.459     0.093               1.340           11P220h24
  5179.511 112.00124     0.769    -2.308               1.340           33P220b24
  5179.515 607.01214     1.762    -3.410               7.724          1507Pc0155
  5179.540 607.01214     1.893    -3.101               7.724          1507Qd0295
  5179.567 607.01214     0.999    -4.040               7.724          1104Pc0045
  5179.582 112.00124     0.001    -0.622               1.340           00R101h24
  5179.584 607.01214     1.070    -2.757               7.724          1104Ra0185
  5179.604 112.00125     0.001    -0.622               1.340           00R101h25
  5179.620 607.01214     2.448    -2.557               7.724          1910Pb0165
  5179.625 112.00126     0.001    -0.622               1.340           00R101h26
  5179.626 112.00124     0.420    -1.877               1.340           22P210b24
  5179.650      23.1     3.750     -3.11                                        
  5179.675 607.01214     1.217    -2.612               7.724          1003Rb0445
  5179.676      27.0     4.146     -0.42                                        
  5179.723 607.01314     1.669    -3.487               7.724          1507Rc0005
  5179.730 607.01314     1.669    -3.518               7.724          1507Qa0015
  5179.730 607.01314     1.670    -3.264               7.724          1507Qa0025
  5179.731 607.01314     1.670    -3.432               7.724          1507Rc0015
  5179.754      22.0     3.106     -2.73                                        
  5179.760 607.01214     1.217    -3.758               7.724          1003Qd0455
  5179.762 112.00126     0.267    -0.198               1.340           11P211h26
  5179.768 112.00125     0.267    -0.198               1.340           11P211h25
  5179.774 112.00124     0.267    -0.198               1.340           11P211h24
  5179.776      60.1     0.742     -1.35                                        
  5179.794      23.0     2.357     -2.00                                        
  5179.829      23.0     3.824     -3.22                                        
  5179.833 607.01314     1.726    -2.607               7.724          1507Rb0155
  5179.862 607.01314     1.726    -2.995               7.724          1507Qd0165
  5179.866 112.00124     0.459    -2.106               1.340           11Q220b24
  5179.905 607.01314     0.003    -5.140               7.724          0600Rd0035
  5179.917 607.01314     2.407    -3.228               7.724          1910Rd0185
  5179.920      64.1     1.371     -1.22                              DenHarto06
  5179.923 607.01314     1.671    -3.382               7.724          1507Rc0025
  5179.926 607.01314     1.671    -3.103               7.724          1507Qa0035
  5179.926 607.01314     1.697    -2.547               7.724          1507Qb0105
  5179.944 607.01314     1.697    -3.278               7.724          1507Pd0115
  5179.965      42.0     3.300     -1.55                                        
  5179.973 112.00124     0.040     0.051               1.340           00Q207h24
  5179.978      22.0     3.196     -2.64                                        
  5179.986 112.00126     0.458     0.118               1.340           11P120h26
  5179.988 112.00125     0.040     0.051               1.340           00Q207h25
  5179.991 112.00125     0.458     0.118               1.340           11P120h25
  5179.992 112.00124     0.459     0.118               1.340           11P120h24
  5180.001 112.00126     0.040     0.051               1.340           00Q207h26
  5180.007 607.01314     1.684    -3.085               7.724          1507Pb0075
  5180.025 112.00124     0.040    -2.710               1.340           00P107b24
  5180.029 607.01314     2.348    -2.691               7.724          1910Qb0065
  5180.037 106.00113     1.596    -3.825               3.464            BX11P285
  5180.039 607.01314     2.348    -3.239               7.724          1910Pd0075
  5180.054      24.0     3.885     -4.29                                        
  5180.056      26.0     4.470     -1.26                                        
  5180.088 607.01314     1.702    -2.682               7.724          1507Ra0125
  5180.112 607.01214     0.089    -4.169               7.724          0600Pb0185
  5180.116 106.00113     1.596     0.235               3.464            BX11Q275
  5180.170      26.0     4.987     -1.23                                        
  5180.171 607.01214     2.464    -3.152               7.724          1910Rc0185
  5180.197 607.01314     0.061    -4.941               7.724          0600Rd0165
  5180.198 607.01214     2.464    -2.133               7.724          1910Qa0195
  5180.207      42.0     3.263     -1.27                                        
  5180.228 106.00113     2.336    -3.639               3.464            AX56P205
  5180.247 106.00113     1.867    -6.248               3.464            AX35R155
  5180.276 607.01314     1.785    -3.380               7.724          1507Rd0235
  5180.283 112.00124     0.267    -1.910               1.340           11Q211b24
  5180.299      41.0     0.086     -1.28                                        
  5180.301 607.01314     1.673    -3.341               7.724          1507Rc0035
  5180.304      25.0     4.191     -1.80                                        
  5180.307 607.01314     1.673    -2.981               7.724          1507Qa0045
  5180.316 607.01214     1.047    -2.636               7.724          1104Qb0145
  5180.345 607.01214     1.047    -3.557               7.724          1104Pd0155
  5180.351 112.00126     0.267    -0.147               1.340           11P111h26
  5180.354 112.00125     0.267    -0.147               1.340           11P111h25
  5180.358 112.00124     0.268    -0.147               1.340           11P111h24
  5180.359 607.01314     2.308    -3.395               7.724          1809Pc0295
  5180.367 112.00126     0.432     0.056               1.340           11P219h26
  5180.371 112.00125     0.432     0.056               1.340           11P219h25
  5180.373 112.00124     0.433     0.056               1.340           11P219h24
  5180.412 106.00113     2.337    -3.767               3.464            AX56P195
  5180.417      26.0     4.368     -2.21                                        
  5180.429 106.00112     1.872    -6.248               3.464            AX35R155
  5180.471      22.0     3.548     -2.18                                        
  5180.473 607.01314     2.343    -3.256               7.724          1910Pb0045
  5180.490      22.0     2.238     -6.29                                        
  5180.502      24.0     4.200     -3.46                                        
  5180.507 607.01214     1.028    -3.511               7.724          1104Rc0115
  5180.527 112.00124     0.040    -2.703               1.340           00R207b24
  5180.529      26.1     2.842     -5.43                                        
  5180.530 607.01214     1.028    -2.716               7.724          1104Qa0125
  5180.561 607.01214     0.049    -5.026               7.724          0600Pc0135
  5180.568 112.00126     0.283    -0.155               1.340           11P212h26
  5180.575 112.00125     0.283    -0.155               1.340           11P212h25
  5180.579 112.00124     0.040     0.112               1.340           00Q107h24
  5180.583 112.00124     0.284    -0.155               1.340           11P212h24
  5180.597      22.0     1.967     -6.78                                        
  5180.597 112.00125     0.040     0.112               1.340           00Q107h25
  5180.613 112.00126     0.040     0.112               1.340           00Q107h26
  5180.668   23.0051     2.246    -2.550                                 KURHFS 
  5180.668   23.0051     2.246    -2.726                                 KURHFS 
  5180.684   23.0051     2.246    -2.425                                 KURHFS 
  5180.684   23.0051     2.246    -2.550                                 KURHFS 
  5180.706   23.0051     2.246    -2.425                                 KURHFS 
  5180.706   23.0051     2.246    -2.539                                 KURHFS 
  5180.706   23.0051     2.246    -2.744                                 KURHFS 
  5180.721 607.01214     1.084    -2.992               7.724          0902Pb0495
  5180.732   23.0051     2.246    -2.128                                 KURHFS 
  5180.732   23.0051     2.246    -2.539                                 KURHFS 
  5180.739 112.00124     0.433    -2.168               1.340           11Q219b24
  5180.755   23.0051     2.136    -5.865                                 KURHFS 
  5180.755   23.0051     2.136    -6.317                                 KURHFS 
  5180.755   23.0051     2.136    -7.317                                 KURHFS 
  5180.761      27.0     4.146     -2.77                                        
  5180.767   23.0051     2.136    -5.747                                 KURHFS 
  5180.767   23.0051     2.136    -6.106                                 KURHFS 
  5180.767   23.0051     2.136    -7.110                                 KURHFS 
  5180.768      26.0     5.008     -3.76                                        
  5180.784   23.0051     2.136    -5.629                                 KURHFS 
  5180.784   23.0051     2.136    -6.010                                 KURHFS 
  5180.784   23.0051     2.136    -7.082                                 KURHFS 
  5180.801 607.01314     0.001    -5.223               7.724          0600Rd0025
  5180.805   23.0051     2.136    -5.517                                 KURHFS 
  5180.805   23.0051     2.136    -5.974                                 KURHFS 
  5180.805   23.0051     2.136    -7.162                                 KURHFS 
  5180.830   23.0051     2.136    -5.413                                 KURHFS 
  5180.830   23.0051     2.136    -5.990                                 KURHFS 
  5180.830   23.0051     2.136    -7.354                                 KURHFS 
  5180.843 607.01314     2.369    -2.657               7.724          1910Rb0115
  5180.853 112.00126     0.432     0.083               1.340           11P119h26
  5180.859   23.0051     2.136    -5.317                                 KURHFS 
  5180.859   23.0051     2.136    -6.072                                 KURHFS 
  5180.859   23.0051     2.136    -7.743                                 KURHFS 
  5180.859 112.00125     0.432     0.083               1.340           11P119h25
  5180.860 112.00124     0.433     0.083               1.340           11P119h24
  5180.860 607.01314     2.369    -2.886               7.724          1910Qd0125
  5180.862 607.01314     1.675    -3.308               7.724          1507Rc0045
  5180.870 607.01314     1.675    -2.882               7.724          1507Qa0055
  5180.882      22.0     3.109     -3.90                                        
  5180.884      58.0     0.000     -0.69                                        
  5180.884 112.00124     0.794    -2.338               1.340           33P221b24
  5180.892   23.0051     2.136    -5.227                                 KURHFS 
  5180.892   23.0051     2.136    -6.290                                 KURHFS 
  5180.910 112.00124     0.703     0.355               1.340           00P232b24
  5180.914      27.0     4.172     -3.56                                        
  5180.927      73.0     2.708     -0.74                                        
  5180.929   23.0051     2.136    -5.143                                 KURHFS 
  5180.933      23.0     3.313     -1.21                                        
  5180.934 607.01214     0.217    -3.859               7.724          0600Rb0295
  5180.942 106.00113     2.337    -5.428               3.464            AX56Q195
  5180.994 607.01214     0.217    -4.731               7.724          0600Qd0305
