a line list in the range:    5969.00   5981.00
  5969.017 106.00113     1.827    -6.416               3.464            AX25Q145
  5969.049 607.01214     2.416    -2.450               7.724          1710Ra0125
  5969.066      24.1     4.039     -4.76                                        
  5969.085 112.00124     1.435    -5.552               1.340           03P140b24
  5969.132 106.00113     2.337    -7.036               3.464            AX36R195
  5969.138      22.0     3.125     -1.05                                        
  5969.149 607.01214     0.903    -2.690               7.724          0500Qb0615
  5969.165 112.00124     1.435    -5.577               1.340           03R240b24
  5969.203      22.0     3.866     -3.04                                        
  5969.310 607.01214     0.903    -4.678               7.724          0500Pd0625
  5969.316 607.01214     2.398    -2.845               7.724          1710Pb0075
  5969.319       6.0     7.940     -3.75                                        
  5969.356 112.00124     1.435    -2.197               1.340           03Q140b24
  5969.391      26.0     4.581     -4.14                                        
  5969.414 607.01214     2.387    -2.743               7.724          1710Qa0045
  5969.419 112.00124     0.450    -2.295               1.340           02R212b24
  5969.476      62.0     1.696     -0.36                                        
  5969.487 607.01214     2.387    -3.106               7.724          1710Rc0035
  5969.522 112.00124     0.450    -4.319               1.340           02Q112b24
  5969.542      26.1     2.690     -8.86                                        
  5969.562      26.0     4.280     -2.73                                        
  5969.573 607.01214     3.104    -3.286               7.724          2113Rd0185
  5969.637 607.01314     1.478    -3.132               7.724          1206Pc0125
  5969.671 106.00113     1.698    -4.981               3.464            AX14R165
  5969.690 106.00113     1.698    -4.982               3.464            AX14R175
  5969.724 607.01214     0.710    -2.595               7.724          0601Pb0435
  5969.727 607.01214     3.045    -2.708               7.724          2113Qb0065
  5969.753 607.01314     1.538    -2.996               7.724          1206Rc0205
  5969.765      75.0     3.303     -0.91                                        
  5969.775 607.01214     3.045    -3.261               7.724          2113Pd0075
  5969.802 607.01314     1.538    -1.902               7.724          1206Qa0215
  5969.829 106.00113     2.094    -7.381               3.464            AX14R235
  5969.845 106.00113     1.698    -6.830               3.464            AX14Q175
  5969.893      23.1     2.555     -3.61                                        
  5969.909 106.00112     1.877    -6.743               3.464            AX36R075
  5969.926 106.00113     2.094    -4.433               3.464            AX14Q245
  5969.993      25.1     6.640     -5.11                                        
  5970.048      15.0     8.109     -4.03                                        
  5970.059 106.00113     2.094    -4.432               3.464            AX14Q235
  5970.073 112.00124     0.450    -2.268               1.340           02R112b24
  5970.074      38.0     2.688     -0.69                                        
  5970.080 106.00112     1.233    -2.345               3.464            BX10R275
  5970.107      23.1     3.755     -5.18                                        
  5970.107 607.01314     0.533    -3.489               7.724          0702Pc0125
  5970.112 607.01214     1.613    -2.821               7.724          1206Qc0245
  5970.139 112.00124     1.031    -3.763               1.340           13P229b24
  5970.151 607.01214     1.624    -2.151               7.724          1206Pb0255
  5970.156 106.00113     2.094    -6.757               3.464            AX14P245
  5970.160 607.01214     2.390    -2.644               7.724          1710Qa0055
  5970.171 607.01214     1.613    -2.161               7.724          1206Pa0255
  5970.227 607.01214     2.390    -3.074               7.724          1710Rc0045
  5970.240 106.00113     1.486    -7.604               3.464            AX14R125
  5970.282 106.00112     1.832    -4.708               3.464            AX25R135
  5970.310 607.01214     3.040    -3.272               7.724          2113Pb0045
  5970.338 607.01214     0.860    -2.235               7.724          0702Rb0385
  5970.406 106.00112     1.832    -4.706               3.464            AX25R145
  5970.419 607.01314     0.697    -2.351               7.724          0702Rb0295
  5970.437 607.01214     0.860    -3.355               7.724          0702Qd0395
  5970.453 106.00112     1.877    -6.720               3.464            AX36R075
  5970.456      24.0     3.847     -2.94                                        
  5970.493 607.01314     0.697    -3.185               7.724          0702Qd0305
  5970.502 106.00112     1.832    -6.439               3.464            AX25Q145
  5970.504 106.00112     2.055    -7.935               3.464            AX03R265
  5970.542 106.00112     2.591    -9.609               3.464            AX04R315
  5970.605 607.01214     0.613    -4.023               7.724          0601Pc0385
  5970.625 106.00112     2.055    -4.836               3.464            AX03Q275
  5970.630      24.0     3.844     -3.38                                        
  5970.691      24.0     4.452     -1.06                                        
  5970.738 607.01214     3.066    -2.682               7.724          2113Rb0115
  5970.739 607.01214     2.422    -2.415               7.724          1710Ra0135
  5970.756       6.0     7.940     -4.57                                        
  5970.765      24.0     3.102     -4.07                                        
  5970.776      22.0     3.332     -2.66                                        
  5970.784 106.00113     2.338    -6.363               3.464            AX36P205
  5970.810      24.0     3.011     -3.26                                        
  5970.817 106.00112     2.055    -4.850               3.464            AX03Q265
  5970.818 607.01214     3.066    -2.914               7.724          2113Qd0125
  5970.841 112.00124     0.535    -1.865               1.340           13Q206b24
  5970.883 607.01314     0.604    -3.360               7.724          0702Rc0215
  5970.892 112.00124     0.535    -4.417               1.340           13P106b24
  5970.936 112.00124     0.700    -1.649               1.340           13P217b24
  5970.937 607.01314     0.604    -2.214               7.724          0702Qa0225
  5970.938 106.00112     2.055    -7.247               3.464            AX03P275
  5970.951      22.0     3.705     -3.30                                        
  5970.955 607.01314     0.760    -4.557               7.724          0500Rc0575
  5970.966 106.00112     2.100    -7.381               3.464            AX14R235
  5971.062 607.01314     2.296    -2.826               7.724          1609Qc0285
  5971.063      57.1     1.251     -2.04                                        
  5971.072   25.0055     3.768    -4.868                                 KURHFS 
  5971.073   25.0055     3.768    -5.232                                 KURHFS 
  5971.073   25.0055     3.768    -5.329                                 KURHFS 
  5971.074   25.0055     3.768    -5.232                                 KURHFS 
  5971.074   25.0055     3.768    -5.776                                 KURHFS 
  5971.075   25.0055     3.768    -5.345                                 KURHFS 
  5971.089 106.00112     2.100    -4.432               3.464            AX14Q245
  5971.098 607.01214     2.384    -3.860               7.724          1710Pa0025
  5971.101      28.0     5.000     -2.83                                        
  5971.101 607.01314     0.760    -2.696               7.724          0500Qa0585
  5971.120 607.01314     2.296    -2.100               7.724          1609Pa0295
  5971.151 607.01214     2.392    -2.560               7.724          1710Qa0065
  5971.159 607.01214     2.358    -3.198               7.724          1609Pc0295
  5971.176      22.0     2.394     -1.97                                        
  5971.178 607.01214     2.384    -3.371               7.724          1710Qc0015
  5971.187      26.0     3.412     -7.40                                        
  5971.205 106.00112     2.100    -4.432               3.464            AX14Q235
  5971.211 607.01214     2.392    -3.050               7.724          1710Rc0055
  5971.247 607.01214     1.082    -2.895               7.724          0500Ra0685
  5971.263      69.0     0.000     -2.13                                        
  5971.293      20.0     5.045     -2.99                                        
  5971.329 106.00112     2.100    -6.757               3.464            AX14P245
  5971.415 607.01314     0.684    -2.343               7.724          0702Ra0295
  5971.446      26.1     6.133     -4.17                                        
  5971.451 112.00124     0.700    -3.770               1.340           13Q217b24
  5971.501      92.0     0.077     -1.68                                        
  5971.524      22.0     2.343     -4.30                                        
  5971.571   21.0045     3.616    -3.176                                 KURHFS 
  5971.571   21.0045     3.616    -3.243                                 KURHFS 
  5971.571   21.0045     3.616    -3.875                                 KURHFS 
  5971.573   21.0045     3.616    -2.980                                 KURHFS 
  5971.573   21.0045     3.616    -2.980                                 KURHFS 
  5971.573   21.0045     3.616    -3.720                                 KURHFS 
  5971.576   21.0045     3.616    -2.776                                 KURHFS 
  5971.576   21.0045     3.616    -2.875                                 KURHFS 
  5971.576   21.0045     3.616    -3.720                                 KURHFS 
  5971.580   21.0045     3.616    -2.606                                 KURHFS 
  5971.580   21.0045     3.616    -2.828                                 KURHFS 
  5971.580   21.0045     3.616    -3.817                                 KURHFS 
  5971.582 112.00124     0.700    -1.618               1.340           13P117b24
  5971.585   21.0045     3.616    -2.460                                 KURHFS 
  5971.585   21.0045     3.616    -2.834                                 KURHFS 
  5971.585   21.0045     3.616    -4.021                                 KURHFS 
  5971.591   21.0045     3.616    -2.331                                 KURHFS 
  5971.591   21.0045     3.616    -2.907                                 KURHFS 
  5971.591   21.0045     3.616    -4.419                                 KURHFS 
  5971.597      24.0     3.077     -4.42                                        
  5971.598   21.0045     3.616    -2.215                                 KURHFS 
  5971.598   21.0045     3.616    -3.118                                 KURHFS 
  5971.607   21.0045     3.616    -2.110                                 KURHFS 
  5971.628 607.01314     1.557    -1.877               7.724          1206Qb0225
  5971.629 607.01214     2.510    -3.177               7.724          1710Rd0245
  5971.649      26.0     5.344     -3.57                                        
  5971.658      63.0     2.421     -0.13                                        
  5971.681 607.01314     1.557    -3.036               7.724          1206Pd0235
  5971.682 607.01214     0.745    -3.507               7.724          0702Rc0315
  5971.694      56.0     1.142     -0.11                                        
  5971.717 607.01214     2.448    -2.349               7.724          1710Rb0165
  5971.750 607.01214     2.448    -2.765               7.724          1710Qd0175
  5971.764 607.01214     0.745    -2.045               7.724          0702Qa0325
  5971.773 112.00124     0.535    -4.405               1.340           13R206b24
  5971.804 607.01214     1.674    -3.093               7.724          1206Rc0295
  5971.804 607.01214     2.416    -2.262               7.724          1710Qb0115
  5971.818 607.01314     0.560    -3.100               7.724          0702Qc0165
  5971.825 112.00124     0.535    -1.793               1.340           13Q106b24
  5971.827 607.01214     2.416    -3.037               7.724          1710Pd0125
  5971.858      25.1     6.666     -3.42                                        
  5971.861 607.01314     0.560    -2.701               7.724          0702Pa0175
  5971.875 607.01214     1.674    -1.736               7.724          1206Qa0305
  5971.878 106.00113     1.487    -7.566               3.464            AX14R125
  5971.881 607.01214     0.903    -4.614               7.724          0500Rc0615
  5971.888 106.00113     2.338    -4.261               3.464            AX36Q205
  5971.897 106.00113     2.338    -4.223               3.464            AX36Q195
  5971.923 607.01214     3.049    -2.637               7.724          2113Qb0075
  5971.977 607.01214     3.049    -3.235               7.724          2113Pd0085
  5972.038      24.0     2.708     -7.93                                        
  5972.042 607.01214     0.903    -2.682               7.724          0500Qa0625
  5972.103 112.00124     0.510    -2.527               1.340           13R201b24
  5972.115 112.00124     0.510    -3.292               1.340           13Q101b24
  5972.125 112.00124     1.196    -4.223               1.340           02P237b24
  5972.213      20.0     5.667     -7.22                                        
  5972.229      26.0     5.301     -3.72                                        
  5972.258      24.0     3.011     -2.52                                        
  5972.325 607.01214     3.112    -3.292               7.724          2113Rd0195
  5972.333      24.0     3.847     -2.95                                        
  5972.351 607.01214     2.386    -3.510               7.724          1710Pa0035
  5972.384 607.01214     2.395    -2.488               7.724          1710Qa0075
  5972.393 607.01314     0.576    -2.650               7.724          0702Pb0185
  5972.407 607.01214     2.386    -3.163               7.724          1710Qc0025
  5972.436 607.01214     2.395    -3.031               7.724          1710Rc0065
  5972.484      26.0     4.590     -3.69                                        
  5972.500      74.0     0.412     -3.15                                        
  5972.506 106.00112     1.832    -4.707               3.464            AX25R145
  5972.510 106.00112     1.832    -4.708               3.464            AX25R135
  5972.542 607.01314     2.308    -2.091               7.724          1609Pb0295
  5972.543      23.0     4.253     -3.60                                        
  5972.586       6.0     8.636     -3.63                                        
  5972.603 106.00112     1.832    -6.415               3.464            AX25Q145
  5972.618      24.0     3.847     -1.62                                        
  5972.619 607.01214     2.402    -2.777               7.724          1710Pb0085
  5972.625 607.01314     1.505    -2.743               7.724          1206Qc0165
  5972.657 607.01214     2.428    -2.384               7.724          1710Ra0145
  5972.665 607.01314     1.505    -2.364               7.724          1206Pa0175
  5972.702      26.0     5.008     -4.09                                        
  5972.734      22.0     3.706     -1.98                                        
  5972.739      63.0     1.943      0.14                                        
  5972.752 106.00113     1.699    -4.982               3.464            AX14R175
  5972.775      21.0     5.650     -3.19                                        
  5972.786      58.0     0.646     -1.01                                        
  5972.798 607.01214     1.310    -4.759               7.724          0500Rd0755
  5972.802 106.00113     1.329    -8.377               3.464            AX03R155
  5972.827 607.01314     0.624    -2.191               7.724          0702Qb0235
  5972.857      23.1     3.756     -7.17                                        
  5972.886 607.01314     0.625    -3.404               7.724          0702Pd0245
  5972.893 106.00113     1.699    -4.981               3.464            AX14R165
  5972.908 106.00113     1.699    -6.801               3.464            AX14Q175
  5972.965 607.01214     1.688    -1.735               7.724          1206Qb0305
  5972.968 106.00113     1.662    -7.092               3.464            AX25R095
  5972.985 607.01214     0.760    -2.047               7.724          0702Qb0325
  5973.001 106.00113     2.338    -7.061               3.464            AX36R195
  5973.008      24.0     3.847     -4.21                                        
  5973.019 106.00112     1.718    -6.964               3.464            BX03P215
  5973.032      23.1     2.542     -3.24                                        
  5973.036 607.01214     3.043    -3.166               7.724          2113Pb0055
  5973.039 607.01214     1.688    -3.129               7.724          1206Pd0315
  5973.069 607.01214     0.760    -3.503               7.724          0702Pd0335
  5973.074 607.01214     3.071    -2.642               7.724          2113Rb0125
  5973.155 112.00124     1.243    -2.853               1.340           03R235b24
  5973.160 607.01214     3.071    -2.910               7.724          2113Qd0135
  5973.206 106.00113     1.223    -2.344               3.464            BX10R275
  5973.208 106.00113     1.971    -6.153               3.464            AX36Q115
  5973.211 607.01314     0.512    -3.937               7.724          0601Pc0335
  5973.266 607.01214     0.676    -3.194               7.724          0702Qc0265
  5973.335 607.01214     0.676    -2.470               7.724          0702Pa0275
  5973.346      25.0     4.791     -3.02                                        
  5973.352 112.00124     1.243    -5.736               1.340           03Q135b24
  5973.361      14.0     5.858     -4.08                                        
  5973.364      44.0     3.760     -0.11                                        
  5973.367      25.1     6.663     -3.37                                        
  5973.367      26.0     4.648     -3.74                                        
  5973.424      20.0     6.035     -7.42                                        
  5973.447 106.00113     1.971    -4.600               3.464            AX36R105
  5973.472      26.0     5.082     -3.32                                        
  5973.472 607.01314     1.520    -2.312               7.724          1206Pb0185
  5973.498 106.00112     2.740    -7.527               3.464            AX14Q325
  5973.507      67.0     0.000     -1.62                                        
  5973.546      57.1     2.761     -0.58                                        
  5973.587 607.01214     1.627    -3.883               7.724          0903Pc0615
  5973.605 106.00112     2.740    -4.546               3.464            AX14P335
  5973.609      22.0     3.706     -4.05                                        
  5973.611 106.00112     1.704    -4.981               3.464            AX14R165
  5973.632 607.01214     0.710    -3.704               7.724          0601Qc0435
  5973.642 106.00112     1.704    -4.981               3.464            AX14R175
  5973.645      28.0     4.164     -2.63                                        
  5973.665      90.0     0.457     -1.96                                        
  5973.671      23.0     2.563     -4.76                                        
  5973.737   21.0045     3.616    -4.074                                 KURHFS 
  5973.737   21.0045     3.616    -4.270                                 KURHFS 
  5973.739   21.0045     3.616    -4.049                                 KURHFS 
  5973.739   21.0045     3.616    -4.060                                 KURHFS 
  5973.739   21.0045     3.616    -4.270                                 KURHFS 
  5973.741 112.00124     1.243    -2.842               1.340           03R135b24
  5973.742   21.0045     3.616    -3.922                                 KURHFS 
  5973.742   21.0045     3.616    -3.946                                 KURHFS 
  5973.742   21.0045     3.616    -4.049                                 KURHFS 
  5973.746   21.0045     3.616    -3.755                                 KURHFS 
  5973.746   21.0045     3.616    -3.903                                 KURHFS 
  5973.746   21.0045     3.616    -3.946                                 KURHFS 
  5973.746 607.01214     0.710    -2.587               7.724          0601Pa0445
  5973.751   21.0045     3.616    -3.586                                 KURHFS 
  5973.751   21.0045     3.616    -3.903                                 KURHFS 
  5973.751   21.0045     3.616    -3.914                                 KURHFS 
  5973.757   21.0045     3.616    -3.427                                 KURHFS 
  5973.757   21.0045     3.616    -3.914                                 KURHFS 
  5973.757   21.0045     3.616    -3.991                                 KURHFS 
  5973.764   21.0045     3.616    -3.279                                 KURHFS 
  5973.764   21.0045     3.616    -3.991                                 KURHFS 
  5973.764   21.0045     3.616    -4.206                                 KURHFS 
  5973.773   21.0045     3.616    -3.143                                 KURHFS 
  5973.773   21.0045     3.616    -4.206                                 KURHFS 
  5973.797 106.00112     2.740    -4.496               3.464            AX14P325
  5973.802 106.00112     1.704    -6.829               3.464            AX14Q175
  5973.829 607.01214     1.747    -5.393               7.724          0600Pc0865
  5973.844 607.01214     3.040    -2.938               7.724          2113Ra0055
  5973.846 607.01214     2.387    -3.300               7.724          1710Pa0045
  5973.855 106.00113     1.971    -4.596               3.464            AX36R115
  5973.855 607.01214     2.398    -2.423               7.724          1710Qa0085
  5973.877 607.01314     2.951    -2.899               7.724          2012Qc0295
  5973.880   25.0055     3.769    -2.442                                 KURHFS 
  5973.880   25.0055     3.769    -3.131                                 KURHFS 
  5973.880   25.0055     3.769    -4.085                                 KURHFS 
  5973.880 106.00113     1.662    -7.063               3.464            AX25R095
  5973.881   25.0055     3.769    -2.654                                 KURHFS 
  5973.881   25.0055     3.769    -2.985                                 KURHFS 
  5973.881   25.0055     3.769    -3.705                                 KURHFS 
  5973.883   25.0055     3.769    -2.927                                 KURHFS 
  5973.883   25.0055     3.769    -3.006                                 KURHFS 
  5973.883   25.0055     3.769    -3.161                                 KURHFS 
  5973.883   25.0055     3.769    -3.337                                 KURHFS 
  5973.883   25.0055     3.769    -3.483                                 KURHFS 
  5973.883   25.0055     3.769    -3.529                                 KURHFS 
  5973.883 607.01214     2.387    -3.047               7.724          1710Qc0035
  5973.894 112.00124     0.527    -1.952               1.340           13Q205b24
  5973.903 607.01214     2.398    -3.017               7.724          1710Rc0075
  5973.911 607.01214     0.986    -2.413               7.724          0601Rb0555
  5973.922 607.01214     3.038    -3.006               7.724          2113Ra0045
  5973.927 607.01214     0.860    -2.222               7.724          0702Ra0395
  5973.938 112.00124     0.527    -4.363               1.340           13P105b24
  5973.947 607.01314     1.547    -3.004               7.724          1206Rc0215
  5973.953 607.01314     2.951    -2.185               7.724          2012Pa0305
  5973.998 607.01314     1.547    -1.879               7.724          1206Qa0225
  5974.002 607.01214     0.689    -2.458               7.724          0702Pb0275
  5974.025 607.01214     3.043    -2.878               7.724          2113Ra0065
  5974.055 607.01214     0.986    -3.755               7.724          0601Qd0565
  5974.102 106.00112     2.686    -4.780               3.464            AX03P355
  5974.157      22.0     3.580     -2.93                                        
  5974.163      44.0     2.593     -1.75                                        
  5974.202 607.01314     1.484    -3.124               7.724          1206Pc0135
  5974.257 106.00112     2.686    -7.791               3.464            AX03Q345
  5974.259 607.01214     3.036    -3.081               7.724          2113Ra0035
  5974.278      72.0     2.277     -0.84                                        
  5974.336      22.0     3.887     -2.69                                        
  5974.337 607.01214     3.052    -2.574               7.724          2113Qb0085
  5974.377 112.00124     0.510    -2.486               1.340           13R101b24
  5974.397 607.01214     3.052    -3.215               7.724          2113Pd0095
  5974.438 607.01314     0.637    -3.085               7.724          0500Pb0525
  5974.449      23.1     3.756     -4.12                                        
  5974.464 607.01214     3.045    -2.823               7.724          2113Ra0075
  5974.488      66.0     0.000     -1.47                                        
  5974.495 106.00113     1.971    -6.134               3.464            AX36Q115
  5974.587 106.00113     2.732    -8.979               3.464            AX15R305
  5974.592      24.1     3.755     -8.29                                        
  5974.610 607.01314     0.539    -3.481               7.724          0702Pc0135
  5974.623      26.0     4.188     -3.50                                        
  5974.651 106.00112     2.686    -4.765               3.464            AX03P345
  5974.659 106.00113     1.588    -5.531               3.464            AX03R205
  5974.704 106.00112     2.346    -7.035               3.464            AX36R195
  5974.706 607.01214     0.630    -3.543               7.724          0702Pc0225
  5974.720      72.0     2.452     -1.17                                        
  5974.738 106.00113     1.588    -5.537               3.464            AX03R195
  5974.754 106.00112     1.491    -7.603               3.464            AX14R125
  5974.758 607.01214     1.581    -3.155               7.724          1206Pc0215
  5974.813 607.01214     2.434    -2.354               7.724          1710Ra0155
  5974.817 106.00112     2.346    -4.259               3.464            AX36Q205
  5974.828 106.00113     1.972    -4.600               3.464            AX36R105
  5974.847 607.01214     2.386    -3.997               7.724          1710Pc0025
  5974.853 607.01214     2.456    -2.320               7.724          1710Rb0175
  5974.856 607.01214     3.035    -3.165               7.724          2113Ra0025
  5974.871 106.00113     1.588    -7.463               3.464            AX03Q205
  5974.878 607.01214     2.422    -2.219               7.724          1710Qb0125
  5974.880 106.00112     2.346    -4.222               3.464            AX36Q195
  5974.887 607.01214     2.456    -2.768               7.724          1710Qd0185
  5974.903 607.01214     2.422    -3.033               7.724          1710Pd0135
  5974.986 112.00124     0.527    -4.345               1.340           13R205b24
  5974.993 106.00112     2.346    -6.386               3.464            AX36P205
  5974.996 607.01314     0.614    -3.368               7.724          0702Rc0225
  5975.013      69.0     2.528     -0.27                                        
  5975.030 112.00124     0.527    -1.864               1.340           13Q105b24
  5975.053 607.01314     0.614    -2.192               7.724          0702Qa0235
  5975.065      90.0     0.788     -1.63                                        
  5975.120 607.01214     0.840    -2.200               7.724          0601Qb0495
  5975.133 607.01314     0.710    -2.336               7.724          0702Rb0305
  5975.142 106.00113     1.971    -4.597               3.464            AX36R115
  5975.159 607.01214     3.049    -2.773               7.724          2113Ra0085
  5975.202      23.0     2.573     -4.21                                        
  5975.210 607.01314     0.711    -3.193               7.724          0702Qd0315
  5975.213 607.01214     2.521    -3.185               7.724          1710Rd0255
  5975.239 607.01314     2.262    -3.149               7.724          1609Pc0255
  5975.247      26.0     5.310     -2.32                                        
  5975.248 607.01214     0.840    -4.010               7.724          0601Pd0505
  5975.301 106.00113     2.096    -4.433               3.464            AX14Q245
  5975.309 607.01214     3.120    -3.299               7.724          2113Rd0205
  5975.338      23.0     3.368     -0.24                                        
  5975.347      26.0     4.073     -0.55                                        
  5975.350      26.0     4.831     -0.88                                        
  5975.414 106.00113     2.096    -7.411               3.464            AX14R235
  5975.470 607.01214     1.176    -4.136               7.724          0601Rd0635
  5975.487      68.0     1.432     -0.66                                        
  5975.531 106.00113     2.096    -6.730               3.464            AX14P245
  5975.538      21.0     4.521     -3.94                                        
  5975.580 607.01214     2.390    -3.149               7.724          1710Pa0055
  5975.580 607.01214     2.402    -2.366               7.724          1710Qa0095
  5975.581 106.00113     1.330    -8.330               3.464            AX03R155
  5975.583 106.00113     2.668    -3.110               3.464            AX53R355
  5975.606 607.01214     2.390    -2.970               7.724          1710Qc0045
  5975.610 607.01214     2.402    -3.007               7.724          1710Rc0085
  5975.637 607.01214     3.077    -2.605               7.724          2113Rb0135
  5975.644 106.00113     2.096    -4.432               3.464            AX14Q235
  5975.714 607.01214     3.034    -3.259               7.724          2113Ra0015
  5975.717      57.0     0.951     -1.39                                        
  5975.729 607.01214     3.077    -2.909               7.724          2113Qd0145
  5975.787   21.0045     3.596    -3.214                                 KURHFS 
  5975.787   21.0045     3.596    -3.469                                 KURHFS 
  5975.787   21.0045     3.596    -3.499                                 KURHFS 
  5975.793   21.0045     3.596    -3.026                                 KURHFS 
  5975.793   21.0045     3.596    -3.081                                 KURHFS 
  5975.793   21.0045     3.596    -3.469                                 KURHFS 
  5975.802 607.01314     0.697    -2.328               7.724          0702Ra0305
  5975.803   21.0045     3.596    -2.826                                 KURHFS 
  5975.803   21.0045     3.596    -2.935                                 KURHFS 
  5975.803   21.0045     3.596    -3.520                                 KURHFS 
  5975.816   21.0045     3.596    -2.628                                 KURHFS 
  5975.816   21.0045     3.596    -2.913                                 KURHFS 
  5975.816   21.0045     3.596    -3.645                                 KURHFS 
  5975.818      58.1     1.326     -0.45                              Lawler09  
  5975.833   21.0045     3.596    -2.464                                 KURHFS 
  5975.833   21.0045     3.596    -2.967                                 KURHFS 
  5975.833   21.0045     3.596    -3.867                                 KURHFS 
  5975.853   21.0045     3.596    -2.323                                 KURHFS 
  5975.853   21.0045     3.596    -3.163                                 KURHFS 
  5975.853   21.0045     3.596    -4.277                                 KURHFS 
  5975.977 607.01214     0.766    -3.070               7.724          0500Pb0565
  5975.980 607.01214     3.045    -3.076               7.724          2113Pb0065
  5975.982      58.0     0.159     -0.99                                        
  5976.023 106.00112     1.456    -6.495               3.464            BX14P105
  5976.046 112.00124     0.679    -1.685               1.340           13P216b24
  5976.047 607.01314     0.568    -3.104               7.724          0702Qc0175
  5976.058   25.0055     3.769    -4.031                                 KURHFS 
  5976.058   25.0055     3.769    -4.508                                 KURHFS 
  5976.060   25.0055     3.769    -4.406                                 KURHFS 
  5976.060   25.0055     3.769    -4.508                                 KURHFS 
  5976.060   25.0055     3.769    -4.580                                 KURHFS 
  5976.061   25.0055     3.769    -4.406                                 KURHFS 
  5976.061   25.0055     3.769    -4.538                                 KURHFS 
  5976.061   25.0055     3.769    -6.115                                 KURHFS 
  5976.062   25.0055     3.769    -4.538                                 KURHFS 
  5976.062   25.0055     3.769    -4.906                                 KURHFS 
  5976.069      20.0     5.449     -3.82                                        
  5976.084      24.0     4.443     -3.55                                        
  5976.092 607.01314     0.568    -2.670               7.724          0702Pa0185
  5976.111 607.01214     3.052    -2.727               7.724          2113Ra0095
  5976.112 607.01314     2.964    -2.174               7.724          2012Pb0305
  5976.133 607.01214     2.406    -2.716               7.724          1710Pb0095
  5976.160      26.0     4.291     -2.49                                        
  5976.321      92.0     0.471     -1.03                                        
  5976.383 112.00124     0.521    -2.062               1.340           13Q204b24
  5976.413 106.00112     1.491    -7.565               3.464            AX14R125
  5976.419 112.00124     0.521    -4.310               1.340           13P104b24
  5976.439      26.0     4.175     -2.70                                        
  5976.443 607.01214     1.624    -2.829               7.724          1206Qc0255
  5976.443 607.01314     2.917    -3.240               7.724          2012Pc0265
  5976.454 607.01314     1.567    -1.856               7.724          1206Qb0235
  5976.505 607.01214     1.624    -2.142               7.724          1206Pa0265
  5976.510 607.01314     1.567    -3.043               7.724          1206Pd0245
  5976.524 607.01214     1.947    -3.372               7.724          0600Pb0915
  5976.529 106.00112     2.102    -4.433               3.464            AX14Q245
  5976.579 112.00124     0.679    -3.750               1.340           13Q216b24
  5976.593      24.0     4.204     -3.85                                        
  5976.623 106.00112     2.102    -7.410               3.464            AX14R235
  5976.677       6.0     8.634     -2.90                                        
  5976.703 112.00124     0.679    -1.652               1.340           13P116b24
  5976.710      20.0     6.036     -2.88                                        
  5976.734 106.00112     1.705    -4.982               3.464            AX14R175
  5976.766 106.00112     2.102    -6.730               3.464            AX14P245
  5976.777      26.0     3.940     -1.50                                        
  5976.835 607.01214     3.034    -3.358               7.724          2113Ra0005
  5976.855      24.0     4.452     -2.44                                        
  5976.861 106.00112     2.102    -4.432               3.464            AX14Q235
  5976.870 106.00112     1.705    -4.981               3.464            AX14R165
  5976.878 607.01214     1.636    -2.132               7.724          1206Pb0265
  5976.895 106.00112     1.705    -6.801               3.464            AX14Q175
  5976.941 607.01214     0.878    -2.223               7.724          0702Rb0395
  5976.964      24.1     6.277     -4.20                                        
  5976.971 607.01214     3.057    -2.517               7.724          2113Qb0095
  5977.012 607.01314     0.524    -4.641               7.724          0500Pc0475
  5977.023 607.01314     1.512    -2.747               7.724          1206Qc0175
  5977.038 607.01214     3.057    -3.200               7.724          2113Pd0105
  5977.043 607.01214     0.878    -3.368               7.724          0702Qd0405
  5977.062 112.00124     0.569    -1.792               1.340           02Q218b24
  5977.065 607.01314     1.512    -2.332               7.724          1206Pa0185
  5977.141 607.01214     0.986    -2.402               7.724          0601Ra0565
  5977.158 106.00112     1.666    -7.092               3.464            AX25R095
  5977.185      23.0     2.606     -4.80                                        
  5977.204 607.01214     2.441    -2.325               7.724          1710Ra0165
  5977.208 112.00124     0.569    -5.339               1.340           02P118b24
  5977.234      64.0     0.790     -0.85                                        
  5977.275 106.00113     2.159    -7.028               3.464            AX25R205
  5977.301 607.01214     2.387    -3.693               7.724          1710Pc0035
  5977.308 607.01314     0.585    -2.622               7.724          0702Pb0195
  5977.317 607.01214     3.057    -2.684               7.724          2113Ra0105
  5977.360 106.00112     2.058    -4.836               3.464            AX03Q275
  5977.361 106.00113     2.159    -4.242               3.464            AX25Q215
  5977.401 112.00124     0.569    -5.339               1.340           02R218b24
  5977.473 106.00113     2.159    -4.229               3.464            AX25Q205
  5977.486 106.00112     2.058    -7.967               3.464            AX03R265
  5977.500      25.0     5.668     -2.10                                        
  5977.526 112.00124     0.384    -4.078               1.340           02R107b24
  5977.531 607.01314     0.635    -2.170               7.724          0702Qb0245
  5977.534 607.01214     2.406    -2.314               7.724          1710Qa0105
  5977.547 112.00124     0.569    -1.768               1.340           02Q118b24
  5977.556 607.01214     2.406    -3.000               7.724          1710Rc0095
  5977.559 106.00113     2.159    -6.476               3.464            AX25P215
  5977.561      26.0     4.291     -4.31                                        
  5977.570 607.01214     2.392    -3.030               7.724          1710Pa0065
  5977.577 607.01214     2.392    -2.915               7.724          1710Qc0055
  5977.585 607.01214     1.925    -1.764               7.724          0903Qb0715
  5977.593 607.01314     0.635    -3.412               7.724          0702Pd0255
  5977.622 106.00113     1.968    -7.913               3.464            AX03R255
  5977.647 607.01214     1.771    -2.137               7.724          0903Pb0665
  5977.673 106.00112     2.058    -7.218               3.464            AX03P275
  5977.678 106.00113     1.968    -4.856               3.464            AX03Q265
  5977.703 112.00124     0.521    -4.277               1.340           13R204b24
  5977.739 112.00124     0.521    -1.950               1.340           13Q104b24
  5977.762 607.01214     1.925    -3.840               7.724          0903Pd0725
  5977.780 106.00113     2.584    -9.687               3.464            AX04R315
  5977.799 106.00112     2.058    -4.850               3.464            AX03Q265
  5977.809      42.0     1.380    -10.00                                        
  5977.827 112.00124     0.825    -1.789               1.340           02P227b24
  5977.841 607.01314     0.637    -4.314               7.724          0500Qc0525
  5977.893 106.00113     1.968    -4.872               3.464            AX03Q255
  5977.949 106.00113     1.968    -7.250               3.464            AX03P265
  5977.974 607.01314     0.637    -3.078               7.724          0500Pa0535
  5977.982      23.0     2.503     -6.75                                        
  5977.986 106.00112     1.334    -8.376               3.464            AX03R155
  5977.992 607.01214     0.760    -3.518               7.724          0702Rc0325
  5978.009 106.00112     2.165    -7.028               3.464            AX25R205
  5978.013      26.0     2.988     -5.25                                        
  5978.014 607.01214     3.034    -3.403               7.724          2113Rc0005
  5978.024 607.01214     3.034    -3.433               7.724          2113Qa0015
  5978.073 607.01214     3.035    -3.348               7.724          2113Rc0015
  5978.076 607.01214     0.760    -2.030               7.724          0702Qa0335
  5978.085 106.00112     1.666    -7.062               3.464            AX25R095
  5978.089 607.01214     3.035    -3.180               7.724          2113Qa0025
  5978.125 106.00112     2.165    -4.241               3.464            AX25Q215
  5978.127 112.00124     1.065    -5.873               1.340           03R130b24
  5978.134      26.0     4.635     -3.17                                        
  5978.158 607.01214     2.428    -2.180               7.724          1710Qb0135
  5978.172 106.00112     2.165    -4.229               3.464            AX25Q205
  5978.185 607.01214     2.428    -3.031               7.724          1710Pd0145
  5978.203 607.01214     2.464    -2.294               7.724          1710Rb0185
  5978.209 607.01314     2.308    -2.835               7.724          1609Qc0295
  5978.240 607.01214     2.464    -2.772               7.724          1710Qd0195
  5978.269 607.01314     2.308    -2.083               7.724          1609Pa0305
  5978.272 112.00124     0.516    -2.215               1.340           13Q203b24
  5978.280 112.00124     0.825    -4.375               1.340           02Q227b24
  5978.283 607.01214     0.640    -4.715               7.724          0500Pc0515
  5978.288 106.00112     2.165    -6.476               3.464            AX25P215
  5978.300 112.00124     0.516    -4.271               1.340           13P103b24
  5978.306      24.0     4.413     -3.63                                        
  5978.326      26.0     5.016     -2.98                                        
  5978.350 607.01314     1.557    -3.011               7.724          1206Rc0225
  5978.393 607.01214     3.036    -3.298               7.724          2113Rc0025
  5978.404 607.01314     1.557    -1.857               7.724          1206Qa0235
  5978.415 607.01214     0.840    -3.961               7.724          0601Rc0495
  5978.415 607.01214     3.036    -3.019               7.724          2113Qa0035
  5978.429 607.01214     3.083    -2.571               7.724          2113Rb0145
  5978.475 112.00124     0.825    -1.771               1.340           02P127b24
  5978.527 607.01214     3.083    -2.909               7.724          2113Qd0155
  5978.528 106.00112     2.347    -4.260               3.464            AX36Q205
  5978.529 607.01214     3.129    -3.306               7.724          2113Rd0215
  5978.541      22.0     1.872     -0.50                                        
  5978.544 607.01214     0.840    -2.191               7.724          0601Qa0505
  5978.554      25.1     6.666     -1.94                                        
  5978.575 607.01314     1.529    -2.284               7.724          1206Pb0195
  5978.579 106.00112     2.347    -7.060               3.464            AX36R195
  5978.611      24.0     4.609     -1.17                                        
  5978.661      72.0     2.263     -0.96                                        
  5978.687 607.01214     1.947    -5.032               7.724          0600Qc0915
  5978.704 106.00112     2.347    -6.362               3.464            AX36P205
  5978.755 106.00112     2.347    -4.222               3.464            AX36Q195
  5978.772      24.0     4.444     -1.60                                        
  5978.777 607.01214     3.061    -2.645               7.724          2113Ra0115
  5978.825 607.01314     0.786    -2.696               7.724          0500Qb0585
  5978.828   23.0051     1.858    -2.826                                 KURHFS 
  5978.828   23.0051     1.858    -3.278                                 KURHFS 
  5978.828   23.0051     1.858    -4.278                                 KURHFS 
  5978.841   23.0051     1.858    -2.708                                 KURHFS 
  5978.841   23.0051     1.858    -3.067                                 KURHFS 
  5978.841   23.0051     1.858    -4.071                                 KURHFS 
  5978.859   23.0051     1.858    -2.590                                 KURHFS 
  5978.859   23.0051     1.858    -2.971                                 KURHFS 
  5978.859   23.0051     1.858    -4.043                                 KURHFS 
  5978.869      74.0     3.494     -0.48                                        
  5978.880      59.0     1.082     -0.21                                        
  5978.882   23.0051     1.858    -2.478                                 KURHFS 
  5978.882   23.0051     1.858    -2.935                                 KURHFS 
  5978.882   23.0051     1.858    -4.123                                 KURHFS 
  5978.892      26.0     4.984     -2.04                                        
  5978.897      23.0     2.676     -4.18                                        
  5978.908   23.0051     1.858    -2.374                                 KURHFS 
  5978.908   23.0051     1.858    -2.951                                 KURHFS 
  5978.908   23.0051     1.858    -4.315                                 KURHFS 
  5978.924 607.01214     1.947    -3.366               7.724          0600Pa0925
  5978.940   23.0051     1.858    -2.278                                 KURHFS 
  5978.940   23.0051     1.858    -3.033                                 KURHFS 
  5978.940   23.0051     1.858    -4.704                                 KURHFS 
  5978.973 607.01214     3.038    -3.258               7.724          2113Rc0035
  5978.974 607.01314     0.786    -4.620               7.724          0500Pd0595
  5978.975   23.0051     1.858    -2.188                                 KURHFS 
  5978.975   23.0051     1.858    -3.251                                 KURHFS 
  5978.983 607.01314     1.491    -3.118               7.724          1206Pc0145
  5979.001 607.01214     3.038    -2.898               7.724          2113Qa0045
  5979.016   23.0051     1.858    -2.104                                 KURHFS 
  5979.016 607.01214     2.532    -3.193               7.724          1710Rd0265
  5979.031      26.0     4.577     -2.70                                        
  5979.098 607.01214     0.766    -4.383               7.724          0500Qc0565
  5979.142 607.01214     3.049    -2.999               7.724          2113Pb0075
  5979.234      24.1     6.277     -2.88                                        
  5979.240      24.0     4.204     -4.00                                        
  5979.246 607.01214     0.766    -3.064               7.724          0500Pa0575
  5979.262      24.1     4.069     -5.96                                        
  5979.269      23.0     4.108     -2.46                                        
  5979.305 607.01314     0.624    -3.376               7.724          0702Rc0235
  5979.319 607.01314     0.545    -3.476               7.724          0702Pc0145
  5979.343      20.0     5.177     -1.35                                        
  5979.365 607.01314     0.625    -2.171               7.724          0702Qa0245
  5979.366      58.0     0.159     -1.26                                        
  5979.387      62.0     0.185     -1.66                                        
  5979.415      22.0     3.901     -1.97                                        
  5979.455      23.0     1.802     -4.43                                        
  5979.477 112.00124     0.508    -2.734               1.340           13R100b24
  5979.485 112.00124     0.512    -2.472               1.340           13Q202b24
  5979.505 112.00124     0.512    -4.310               1.340           13P102b24
  5979.541 112.00124     0.998    -3.758               1.340           13P228b24
  5979.544 607.01214     0.730    -2.584               7.724          0601Pb0445
  5979.564 106.00113     1.589    -5.531               3.464            AX03R205
  5979.609 607.01214     0.775    -2.033               7.724          0702Qb0335
  5979.639 106.00113     2.287    -6.344               3.464            AX36P195
  5979.661      22.0     3.145     -2.09                                        
  5979.664 607.01214     0.689    -3.202               7.724          0702Qc0275
  5979.670      20.0     5.979     -5.27                                        
  5979.687      26.0     5.269     -2.20                                        
  5979.696 607.01214     0.775    -3.512               7.724          0702Pd0345
  5979.730 607.01214     2.411    -2.267               7.724          1710Qa0115
  5979.734 112.00124     0.434    -2.326               1.340           02R211b24
  5979.736 607.01214     0.689    -2.451               7.724          0702Pa0285
  5979.740 607.01214     2.411    -2.996               7.724          1710Rc0105
  5979.776 106.00113     1.589    -7.431               3.464            AX03Q205
  5979.792 607.01214     2.395    -2.932               7.724          1710Pa0075
  5979.793 607.01214     2.395    -2.875               7.724          1710Qc0065
  5979.813 607.01214     3.040    -3.226               7.724          2113Rc0045
  5979.827 106.00113     1.589    -5.537               3.464            AX03R195
  5979.828 607.01214     3.061    -2.466               7.724          2113Qb0105
  5979.829 112.00124     0.434    -4.284               1.340           02Q111b24
  5979.829 607.01214     2.448    -2.299               7.724          1710Ra0175
  5979.845 607.01214     2.411    -2.661               7.724          1710Pb0105
  5979.848 607.01214     3.040    -2.799               7.724          2113Qa0055
  5979.863      20.0     5.979     -4.84                                        
  5979.901 607.01214     3.061    -3.190               7.724          2113Pd0115
  5979.905 607.01214     2.372    -3.206               7.724          1609Pc0305
  5979.941 112.00124     0.516    -4.202               1.340           13R203b24
  5979.970 112.00124     0.516    -2.057               1.340           13Q103b24
  5980.003 607.01214     2.390    -3.528               7.724          1710Pc0045
  5980.037 607.01314     0.724    -2.320               7.724          0702Rb0315
  5980.071 607.01314     2.321    -2.075               7.724          1609Pb0305
  5980.104 607.01214     1.925    -3.785               7.724          0903Rc0715
  5980.116 607.01314     0.725    -3.202               7.724          0702Qd0325
  5980.282 607.01214     1.925    -1.757               7.724          0903Qa0725
  5980.357 607.01214     1.771    -3.548               7.724          0903Qc0665
  5980.384 607.01314     0.711    -2.313               7.724          0702Ra0315
  5980.385 607.01214     3.035    -3.523               7.724          2113Qc0015
  5980.391 607.01214     0.878    -2.210               7.724          0702Ra0405
  5980.401 607.01214     3.035    -4.014               7.724          2113Pa0025
  5980.405 112.00124     0.434    -2.298               1.340           02R111b24
  5980.453      63.0     2.399     -0.45                                        
  5980.477 607.01314     0.576    -3.109               7.724          0702Qc0185
  5980.483 607.01214     0.632    -4.030               7.724          0601Pc0395
  5980.491 607.01214     3.066    -2.609               7.724          2113Ra0125
  5980.506 106.00113     2.288    -4.198               3.464            AX36Q185
  5980.523 607.01214     1.771    -2.131               7.724          0903Pa0675
  5980.524 607.01314     0.576    -2.640               7.724          0702Pa0195
  5980.532      24.0     4.851     -3.46                                        
  5980.585 106.00112     1.335    -8.329               3.464            AX03R155
  5980.590 112.00124     0.659    -1.723               1.340           13P215b24
  5980.604      25.1     6.663     -3.39                                        
  5980.677 106.00113     2.287    -4.224               3.464            AX36Q195
  5980.704 607.01214     1.113    -2.898               7.724          0500Rb0685
  5980.708      22.0     3.111     -1.84                                        
  5980.767   23.0051     1.194    -3.515                                 LAWLER 
  5980.768   23.0051     1.194    -3.214                                 LAWLER 
  5980.768   23.0051     1.194    -3.214                                 LAWLER 
  5980.773   23.0051     1.194    -3.076                                 LAWLER 
  5980.774   23.0051     1.194    -3.050                                 LAWLER 
  5980.774   23.0051     1.194    -3.390                                 LAWLER 
  5980.781   23.0051     1.194    -2.793                                 LAWLER 
  5980.782   23.0051     1.194    -3.042                                 LAWLER 
  5980.782   23.0051     1.194    -3.640                                 LAWLER 
  5980.790 607.01214     0.702    -2.441               7.724          0702Pb0285
  5980.791   23.0051     1.194    -2.577                                 LAWLER 
  5980.792   23.0051     1.194    -3.203                                 LAWLER 
  5980.793   23.0051     1.194    -4.068                                 LAWLER 
  5980.825      22.0     1.066     -2.93                                 LAWLER 
  5980.883 607.01214     1.113    -4.405               7.724          0500Qd0695
  5980.913 607.01214     3.043    -3.201               7.724          2113Rc0055
  5980.954 607.01214     3.043    -2.716               7.724          2113Qa0065
  5980.961      21.0     4.581     -2.10                                        
  5980.961      21.0     4.581     -2.70                                        
