a line list in the range:    5299.00   5312.00
  5299.003 112.00124     0.964    -0.549               1.340           12R231b24
  5299.019 607.01314     1.913    -2.698               7.724          1608Ra0095
  5299.044      25.0     5.380     -1.70                                        
  5299.068      24.0     4.444     -1.94                                        
  5299.068 106.00112     1.382    -3.921               3.464            AX13R155
  5299.111 106.00112     1.382    -5.801               3.464            AX13Q165
  5299.113 607.01214     1.267    -3.307               7.724          1205Rc0115
  5299.137 607.01214     1.267    -2.515               7.724          1205Qa0125
  5299.158      58.0     0.670     -0.70                                        
  5299.168 112.00124     0.964    -3.287               1.340           12Q131b24
  5299.188 106.00112     1.569    -3.725               3.464            AX24R135
  5299.195 106.00112     1.569    -3.706               3.464            AX24R145
  5299.198      62.0     0.101     -2.24                                        
  5299.221 607.01214     2.700    -2.893               7.724          2011Qd0215
  5299.247 607.01314     1.906    -3.056               7.724          1608Pb0065
  5299.270 106.00112     1.569    -5.513               3.464            AX24Q145
  5299.294      24.0     4.452     -1.75                                        
  5299.316 607.01214     0.382    -3.789               7.724          0600Pb0395
  5299.361 607.01214     2.700    -2.328               7.724          2011Rb0205
  5299.405 112.00124     0.964    -0.536               1.340           12R131b24
  5299.451 607.01314     2.580    -3.196               7.724          2011Rd0115
  5299.514 607.01314     2.554    -3.628               7.724          2011Rd0015
  5299.535 607.01314     1.895    -3.236               7.724          1608Ra0015
  5299.535 607.01314     1.918    -2.493               7.724          1608Qb0095
  5299.541 607.01314     0.288    -3.585               7.724          0701Rb0125
  5299.555 607.01314     1.918    -3.179               7.724          1608Pd0105
  5299.567 607.01314     0.288    -3.901               7.724          0701Qd0135
  5299.586 607.01314     1.945    -2.536               7.724          1608Rb0145
  5299.591 607.01214     2.052    -2.055               7.724          1608Qb0225
  5299.604 607.01314     0.370    -4.296               7.724          0701Rd0235
  5299.612 607.01314     1.945    -2.885               7.724          1608Qd0155
  5299.631 607.01214     2.052    -3.218               7.724          1608Pd0235
  5299.644 607.01214     1.249    -3.155               7.724          1205Qc0075
  5299.660 607.01214     1.249    -3.146               7.724          1205Pa0085
  5299.682 607.01314     0.252    -4.368               7.724          0701Pb0035
  5299.758   23.0051     2.245    -5.715                                 KURHFS 
  5299.758   23.0051     2.245    -5.736                                 KURHFS 
  5299.758   23.0051     2.245    -5.861                                 KURHFS 
  5299.762   23.0051     2.245    -5.394                                 KURHFS 
  5299.762   23.0051     2.245    -5.715                                 KURHFS 
  5299.762   23.0051     2.245    -6.192                                 KURHFS 
  5299.807 607.01314     1.918    -2.655               7.724          1608Ra0105
  5299.850      72.1     1.601     -2.31                              Lawler07  
  5299.868 112.00124     0.769    -2.929               1.340           23R120b24
  5299.880   23.0051     2.246    -4.786                                 KURHFS 
  5299.880   23.0051     2.246    -4.786                                 KURHFS 
  5299.880   23.0051     2.246    -5.087                                 KURHFS 
  5299.897   23.0051     2.246    -4.622                                 KURHFS 
  5299.897   23.0051     2.246    -4.648                                 KURHFS 
  5299.897   23.0051     2.246    -4.962                                 KURHFS 
  5299.919   23.0051     2.246    -4.365                                 KURHFS 
  5299.919   23.0051     2.246    -4.614                                 KURHFS 
  5299.919   23.0051     2.246    -5.212                                 KURHFS 
  5299.947   23.0051     2.246    -4.149                                 KURHFS 
  5299.947   23.0051     2.246    -4.775                                 KURHFS 
  5299.947   23.0051     2.246    -5.640                                 KURHFS 
  5299.950      24.0     3.123     -5.43                                        
  5299.961 607.01214     2.622    -3.343               7.724          2011Pc0085
  5299.964 607.01314     2.000    -3.267               7.724          1608Rd0225
  5299.973       6.0     8.641     -2.55                                        
  5299.979 106.00113     1.135    -6.516               3.464            AX13R105
  5300.010      22.0     1.052     -2.30                                 LAWLER 
  5300.081 607.01214     2.668    -3.124               7.724          2011Pd0175
  5300.113 607.01214     0.616    -3.592               7.724          0600Rb0505
  5300.125       6.0     8.531     -2.99                                        
  5300.132 607.01214     2.668    -2.170               7.724          2011Qb0165
  5300.200      69.0     1.931     -0.65                                        
  5300.213 106.00113     2.227    -3.094               3.464            AX24Q265
  5300.217 607.01214     0.616    -4.867               7.724          0600Qd0515
  5300.298 607.01314     0.260    -3.665               7.724          0701Qb0065
  5300.300      66.1     0.540     -2.47                              Wickliff00
  5300.301 607.01214     2.654    -2.203               7.724          2011Qa0155
  5300.313 607.01314     0.260    -4.240               7.724          0701Pd0075
  5300.322 106.00113     2.227    -5.897               3.464            AX24R255
  5300.323 607.01214     2.654    -3.090               7.724          2011Rc0145
  5300.365      26.0     4.952     -1.94                                        
  5300.390 607.01314     2.585    -3.192               7.724          2011Rd0125
  5300.403      26.0     4.590     -1.75                                        
  5300.408 607.01214     1.242    -3.732               7.724          1205Pc0055
  5300.424 607.01214     0.360    -3.431               7.724          0701Pb0205
  5300.451 607.01314     2.553    -3.858               7.724          2011Rd0005
  5300.463 607.01214     1.336    -2.525               7.724          1205Rb0205
  5300.465 607.01314     1.895    -3.335               7.724          1608Ra0005
  5300.467 607.01214     1.985    -3.301               7.724          1608Pc0145
  5300.476 106.00113     2.227    -5.618               3.464            AX24P265
  5300.489 607.01214     1.413    -3.519               7.724          1205Rd0285
  5300.504 607.01214     1.336    -3.113               7.724          1205Qd0215
  5300.525 607.01214     2.007    -2.928               7.724          1608Qc0175
  5300.541 607.01214     0.316    -4.333               7.724          0701Pc0155
  5300.550       6.0     8.641     -4.19                                        
  5300.552 607.01214     2.007    -2.512               7.724          1608Pa0185
  5300.584 106.00113     2.227    -3.120               3.464            AX24Q255
  5300.594      23.0     2.614     -1.50                               LAWNOHFS 
  5300.668 607.01214     2.042    -3.181               7.724          1608Rc0215
  5300.703 607.01314     0.236    -4.708               7.724          0600Qc0315
  5300.706 607.01214     2.042    -2.057               7.724          1608Qa0225
  5300.710 607.01214     1.317    -2.534               7.724          1205Ra0195
  5300.714 607.01214     2.647    -2.617               7.724          2011Pb0135
  5300.720 607.01214     0.613    -4.437               7.724          0701Rd0395
  5300.745      24.0     0.982     -2.00                                 SOBECK 
  5300.746      24.0     3.889     -1.66                                        
  5300.767 106.00113     1.915    -5.834               3.464            AX46R095
  5300.767 607.01314     0.236    -3.869               7.724          0600Pa0325
  5300.784 607.01314     1.922    -2.615               7.724          1608Ra0115
  5300.865      26.0     4.590     -2.81                                        
  5300.870       6.0     8.634     -2.76                                        
  5300.922      26.1     6.719     -2.58                                        
  5300.943      70.1     4.648     -0.80                                        
  5300.950 607.01214     2.108    -2.229               7.724          1608Rb0275
  5300.957      25.0     5.334     -3.76                                        
  5300.963 607.01214     0.483    -3.140               7.724          0701Ra0315
  5300.965 106.00113     1.136    -6.483               3.464            AX13R105
  5300.976   27.0059     2.135    -3.552                                 KURHFS 
  5300.984   27.0059     2.135    -3.267                                 KURHFS 
  5300.984   27.0059     2.135    -3.522                                 KURHFS 
  5300.998 607.01214     2.108    -2.983               7.724          1608Qd0285
  5301.000   27.0059     2.135    -3.079                                 KURHFS 
  5301.000   27.0059     2.135    -3.522                                 KURHFS 
  5301.000   27.0059     2.135    -3.573                                 KURHFS 
  5301.004 607.01214     1.267    -2.908               7.724          1205Pb0115
  5301.007 607.01314     0.294    -3.547               7.724          0701Rb0135
  5301.008   27.0059     1.709    -3.245                                 LAWHFS 
  5301.013      78.0     4.557      0.75                                        
  5301.017   27.0059     1.709    -2.546                                 LAWHFS 
  5301.019   27.0059     1.709    -3.396                                 KURHFS 
  5301.019   27.0059     1.709    -3.651                                 KURHFS 
  5301.023   27.0059     1.709    -3.197                                 KURHFS 
  5301.023   27.0059     1.709    -3.396                                 KURHFS 
  5301.023   27.0059     1.709    -5.304                                 KURHFS 
  5301.024   27.0059     2.135    -2.988                                 KURHFS 
  5301.024   27.0059     2.135    -3.134                                 KURHFS 
  5301.024   27.0059     2.135    -3.698                                 KURHFS 
  5301.026   27.0059     1.709    -3.064                                 LAWHFS 
  5301.028   27.0059     1.709    -3.133                                 KURHFS 
  5301.028   27.0059     1.709    -3.197                                 KURHFS 
  5301.028   27.0059     1.709    -4.061                                 KURHFS 
  5301.034   27.0059     1.709    -2.838                                 LAWHFS 
  5301.035   27.0059     1.709    -3.133                                 KURHFS 
  5301.035   27.0059     1.709    -3.164                                 KURHFS 
  5301.035   27.0059     1.709    -3.344                                 KURHFS 
  5301.035 607.01314     0.294    -3.901               7.724          0701Qd0145
  5301.041   27.0059     1.709    -3.033                                 LAWHFS 
  5301.043   27.0059     1.709    -3.245                                 LAWHFS 
  5301.044   27.0059     1.709    -2.938                                 KURHFS 
  5301.044   27.0059     1.709    -3.164                                 KURHFS 
  5301.044   27.0059     1.709    -3.345                                 KURHFS 
  5301.048   27.0059     1.709    -3.244                                 LAWHFS 
  5301.052   27.0059     1.709    -3.097                                 LAWHFS 
  5301.053   27.0059     1.709    -2.646                                 KURHFS 
  5301.053   27.0059     1.709    -3.345                                 KURHFS 
  5301.056   27.0059     1.709    -3.064                                 LAWHFS 
  5301.056   27.0059     2.135    -2.879                                 KURHFS 
  5301.056   27.0059     2.135    -2.966                                 KURHFS 
  5301.056   27.0059     2.135    -3.920                                 KURHFS 
  5301.058   27.0059     1.709    -3.961                                 LAWHFS 
  5301.062   27.0059     1.709    -3.296                                 LAWHFS 
  5301.065   27.0059     1.709    -3.033                                 LAWHFS 
  5301.065   27.0059     1.709    -5.201                                 LAWHFS 
  5301.070   27.0059     1.709    -3.551                                 LAWHFS 
  5301.071   27.0059     1.709    -3.097                                 LAWHFS 
  5301.073      23.0     1.710     -2.69                                        
  5301.074   27.0059     1.709    -3.296                                 LAWHFS 
  5301.095   27.0059     2.135    -2.681                                 KURHFS 
  5301.095   27.0059     2.135    -3.020                                 KURHFS 
  5301.095   27.0059     2.135    -4.330                                 KURHFS 
  5301.127 607.01214     2.096    -2.219               7.724          1608Ra0275
  5301.142   27.0059     2.135    -2.517                                 KURHFS 
  5301.142   27.0059     2.135    -3.216                                 KURHFS 
  5301.182 607.01214     2.691    -2.314               7.724          2011Ra0205
  5301.188 607.01214     1.273    -3.308               7.724          1205Rc0125
  5301.197   27.0059     2.135    -2.376                                 KURHFS 
  5301.213 607.01214     1.273    -2.475               7.724          1205Qa0135
  5301.253 607.01314     2.554    -3.454               7.724          2011Rb0015
  5301.257 607.01314     2.554    -3.186               7.724          2011Qd0025
  5301.261      67.0     0.000     -1.59                                        
  5301.287 106.00112     2.234    -3.094               3.464            AX24Q265
  5301.306 607.01314     2.554    -3.727               7.724          2011Rb0005
  5301.308 607.01314     2.554    -3.318               7.724          2011Qd0015
  5301.313      26.0     4.383     -2.75                                        
  5301.357 106.00112     2.399    -6.512               3.464            AX56P205
  5301.370 607.01314     2.556    -3.282               7.724          2011Rb0025
  5301.375 607.01314     2.556    -3.093               7.724          2011Qd0035
  5301.379 106.00112     2.234    -5.897               3.464            AX24R255
  5301.402 607.01314     1.895    -3.411               7.724          1608Qa0015
  5301.403 607.01314     1.895    -3.380               7.724          1608Rc0005
  5301.405      90.1     1.747     -1.38                                        
  5301.416 607.01314     1.896    -3.325               7.724          1608Rc0015
  5301.417 607.01214     0.482    -5.068               7.724          0600Rc0445
  5301.422 607.01314     1.896    -3.158               7.724          1608Qa0025
  5301.431 106.00112     2.234    -5.618               3.464            AX24P265
  5301.445   23.0051     2.246    -4.982                                 KURHFS 
  5301.445   23.0051     2.246    -5.158                                 KURHFS 
  5301.446      27.0     4.471     -4.11                                        
  5301.461 106.00113     1.916    -5.805               3.464            AX46R095
  5301.462   23.0051     2.246    -4.857                                 KURHFS 
  5301.462   23.0051     2.246    -4.982                                 KURHFS 
  5301.484   23.0051     2.246    -4.857                                 KURHFS 
  5301.484   23.0051     2.246    -4.971                                 KURHFS 
  5301.484   23.0051     2.246    -5.176                                 KURHFS 
  5301.500 607.01214     0.497    -3.144               7.724          0701Rb0315
  5301.504 607.01314     2.590    -3.189               7.724          2011Rd0135
  5301.510 607.01214     0.482    -3.382               7.724          0600Qa0455
  5301.511      25.1     6.124     -4.80                                        
  5301.512   23.0051     2.246    -4.560                                 KURHFS 
  5301.512   23.0051     2.246    -4.971                                 KURHFS 
  5301.523 106.00112     2.234    -3.120               3.464            AX24Q255
  5301.528 607.01314     2.553    -3.489               7.724          2011Qd0005
  5301.566 607.01214     0.497    -4.087               7.724          0701Qd0325
  5301.584      66.0     0.000     -1.14                                        
  5301.588   23.0051     1.929    -5.697                                 KURHFS 
  5301.601   23.0051     1.929    -5.697                                 KURHFS 
  5301.601   23.0051     1.929    -5.873                                 KURHFS 
  5301.620   23.0051     1.929    -5.533                                 KURHFS 
  5301.620   23.0051     1.929    -5.998                                 KURHFS 
  5301.620   23.0051     1.929    -6.123                                 KURHFS 
  5301.622 607.01314     1.897    -3.275               7.724          1608Rc0025
  5301.628 607.01314     1.897    -2.997               7.724          1608Qa0035
  5301.646   23.0051     1.929    -5.525                                 KURHFS 
  5301.646   23.0051     1.929    -5.559                                 KURHFS 
  5301.646   23.0051     1.929    -6.551                                 KURHFS 
  5301.653 607.01314     0.254    -4.236               7.724          0701Pb0045
  5301.657 607.01314     1.922    -2.442               7.724          1608Qb0105
  5301.657 607.01314     2.557    -3.153               7.724          2011Rb0035
  5301.664 607.01314     2.557    -3.025               7.724          2011Qd0045
  5301.673      64.0     0.927     -0.09                                        
  5301.675 607.01314     1.910    -2.979               7.724          1608Pb0075
  5301.676 607.01314     1.922    -3.168               7.724          1608Pd0115
  5301.678   23.0051     1.929    -5.276                                 KURHFS 
  5301.678   23.0051     1.929    -5.686                                 KURHFS 
  5301.693 607.01314     0.381    -4.303               7.724          0701Rd0245
  5301.716   23.0051     1.929    -5.060                                 KURHFS 
  5301.738 106.00113     1.364    -6.133               3.464            AX24R085
  5301.746 607.01314     1.951    -2.503               7.724          1608Rb0155
  5301.774 607.01314     1.951    -2.887               7.724          1608Qd0165
  5301.791 607.01214     0.416    -2.984               7.724          0701Qb0255
  5301.795 607.01314     0.264    -3.593               7.724          0701Qb0075
  5301.797 607.01214     1.253    -3.134               7.724          1205Qc0085
  5301.810 607.01214     1.293    -2.401               7.724          1205Qb0155
  5301.812 607.01314     0.264    -4.216               7.724          0701Pd0085
  5301.813 607.01214     2.636    -2.872               7.724          2011Qc0115
  5301.815 607.01214     1.253    -3.073               7.724          1205Pa0095
  5301.817      20.0     5.386     -3.45                                        
  5301.819 607.01214     2.636    -2.701               7.724          2011Pa0125
  5301.837 106.00112     2.518    -9.048               3.464            AX03R335
  5301.841 607.01214     1.293    -3.354               7.724          1205Pd0165
  5301.845 607.01214     0.416    -4.269               7.724          0701Pd0265
  5301.846   57.1139     0.403    -2.387                              Lawle01HFS
  5301.858   57.1139     0.403    -2.484                              Lawle01HFS
  5301.861   57.1139     0.403    -2.308                              Lawle01HFS
  5301.863      26.0     4.909     -4.32                                        
  5301.879   57.1139     0.403    -2.630                              Lawle01HFS
  5301.883   57.1139     0.403    -2.125                              Lawle01HFS
  5301.886   57.1139     0.403    -2.609                              Lawle01HFS
  5301.907 607.01314     1.918    -3.118               7.724          1507Qc0335
  5301.908   57.1139     0.403    -2.864                              Lawle01HFS
  5301.913   57.1139     0.403    -2.066                              Lawle01HFS
  5301.918   57.1139     0.403    -2.191                              Lawle01HFS
  5301.932   21.0045     0.000    -3.678                                 KURHFS 
  5301.932   21.0045     0.000    -3.854                                 KURHFS 
  5301.940   21.0045     0.000    -3.553                                 KURHFS 
  5301.940   21.0045     0.000    -3.678                                 KURHFS 
  5301.946   57.1139     0.403    -3.282                              Lawle01HFS
  5301.949 607.01314     1.927    -2.578               7.724          1608Ra0125
  5301.950   21.0045     0.000    -3.553                                 KURHFS 
  5301.950   21.0045     0.000    -3.667                                 KURHFS 
  5301.950   21.0045     0.000    -3.872                                 KURHFS 
  5301.953   57.1139     0.403    -2.100                              Lawle01HFS
  5301.958   57.1139     0.403    -1.920                              Lawle01HFS
  5301.963   21.0045     0.000    -3.256                                 KURHFS 
  5301.963   21.0045     0.000    -3.667                                 KURHFS 
  5301.966 607.01314     1.918    -2.281               7.724          1507Pa0345
  5301.967      40.0     2.199     -0.30                                        
  5301.967 607.01314     0.182    -5.038               7.724          0600Pc0275
  5301.982 607.01314     2.514    -3.334               7.724          1910Pc0285
  5301.993 607.01314     1.102    -3.669               7.724          1104Pc0235
  5302.002   57.1139     0.403    -2.282                              Lawle01HFS
  5302.004 607.01214     0.350    -3.965               7.724          0701Qc0195
  5302.008   57.1139     0.403    -1.713                              Lawle01HFS
  5302.021 607.01314     1.899    -3.233               7.724          1608Rc0035
  5302.028 607.01314     1.899    -2.875               7.724          1608Qa0045
  5302.045 607.01214     0.350    -3.449               7.724          0701Pa0205
  5302.067   57.1139     0.403    -1.542                              Lawle01HFS
  5302.116 607.01314     2.559    -3.049               7.724          2011Rb0045
  5302.124 607.01314     2.559    -2.974               7.724          2011Qd0055
  5302.127   23.0051     2.276    -3.730                                 KURHFS 
  5302.128   23.0051     2.276    -3.445                                 KURHFS 
  5302.128   23.0051     2.276    -3.700                                 KURHFS 
  5302.129   23.0051     2.276    -3.257                                 KURHFS 
  5302.129   23.0051     2.276    -3.700                                 KURHFS 
  5302.129   23.0051     2.276    -3.751                                 KURHFS 
  5302.131   23.0051     2.276    -3.166                                 KURHFS 
  5302.131   23.0051     2.276    -3.312                                 KURHFS 
  5302.131   23.0051     2.276    -3.876                                 KURHFS 
  5302.134   23.0051     2.276    -3.057                                 KURHFS 
  5302.134   23.0051     2.276    -3.144                                 KURHFS 
  5302.134   23.0051     2.276    -4.098                                 KURHFS 
  5302.138   23.0051     2.276    -2.859                                 KURHFS 
  5302.138   23.0051     2.276    -3.198                                 KURHFS 
  5302.138   23.0051     2.276    -4.508                                 KURHFS 
  5302.142   23.0051     2.276    -2.695                                 KURHFS 
  5302.142   23.0051     2.276    -3.394                                 KURHFS 
  5302.147       6.0     8.531     -4.32                                        
  5302.147   23.0051     2.276    -2.554                                 KURHFS 
  5302.160      26.0     4.952     -4.11                                        
  5302.280      60.1     1.411     -0.14                              DenHarto03
  5302.298      26.0     4.909     -3.45                                        
  5302.303      26.0     3.283     -0.73                              DenHarto14
  5302.303      68.1     2.477     -0.15                                        
  5302.310      27.0     4.471     -3.75                                        
  5302.342 106.00113     1.365    -6.106               3.464            AX24R085
  5302.361       6.0     8.634     -2.58                                        
  5302.380      23.0     3.096     -1.91                                        
  5302.403 607.01214     0.404    -4.248               7.724          0701Rc0245
  5302.411      24.0     3.373     -2.04                                        
  5302.454 607.01214     0.404    -2.982               7.724          0701Qa0255
  5302.473 607.01314     2.554    -3.489               7.724          2011Qb0005
  5302.476 607.01314     2.554    -3.790               7.724          2011Pd0015
  5302.509 607.01314     0.251    -3.863               7.724          0600Pb0325
  5302.527      20.0     5.295     -4.33                                        
  5302.538 607.01314     2.009    -3.274               7.724          1608Rd0235
  5302.577      22.0     3.715     -1.89                                        
  5302.580      76.0     2.405     -1.94                                        
  5302.582      57.1     2.056     -0.52                                        
  5302.598      60.0     1.050     -0.01                                        
  5302.614 607.01314     1.901    -3.201               7.724          1608Rc0045
  5302.619 607.01314     0.301    -3.511               7.724          0701Rb0145
  5302.620 607.01314     1.901    -2.776               7.724          1608Qa0055
  5302.631 106.00112     1.139    -6.516               3.464            AX13R105
  5302.649 607.01314     0.301    -3.902               7.724          0701Qd0155
  5302.662 607.01214     0.382    -4.819               7.724          0600Qc0395
  5302.690      20.0     5.022     -2.42                                        
  5302.716      42.0     2.494     -2.69                                        
  5302.744 607.01214     0.382    -3.781               7.724          0600Pa0405
  5302.745 607.01314     2.562    -2.962               7.724          2011Rb0055
  5302.755 607.01314     2.562    -2.935               7.724          2011Qd0065
  5302.757      64.0     0.812     -0.31                                        
  5302.794 607.01314     2.596    -3.189               7.724          2011Rd0145
  5302.825 607.01214     2.709    -2.903               7.724          2011Qd0225
  5302.840 607.01214     0.616    -3.578               7.724          0600Ra0515
  5302.870       6.0     8.641     -1.84                                        
  5302.909      24.0     2.980     -8.06                                        
  5302.919      24.0     4.446     -2.69                                        
  5302.985 106.00112     1.509    -6.206               3.464            BX02P225
  5302.992 607.01214     2.024    -2.464               7.724          1608Pb0195
  5302.994 607.01214     2.709    -2.305               7.724          2011Rb0215
  5303.000 607.01214     1.245    -3.659               7.724          1205Pc0065
  5303.009      20.0     5.296     -3.16                                        
  5303.024       6.0     8.634     -3.28                                        
  5303.036       6.0     8.531     -3.96                                        
  5303.049      27.1     3.403     -5.21                                        
  5303.049      90.1     1.598     -1.99                                        
  5303.114      38.1     6.909     -0.49                                        
  5303.199 607.01314     2.554    -3.253               7.724          2011Qb0015
  5303.200      60.1     0.380     -1.43                              DenHarto03
  5303.202 607.01314     2.554    -3.558               7.724          2011Pd0025
  5303.207 607.01214     2.626    -3.312               7.724          2011Pc0095
  5303.242 607.01214     1.326    -2.510               7.724          1205Ra0205
  5303.252 106.00113     2.158    -5.873               3.464            AX24R245
  5303.255      23.1     2.274     -1.94                                        
  5303.282 607.01214     2.660    -2.171               7.724          2011Qa0165
  5303.296 607.01314     1.896    -3.501               7.724          1608Qc0015
  5303.296 607.01314     1.896    -3.993               7.724          1608Pa0025
  5303.296 607.01314     1.933    -2.543               7.724          1608Ra0135
  5303.300      62.0     1.741      0.22                                        
  5303.318      58.0     0.206     -1.34                                        
  5303.318 607.01214     2.660    -3.095               7.724          2011Rc0155
  5303.321      58.0     0.274     -0.96                                        
  5303.324 106.00113     2.158    -3.120               3.464            AX24Q255
  5303.398 607.01314     1.903    -3.176               7.724          1608Rc0055
  5303.407 607.01314     1.903    -2.692               7.724          1608Qa0065
  5303.429 607.01214     1.238    -4.140               7.724          1003Pc0455
  5303.429 607.01314     0.268    -3.530               7.724          0701Qb0085
  5303.430      64.1     1.287     -1.83                              DenHarto06
  5303.431      26.0     4.792     -3.48                                        
  5303.447 607.01314     0.268    -4.198               7.724          0701Pd0095
  5303.448 607.01214     1.279    -3.310               7.724          1205Rc0135
  5303.449 106.00113     2.158    -3.143               3.464            AX24Q245
  5303.476 607.01214     1.279    -2.438               7.724          1205Qa0145
  5303.499      23.0     2.636     -1.71                                        
  5303.512   57.1139     0.321    -1.873                              Lawle01HFS
  5303.512   57.1139     0.321    -2.362                              Lawle01HFS
  5303.513   57.1139     0.321    -3.061                              Lawle01HFS
  5303.521 106.00113     2.158    -5.638               3.464            AX24P255
  5303.527 607.01214     1.345    -2.502               7.724          1205Rb0215
  5303.531   57.1139     0.321    -2.166                              Lawle01HFS
  5303.531   57.1139     0.321    -2.246                              Lawle01HFS
  5303.532   57.1139     0.321    -2.621                              Lawle01HFS
  5303.535      26.0     4.577     -3.45                                        
  5303.545   57.1139     0.321    -2.621                              Lawle01HFS
  5303.546   57.1139     0.321    -2.350                              Lawle01HFS
  5303.546   57.1139     0.321    -2.366                              Lawle01HFS
  5303.549 607.01314     2.564    -2.886               7.724          2011Rb0065
  5303.559 607.01314     2.564    -2.905               7.724          2011Qd0075
  5303.569 607.01214     1.345    -3.119               7.724          1205Qd0225
  5303.587 607.01314     0.260    -3.775               7.724          0701Ra0075
  5303.601 106.00112     1.139    -6.483               3.464            AX13R105
  5303.606 607.01314     0.257    -3.831               7.724          0701Ra0065
  5303.644 607.01314     1.148    -3.339               7.724          1104Qc0275
  5303.697 607.01314     1.148    -2.625               7.724          1104Pa0285
  5303.714 607.01214     2.675    -3.128               7.724          2011Pd0185
  5303.733      23.0     2.676     -6.69                                        
  5303.740 607.01314     0.264    -3.724               7.724          0701Ra0085
  5303.758 607.01314     0.257    -4.129               7.724          0701Pb0055
  5303.784 607.01214     2.675    -2.140               7.724          2011Qb0175
  5303.797 607.01314     0.254    -3.893               7.724          0701Ra0055
  5303.860      63.0     2.058      0.10                                        
  5303.910 607.01214     1.426    -3.526               7.724          1205Rd0295
  5303.927 607.01214     0.792    -5.241               7.724          0600Rd0585
  5303.932      22.0     3.675     -4.13                                        
  5303.936 607.01314     0.392    -4.310               7.724          0701Rd0255
  5303.938 607.01314     1.927    -2.394               7.724          1608Qb0115
  5303.960 607.01314     1.927    -3.160               7.724          1608Pd0125
  5303.976   23.0051     1.944    -5.216                                 KURHFS 
  5303.982   23.0051     1.944    -5.216                                 KURHFS 
  5303.982   23.0051     1.944    -5.392                                 KURHFS 
  5303.991   23.0051     1.944    -5.052                                 KURHFS 
  5303.991   23.0051     1.944    -5.517                                 KURHFS 
  5303.991   23.0051     1.944    -5.642                                 KURHFS 
  5304.002   23.0051     1.944    -5.044                                 KURHFS 
  5304.002   23.0051     1.944    -5.078                                 KURHFS 
  5304.002   23.0051     1.944    -6.070                                 KURHFS 
  5304.003      57.0     0.928     -0.91                                        
  5304.017   23.0051     1.944    -4.795                                 KURHFS 
  5304.017   23.0051     1.944    -5.205                                 KURHFS 
  5304.034   23.0051     1.944    -4.579                                 KURHFS 
  5304.064 607.01314     0.268    -3.676               7.724          0701Ra0095
  5304.075 607.01314     1.958    -2.472               7.724          1608Rb0165
  5304.089 607.01214     2.063    -2.034               7.724          1608Qb0235
  5304.092 607.01314     2.556    -3.070               7.724          2011Qb0025
  5304.097 607.01314     2.556    -3.427               7.724          2011Pd0035
  5304.104 607.01314     1.958    -2.890               7.724          1608Qd0175
  5304.131 607.01214     2.063    -3.225               7.724          1608Pd0245
  5304.143 607.01214     1.257    -3.119               7.724          1205Qc0095
  5304.163 607.01214     1.257    -3.009               7.724          1205Pa0105
  5304.163 607.01314     0.252    -3.962               7.724          0701Ra0045
  5304.180      24.0     3.461     -0.67                                 SOBECK 
  5304.197      25.0     4.270     -3.85                                        
  5304.211      74.1     2.905     -1.86                                        
  5304.244      26.1     5.906     -3.27                                        
  5304.256 607.01314     1.897    -3.292               7.724          1608Qc0025
  5304.256 607.01314     1.897    -3.643               7.724          1608Pa0035
  5304.256 607.01314     1.913    -2.910               7.724          1608Pb0085
  5304.261 607.01314     2.602    -3.189               7.724          2011Rd0155
  5304.276 607.01314     2.554    -3.790               7.724          2011Pb0015
  5304.282 607.01214     1.273    -2.862               7.724          1205Pb0125
  5304.303 106.00112     2.165    -5.872               3.464            AX24R245
  5304.313      25.1     6.806     -5.11                                        
  5304.367 106.00112     1.539    -5.919               3.464            BX13R195
  5304.374 607.01314     1.906    -3.156               7.724          1608Rc0065
  5304.376 607.01314     0.308    -3.478               7.724          0701Rb0155
  5304.385 607.01214     2.700    -2.292               7.724          2011Ra0215
  5304.385 607.01314     1.906    -2.620               7.724          1608Qa0075
  5304.392      26.1     6.802     -4.37                                        
  5304.396 106.00112     2.165    -3.120               3.464            AX24Q255
  5304.408      58.1     1.041     -1.88                              Lawler09  
  5304.408 607.01314     0.308    -3.905               7.724          0701Qd0165
  5304.410 106.00112     1.368    -6.132               3.464            AX24R085
  5304.422      71.0     2.531     -0.32                                        
  5304.427 607.01214     1.389    -2.886               7.724          0902Pb0615
  5304.445 106.00112     2.165    -3.143               3.464            AX24Q245
  5304.526 607.01314     2.568    -2.820               7.724          2011Rb0075
  5304.532 607.01314     1.160    -2.616               7.724          1104Pb0285
  5304.537 607.01314     2.568    -2.882               7.724          2011Qd0085
  5304.539 106.00112     2.165    -5.638               3.464            AX24P255
  5304.557 607.01314     0.272    -3.633               7.724          0701Ra0105
  5304.574 607.01214     2.654    -2.578               7.724          2011Pb0145
  5304.623      90.1     1.832     -1.76                                        
  5304.638      24.0     3.886     -2.10                                        
  5304.699 607.01214     2.015    -2.933               7.724          1608Qc0185
  5304.704 607.01314     0.250    -4.038               7.724          0701Ra0035
  5304.717      20.0     5.177     -1.93                                        
  5304.724 607.01314     1.933    -2.275               7.724          1507Pb0345
  5304.730 607.01214     2.015    -2.482               7.724          1608Pa0195
  5304.761      26.0     4.984     -2.47                                        
  5304.811 607.01214     2.052    -3.188               7.724          1608Rc0225
  5304.834 607.01314     1.938    -2.510               7.724          1608Ra0145
  5304.846 607.01214     1.992    -3.297               7.724          1608Pc0155
  5304.850 607.01214     2.052    -2.035               7.724          1608Qa0235
  5304.859      44.0     1.192     -1.73                                        
  5304.883 607.01214     1.301    -2.369               7.724          1205Qb0165
  5304.899 106.00112     1.922    -5.833               3.464            AX46R095
  5304.916 607.01214     1.301    -3.358               7.724          1205Pd0175
  5304.920      64.1     1.133     -2.04                              DenHarto06
  5304.922 607.01214     0.324    -4.335               7.724          0701Pc0165
  5304.929 106.00113     1.789    -3.588               3.464            AX35R125
  5304.941 607.01214     2.642    -2.654               7.724          2011Pa0135
  5304.942 607.01214     2.642    -2.866               7.724          2011Qc0125
  5304.972 607.01214     0.370    -3.406               7.724          0701Pb0215
  5304.976      24.0     3.123     -6.38                                        
  5305.019 106.00112     1.369    -6.106               3.464            AX24R085
  5305.066 106.00113     1.789    -3.561               3.464            AX35R135
  5305.100 106.00113     1.789    -5.354               3.464            AX35Q135
  5305.154 607.01314     2.557    -2.931               7.724          2011Qb0035
  5305.160 607.01314     2.557    -3.340               7.724          2011Pd0045
  5305.174 607.01214     0.497    -3.125               7.724          0701Ra0325
  5305.201 607.01314     0.272    -3.473               7.724          0701Qb0095
  5305.220 607.01314     0.277    -3.592               7.724          0701Ra0115
  5305.221 607.01314     0.272    -4.185               7.724          0701Pd0105
  5305.250 106.00112     1.914    -6.183               3.464            AX13R245
  5305.287 607.01314     2.019    -3.281               7.724          1608Rd0245
  5305.352 106.00112     1.914    -3.352               3.464            AX13Q255
  5305.403 106.00113     1.478    -2.659               3.464            BX13Q175
  5305.403 106.00113     1.478    -6.361               3.464            BX13P185
  5305.410 607.01314     1.899    -3.175               7.724          1608Qc0035
  5305.410 607.01314     1.899    -3.434               7.724          1608Pa0045
  5305.416      26.0     3.632     -3.74                                        
  5305.421 607.01314     0.249    -4.124               7.724          0701Ra0025
  5305.444 607.01214     2.108    -2.203               7.724          1608Ra0285
  5305.448 106.00112     1.914    -3.367               3.464            AX13Q245
  5305.506 607.01214     0.632    -4.444               7.724          0701Rd0405
  5305.519 106.00113     1.478    -2.649               3.464            BX13Q185
  5305.519 106.00113     1.478    -6.273               3.464            BX13R175
  5305.524 607.01214     0.311    -5.150               7.724          0600Pc0355
  5305.528      26.0     2.725     -5.24                                        
  5305.540 106.00112     1.248    -5.879               3.464            BX13P125
  5305.540 607.01314     1.910    -3.141               7.724          1608Rc0075
  5305.550 106.00112     1.914    -5.843               3.464            AX13P255
  5305.554 607.01314     1.910    -2.555               7.724          1608Qa0085
  5305.571 607.01214     2.121    -2.212               7.724          1608Rb0285
  5305.577      90.1     1.166     -1.64                              Nils02/14%
  5305.595 106.00112     1.923    -5.805               3.464            AX46R095
  5305.621 607.01214     2.121    -2.991               7.724          1608Qd0295
  5305.643 106.00113     1.789    -6.640               3.464            AX02R265
  5305.675 607.01314     2.571    -2.761               7.724          2011Rb0085
  5305.689 607.01314     2.571    -2.864               7.724          2011Qd0095
  5305.690 607.01314     1.877    -3.444               7.724          1507Pc0305
  5305.698 106.00113     1.789    -3.692               3.464            AX02Q275
  5305.786 607.01214     1.249    -3.606               7.724          1205Pc0075
  5305.820 106.00113     1.614    -5.895               3.464            AX35R075
  5305.860      69.1     2.604     -0.59                              Wickliff97
  5305.864      24.1     3.827     -1.91                              Lawler17  
  5305.864 106.00113     1.789    -3.707               3.464            AX02Q265
  5305.894 607.01214     1.286    -3.314               7.724          1205Rc0145
  5305.906 607.01314     2.608    -3.191               7.724          2011Rd0165
  5305.919 106.00113     1.789    -6.229               3.464            AX02P275
  5305.923 607.01214     1.286    -2.403               7.724          1205Qa0155
  5305.956 607.01214     1.336    -2.488               7.724          1205Ra0215
  5305.986      22.0     3.303     -3.69                                        
  5305.997 607.01314     0.260    -4.039               7.724          0701Pb0065
  5305.998 112.00124     0.701    -2.922               1.340           12R123b24
  5305.999 607.01214     0.512    -3.129               7.724          0701Rb0325
  5306.017 607.01314     2.556    -3.514               7.724          2011Pb0025
  5306.027 607.01214     0.503    -3.382               7.724          0600Qb0455
  5306.050 607.01314     0.282    -3.555               7.724          0701Ra0125
  5306.067 607.01214     0.512    -4.098               7.724          0701Qd0335
  5306.074 106.00112     1.796    -6.640               3.464            AX02R265
  5306.078 106.00113     1.834    -6.170               3.464            AX13R235
  5306.122 607.01214     0.503    -5.130               7.724          0600Pd0465
  5306.129 607.01314     1.897    -4.127               7.724          1608Pc0025
  5306.140 106.00113     1.834    -3.370               3.464            AX13Q245
  5306.170 106.00112     1.796    -3.692               3.464            AX02Q275
  5306.174 607.01214     0.360    -3.971               7.724          0701Qc0205
  5306.207      23.0     3.222     -4.34                                        
  5306.218 607.01214     0.360    -3.423               7.724          0701Pa0215
  5306.238 607.01214     0.428    -2.965               7.724          0701Qb0265
  5306.245      42.0     2.514     -1.87                              NIST/B+   
  5306.254 106.00113     1.614    -5.871               3.464            AX35R075
  5306.259 106.00113     1.834    -3.385               3.464            AX13Q235
  5306.281 607.01314     0.316    -3.447               7.724          0701Rb0165
  5306.294 607.01214     0.428    -4.277               7.724          0701Pd0275
  5306.315       6.0     8.641     -1.94                                        
  5306.315 607.01314     0.248    -4.220               7.724          0701Ra0015
  5306.315 607.01314     0.316    -3.909               7.724          0701Qd0175
  5306.321 106.00112     1.796    -3.707               3.464            AX02Q265
  5306.322 106.00113     1.834    -5.833               3.464            AX13P245
  5306.333 607.01314     0.404    -4.318               7.724          0701Rd0265
  5306.339      22.0     0.818     -4.91                                        
  5306.385 607.01314     1.933    -2.351               7.724          1608Qb0125
  5306.385 607.01314     2.559    -2.818               7.724          2011Qb0045
  5306.392 607.01314     2.559    -3.277               7.724          2011Pd0055
  5306.399 112.00124     0.935    -0.628               1.340           23R226b24
  5306.408 607.01314     1.933    -3.156               7.724          1608Pd0135
  5306.418 106.00112     1.796    -6.229               3.464            AX02P275
  5306.460      60.1     0.859     -0.97                              DenHarto03
  5306.461 106.00113     1.789    -3.561               3.464            AX35R135
  5306.466 607.01214     2.668    -2.140               7.724          2011Qa0175
  5306.484 106.00113     1.789    -3.588               3.464            AX35R125
  5306.517 607.01214     2.668    -3.100               7.724          2011Rc0165
  5306.539 112.00124     0.936    -2.930               1.340           23Q126b24
  5306.547 607.01214     0.416    -4.258               7.724          0701Rc0255
  5306.555 607.01314     1.945    -2.479               7.724          1608Ra0155
  5306.557 106.00113     1.789    -5.332               3.464            AX35Q135
  5306.574 607.01314     1.966    -2.443               7.724          1608Rb0175
  5306.584 607.01314     0.251    -4.716               7.724          0600Qc0325
  5306.588      28.1     7.247     -2.98                                        
  5306.601 607.01214     0.416    -2.963               7.724          0701Qa0265
  5306.605 607.01314     1.966    -2.893               7.724          1608Qd0185
  5306.606 112.00124     0.936    -0.762               1.340           01R234b24
  5306.612 607.01214     2.719    -2.913               7.724          2011Qd0235
  5306.616      22.0     3.291     -3.97                                        
  5306.650 607.01314     0.251    -3.854               7.724          0600Pa0335
  5306.667 607.01214     2.631    -3.289               7.724          2011Pc0105
  5306.679 607.01214     1.262    -3.108               7.724          1205Qc0105
  5306.700 607.01214     1.262    -2.952               7.724          1205Pa0115
  5306.706      24.1     6.277     -3.88                                        
  5306.711      64.0     0.864     -0.86                                        
  5306.737 607.01214     1.389    -4.231               7.724          0902Qc0615
  5306.754 607.01314     1.901    -3.097               7.724          1608Qc0045
  5306.754 607.01314     1.901    -3.283               7.724          1608Pa0055
  5306.758 106.00112     1.793    -3.588               3.464            AX35R125
  5306.763 607.01214     1.356    -2.480               7.724          1205Rb0225
  5306.790 112.00124     0.936    -3.621               1.340           01Q134b24
  5306.807 607.01214     1.356    -3.126               7.724          1205Qd0235
  5306.813 607.01214     2.719    -2.283               7.724          2011Rb0225
  5306.830       6.0     8.636     -2.29                                        
  5306.860 607.01214     1.389    -2.879               7.724          0902Pa0625
  5306.862 607.01214     0.401    -3.777               7.724          0600Pb0405
  5306.868      24.0     3.009     -3.60                                        
  5306.891 106.00112     1.793    -3.561               3.464            AX35R135
  5306.896 607.01314     1.913    -3.131               7.724          1608Rc0085
  5306.912 607.01314     1.913    -2.497               7.724          1608Qa0095
  5306.950 106.00112     1.793    -5.354               3.464            AX35Q135
  5306.964      26.0     5.096     -1.50                                        
  5307.004 607.01314     1.918    -2.849               7.724          1608Pb0095
  5307.004 607.01314     2.575    -2.707               7.724          2011Rb0095
  5307.016 607.01314     2.575    -2.851               7.724          2011Qd0105
  5307.047 607.01314     0.288    -3.520               7.724          0701Ra0135
  5307.063   27.0059     4.018    -3.787                                 KURHFS 
  5307.063   27.0059     4.018    -4.239                                 KURHFS 
  5307.063   27.0059     4.018    -5.239                                 KURHFS 
  5307.071   27.0059     4.018    -3.669                                 KURHFS 
  5307.071   27.0059     4.018    -4.028                                 KURHFS 
  5307.071   27.0059     4.018    -5.032                                 KURHFS 
  5307.082   27.0059     4.018    -3.551                                 KURHFS 
  5307.082   27.0059     4.018    -3.932                                 KURHFS 
  5307.082   27.0059     4.018    -5.004                                 KURHFS 
  5307.096   27.0059     4.018    -3.439                                 KURHFS 
  5307.096   27.0059     4.018    -3.896                                 KURHFS 
  5307.096   27.0059     4.018    -5.084                                 KURHFS 
  5307.108 112.00124     0.936    -0.751               1.340           01R134b24
  5307.113 607.01314     0.277    -3.421               7.724          0701Qb0105
  5307.114   27.0059     4.018    -3.335                                 KURHFS 
  5307.114   27.0059     4.018    -3.912                                 KURHFS 
  5307.114   27.0059     4.018    -5.276                                 KURHFS 
  5307.116      69.0     0.000     -1.02                                        
  5307.134   27.0059     4.018    -3.239                                 KURHFS 
  5307.134   27.0059     4.018    -3.994                                 KURHFS 
  5307.134   27.0059     4.018    -5.665                                 KURHFS 
  5307.135 607.01314     0.277    -4.176               7.724          0701Pd0115
  5307.159   27.0059     4.018    -3.149                                 KURHFS 
  5307.159   27.0059     4.018    -4.212                                 KURHFS 
  5307.187   27.0059     4.018    -3.065                                 KURHFS 
  5307.216      27.0     4.229     -0.94                                        
  5307.216      27.1     3.865     -6.46                                        
  5307.276      24.0     3.695     -1.17                                        
  5307.308      64.0     0.880     -0.14                                        
  5307.327 112.00124     0.936    -0.593               1.340           23R126b24
  5307.351      25.1     7.047     -2.07                                        
  5307.361      26.0     1.608     -2.99                              NIST/A    
  5307.386 607.01314     0.248    -4.321               7.724          0701Ra0005
  5307.408      27.1     3.405     -4.42                                        
  5307.419 607.01214     1.690    -2.716               7.724          0902Rb0715
  5307.466      90.1     2.052     -1.15                                        
  5307.529   25.0055     3.376    -3.603                                 KURHFS 
  5307.529   25.0055     3.376    -4.080                                 KURHFS 
  5307.535 607.01214     2.683    -3.134               7.724          2011Pd0195
  5307.538   25.0055     3.376    -3.978                                 KURHFS 
  5307.538   25.0055     3.376    -4.080                                 KURHFS 
  5307.538   25.0055     3.376    -4.152                                 KURHFS 
  5307.544   25.0055     3.376    -3.978                                 KURHFS 
  5307.544   25.0055     3.376    -4.110                                 KURHFS 
  5307.544   25.0055     3.376    -5.687                                 KURHFS 
  5307.549   25.0055     3.376    -4.110                                 KURHFS 
  5307.549   25.0055     3.376    -4.478                                 KURHFS 
  5307.562 607.01214     1.690    -4.242               7.724          0902Qd0725
  5307.571      27.0     4.501     -2.23                                        
  5307.598 607.01214     1.534    -2.500               7.724          0902Qb0665
  5307.626 607.01214     2.683    -2.111               7.724          2011Qb0185
  5307.632 607.01314     1.113    -3.675               7.724          1104Pc0245
  5307.709 607.01214     0.640    -3.582               7.724          0600Rb0515
  5307.724 607.01214     1.279    -2.820               7.724          1205Pb0135
  5307.730 607.01314     2.615    -3.194               7.724          2011Rd0175
  5307.731 607.01214     1.534    -4.528               7.724          0902Pd0675
  5307.738 607.01314     2.557    -3.340               7.724          2011Pb0035
  5307.764 607.01214     2.033    -2.438               7.724          1608Pb0205
  5307.778 106.00113     1.193    -4.301               3.464            AX02R185
  5307.778 106.00113     1.193    -4.316               3.464            AX02R175
  5307.778 607.01214     2.709    -2.271               7.724          2011Ra0225
  5307.785 607.01314     2.562    -2.724               7.724          2011Qb0055
  5307.794 607.01314     2.562    -3.230               7.724          2011Pd0065
  5307.805      72.0     2.905     -0.52                                        
  5307.805 106.00113     2.160    -3.120               3.464            AX24Q255
  5307.816 607.01214     0.640    -4.872               7.724          0600Qd0525
  5307.905 106.00113     2.161    -5.903               3.464            AX24R245
  5307.923 106.00113     1.193    -6.301               3.464            AX02Q185
  5308.002       6.0     8.636     -2.75                                        
  5308.035 607.01314     1.899    -3.822               7.724          1608Pc0035
  5308.053 106.00113     2.160    -5.610               3.464            AX24P255
  5308.068 607.01314     0.195    -5.045               7.724          0600Pc0285
  5308.123 607.01214     1.309    -2.339               7.724          1205Qb0175
  5308.153 106.00113     2.161    -3.143               3.464            AX24Q245
  5308.158 607.01214     1.309    -3.363               7.724          1205Pd0185
  5308.210 607.01314     2.030    -3.289               7.724          1608Rd0255
  5308.211 607.01314     0.294    -3.487               7.724          0701Ra0145
  5308.229 106.00112     1.618    -5.895               3.464            AX35R075
  5308.257      60.0     1.090      0.03                                        
  5308.271      42.0     3.031     -2.07                                        
  5308.271 607.01214     2.647    -2.610               7.724          2011Pa0145
  5308.282 607.01214     2.647    -2.863               7.724          2011Qc0135
  5308.295 607.01314     1.903    -3.041               7.724          1608Qc0055
  5308.295 607.01314     1.903    -3.165               7.724          1608Pa0065
  5308.297      58.0     1.004     -0.24                                        
  5308.302      58.0     1.132     -0.11                                        
  5308.303 106.00112     1.794    -3.588               3.464            AX35R125
  5308.334 607.01314     0.324    -3.418               7.724          0701Rb0175
  5308.335 607.01314     0.249    -4.315               7.724          0701Rc0015
  5308.340 607.01314     0.249    -4.141               7.724          0701Qa0025
  5308.342 106.00112     1.794    -3.561               3.464            AX35R135
  5308.370 607.01314     0.324    -3.913               7.724          0701Qd0185
  5308.372 607.01314     0.264    -3.961               7.724          0701Pb0075
  5308.397 607.01314     0.248    -4.369               7.724          0701Rc0005
  5308.400 607.01314     0.248    -4.396               7.724          0701Qa0015
  5308.401 106.00112     1.794    -5.332               3.464            AX35Q135
  5308.421      24.1     4.071     -1.92                              Lawler17  
  5308.425      60.1     1.263     -0.90                                        
  5308.428      22.0     0.825     -3.78                                        
  5308.438      24.0     3.887     -1.86                                        
  5308.442 607.01314     1.918    -3.123               7.724          1608Rc0095
  5308.451 607.01314     0.250    -4.267               7.724          0701Rc0025
  5308.457      26.0     4.792     -2.59                                        
  5308.457 607.01314     0.250    -3.979               7.724          0701Qa0035
  5308.458 607.01314     1.918    -2.445               7.724          1608Qa0105
  5308.458 607.01314     1.951    -2.450               7.724          1608Ra0165
  5308.473      22.0     2.343     -2.35                                        
  5308.503 607.01314     2.580    -2.659               7.724          2011Rb0105
  5308.520 607.01314     2.580    -2.841               7.724          2011Qd0115
  5308.523      58.0     0.659     -0.13                                        
  5308.525 607.01214     1.293    -3.318               7.724          1205Rc0155
  5308.541      92.0     0.471     -1.32                                        
  5308.556 607.01214     1.293    -2.371               7.724          1205Qa0165
  5308.586      27.0     4.392     -2.96                                        
  5308.625 607.01214     2.660    -2.542               7.724          2011Pb0155
  5308.654 607.01314     0.266    -3.848               7.724          0600Pb0335
  5308.679      26.0     4.253     -2.50                                        
  5308.681 106.00112     1.618    -5.871               3.464            AX35R075
  5308.695 106.00112     2.521    -8.964               3.464            AX03R335
  5308.724 607.01314     1.933    -3.125               7.724          1507Qc0345
  5308.739 106.00113     1.523    -3.744               3.464            AX24R125
  5308.742      24.0     3.884     -3.82                                        
  5308.743 607.01314     0.252    -4.227               7.724          0701Rc0035
  5308.751 607.01314     0.252    -3.857               7.724          0701Qa0045
  5308.767 607.01214     1.253    -3.567               7.724          1205Pc0085
  5308.774 607.01214     2.073    -2.013               7.724          1608Qb0245
  5308.785 607.01314     1.933    -2.267               7.724          1507Pa0355
  5308.817 607.01214     2.073    -3.233               7.724          1608Pd0255
  5308.835 607.01214     0.503    -5.073               7.724          0600Rc0455
  5308.845 106.00113     1.376    -3.015               3.464            BX13P155
  5308.852 607.01214     1.345    -2.467               7.724          1205Ra0225
  5308.864 106.00113     1.523    -3.723               3.464            AX24R135
  5308.884 607.01314     0.416    -4.325               7.724          0701Rd0275
  5308.904      24.1     6.277     -3.04                                        
  5308.921      25.0     5.401      0.30                                        
  5308.922 607.01314     2.526    -3.345               7.724          1910Pc0295
  5308.929 607.01214     0.503    -3.371               7.724          0600Qa0465
  5308.938 106.00112     2.167    -3.120               3.464            AX24Q255
  5308.940 106.00113     1.523    -5.505               3.464            AX24Q135
  5308.943 106.00113     1.376    -7.095               3.464            BX13Q155
  5308.960      59.1     0.795     -1.31                                LINOHFS 
  5308.989       6.0     8.636     -3.19                                        
  5308.999 607.01314     1.938    -2.311               7.724          1608Qb0135
  5309.010      66.1     2.420     -0.37                              Wickliff00
  5309.022 106.00112     2.167    -5.903               3.464            AX24R245
  5309.022 607.01314     1.938    -3.153               7.724          1608Pd0145
  5309.071 607.01214     2.024    -2.938               7.724          1608Qc0195
  5309.081 106.00112     2.167    -5.610               3.464            AX24P255
  5309.102 106.00113     1.376    -2.974               3.464            BX13P165
  5309.106 607.01214     2.024    -2.455               7.724          1608Pa0205
  5309.149 607.01214     2.063    -3.195               7.724          1608Rc0235
  5309.165 106.00112     2.167    -3.143               3.464            AX24Q245
  5309.165 607.01314     0.282    -3.373               7.724          0701Qb0115
  5309.185 607.01314     1.160    -3.346               7.724          1104Qc0285
  5309.190 607.01314     0.282    -4.171               7.724          0701Pd0125
  5309.191 607.01214     2.063    -2.014               7.724          1608Qa0245
  5309.211 607.01314     0.254    -4.197               7.724          0701Rc0045
  5309.222 607.01314     0.254    -3.757               7.724          0701Qa0055
  5309.240 607.01314     1.160    -2.607               7.724          1104Pa0295
  5309.244 607.01314     1.974    -2.415               7.724          1608Rb0185
  5309.265      44.0     0.927     -1.18                                        
  5309.276 607.01314     1.974    -2.898               7.724          1608Qd0195
  5309.309 112.00124     0.639    -3.506               1.340           01R126b24
  5309.351      26.0     5.008     -2.57                                        
  5309.355 607.01314     2.564    -2.643               7.724          2011Qb0065
  5309.365 607.01314     2.564    -3.195               7.724          2011Pd0075
  5309.400      22.0     1.738     -6.22                                        
  5309.405 607.01214     1.267    -3.101               7.724          1205Qc0115
  5309.425 607.01214     1.999    -3.296               7.724          1608Pc0165
  5309.428 607.01214     1.267    -2.901               7.724          1205Pa0125
  5309.460      24.0     4.183     -1.74                                        
  5309.471 607.01214     1.690    -2.706               7.724          0902Ra0725
  5309.482 607.01214     0.332    -4.337               7.724          0701Pc0175
  5309.493      62.0     1.622     -0.10                                        
  5309.501      22.0     3.332     -2.25                                        
  5309.505      22.0     2.332     -2.73                                        
  5309.541 607.01314     0.301    -3.456               7.724          0701Ra0155
  5309.551      24.0     3.885     -3.00                                        
  5309.552 607.01214     0.512    -3.110               7.724          0701Ra0335
  5309.649 607.01314     2.559    -3.210               7.724          2011Pb0045
  5309.680      72.0     2.002     -1.24                                        
  5309.681 607.01214     0.381    -3.383               7.724          0701Pb0225
  5309.685 607.01214     1.534    -4.456               7.724          0902Rc0665
  5309.713   27.0059     4.055    -2.523                                 KURHFS 
  5309.720      20.0     5.317     -3.66                                        
  5309.722   27.0059     4.055    -2.238                                 KURHFS 
  5309.722   27.0059     4.055    -2.493                                 KURHFS 
  5309.734 607.01314     2.622    -3.197               7.724          2011Rd0185
  5309.739   27.0059     4.055    -2.050                                 KURHFS 
  5309.739   27.0059     4.055    -2.493                                 KURHFS 
  5309.739   27.0059     4.055    -2.544                                 KURHFS 
  5309.764   27.0059     4.055    -1.959                                 KURHFS 
  5309.764   27.0059     4.055    -2.105                                 KURHFS 
  5309.764   27.0059     4.055    -2.669                                 KURHFS 
  5309.799   27.0059     4.055    -1.850                                 KURHFS 
  5309.799   27.0059     4.055    -1.937                                 KURHFS 
  5309.799   27.0059     4.055    -2.891                                 KURHFS 
  5309.818 607.01214     1.534    -2.492               7.724          0902Qa0675
  5309.840   23.0051     2.255    -4.917                                 KURHFS 
  5309.840   23.0051     2.255    -5.172                                 KURHFS 
  5309.840   23.0051     2.255    -5.202                                 KURHFS 
  5309.842   27.0059     4.055    -1.652                                 KURHFS 
  5309.842   27.0059     4.055    -1.991                                 KURHFS 
  5309.842   27.0059     4.055    -3.301                                 KURHFS 
  5309.850   23.0051     2.255    -4.729                                 KURHFS 
  5309.850   23.0051     2.255    -4.784                                 KURHFS 
  5309.850   23.0051     2.255    -5.172                                 KURHFS 
  5309.850 607.01214     2.675    -2.112               7.724          2011Qa0185
  5309.854 607.01314     0.257    -4.173               7.724          0701Rc0055
  5309.865   23.0051     2.255    -4.529                                 KURHFS 
  5309.865   23.0051     2.255    -4.638                                 KURHFS 
  5309.865   23.0051     2.255    -5.223                                 KURHFS 
  5309.866      24.0     4.398     -1.69                                        
  5309.867 607.01314     0.257    -3.673               7.724          0701Qa0065
  5309.881      58.0     0.731     -0.75                                        
  5309.885   23.0051     2.255    -4.331                                 KURHFS 
  5309.885   23.0051     2.255    -4.616                                 KURHFS 
  5309.885   23.0051     2.255    -5.348                                 KURHFS 
  5309.889      58.0     0.998     -0.49                                        
  5309.894   27.0059     4.055    -1.488                                 KURHFS 
  5309.894   27.0059     4.055    -2.187                                 KURHFS 
  5309.895      28.0     5.000     -3.71                                        
  5309.911   23.0051     2.255    -4.167                                 KURHFS 
  5309.911   23.0051     2.255    -4.670                                 KURHFS 
  5309.911   23.0051     2.255    -5.570                                 KURHFS 
  5309.914 607.01314     1.922    -2.794               7.724          1608Pb0105
  5309.920 607.01214     2.675    -3.107               7.724          2011Rc0175
  5309.941   23.0051     2.255    -4.026                                 KURHFS 
  5309.941   23.0051     2.255    -4.866                                 KURHFS 
  5309.941   23.0051     2.255    -5.980                                 KURHFS 
  5309.955   27.0059     4.055    -1.347                                 KURHFS 
  5309.958 607.01214     2.121    -2.187               7.724          1608Ra0295
  5310.012 607.01214     1.280    -4.576               7.724          0902Pc0575
  5310.024 607.01314     1.906    -3.000               7.724          1608Qc0065
  5310.034 607.01314     1.906    -3.067               7.724          1608Pa0075
  5310.036 112.00124     0.928    -0.560               1.340           12R230b24
  5310.040      60.1     1.136     -0.98                              DenHarto03
  5310.041      92.1     0.000     -2.96                                        
  5310.124 106.00112     1.197    -4.315               3.464            AX02R175
  5310.126 106.00112     1.916    -3.353               3.464            AX13Q255
  5310.128 106.00112     1.197    -4.300               3.464            AX02R185
  5310.137 607.01314     1.901    -3.657               7.724          1608Pc0045
  5310.146 607.01214     0.401    -4.826               7.724          0600Qc0405
  5310.172 607.01214     1.366    -2.459               7.724          1205Rb0235
  5310.177 607.01314     1.922    -3.118               7.724          1608Rc0105
  5310.183 607.01314     2.585    -2.614               7.724          2011Rb0115
  5310.194 607.01314     1.922    -2.397               7.724          1608Qa0115
  5310.199 112.00124     0.928    -3.271               1.340           12Q130b24
  5310.201 607.01314     2.585    -2.834               7.724          2011Qd0125
  5310.210 106.00112     1.916    -6.213               3.464            AX13R245
  5310.213      27.0     4.206     -1.35                                        
  5310.215      26.0     4.253     -3.70                                        
  5310.218 607.01214     1.366    -3.133               7.724          1205Qd0245
  5310.231 607.01214     0.401    -3.769               7.724          0600Pa0415
  5310.267      90.1     0.231     -2.15                              Nils02/11%
  5310.281 106.00112     1.197    -6.300               3.464            AX02Q185
  5310.322 106.00112     1.916    -5.816               3.464            AX13P255
  5310.334 106.00113     1.524    -3.744               3.464            AX24R125
  5310.342 607.01214     2.636    -3.272               7.724          2011Pc0115
  5310.370 106.00113     1.524    -3.723               3.464            AX24R135
  5310.375 607.01314     1.173    -2.599               7.724          1104Pb0295
  5310.383 607.01214     2.134    -2.196               7.724          1608Rb0295
  5310.404 607.01214     0.640    -3.569               7.724          0600Ra0525
  5310.406 106.00112     1.916    -3.367               3.464            AX13Q245
  5310.422 607.01314     0.249    -4.491               7.724          0701Qc0015
  5310.427 607.01314     0.249    -4.976               7.724          0701Pa0025
  5310.435 607.01214     2.134    -2.998               7.724          1608Qd0305
  5310.436 106.00113     1.524    -5.483               3.464            AX24Q135
  5310.463      26.0     5.082     -1.08                                        
  5310.465 607.01214     0.650    -4.451               7.724          0701Rd0415
  5310.487 112.00124     0.928    -0.547               1.340           12R130b24
  5310.510      20.0     5.916     -6.18                                        
  5310.518 607.01214     0.370    -3.977               7.724          0701Qc0215
  5310.536 607.01314     0.332    -3.390               7.724          0701Rb0185
  5310.549 607.01314     1.958    -2.423               7.724          1608Ra0175
  5310.556      24.0     3.419     -4.52                                        
  5310.556   23.0051     1.194    -6.530                                 KURHFS 
  5310.556   23.0051     1.194    -6.530                                 KURHFS 
  5310.556   23.0051     1.194    -6.831                                 KURHFS 
  5310.562   23.0051     1.194    -6.366                                 KURHFS 
  5310.562   23.0051     1.194    -6.392                                 KURHFS 
  5310.562   23.0051     1.194    -6.706                                 KURHFS 
  5310.563 607.01214     0.370    -3.398               7.724          0701Pa0225
  5310.568   23.0051     1.194    -6.109                                 KURHFS 
  5310.568   23.0051     1.194    -6.358                                 KURHFS 
  5310.568   23.0051     1.194    -6.956                                 KURHFS 
  5310.574 607.01314     0.332    -3.919               7.724          0701Qd0195
  5310.577   23.0051     1.194    -5.893                                 KURHFS 
  5310.577   23.0051     1.194    -6.519                                 KURHFS 
  5310.577   23.0051     1.194    -7.384                                 KURHFS 
  5310.578 607.01214     2.729    -2.925               7.724          2011Qd0245
  5310.618      24.0     3.011     -3.00                                        
  5310.650 106.00113     1.194    -4.301               3.464            AX02R185
  5310.664 607.01214     0.528    -3.114               7.724          0701Rb0335
  5310.671 607.01314     0.260    -4.156               7.724          0701Rc0065
  5310.682 106.00113     1.329    -3.936               3.464            AX13R145
  5310.686 607.01314     0.260    -3.599               7.724          0701Qa0075
  5310.692      24.1     4.072     -2.23                              Lawler17  
  5310.732      23.0     2.893     -3.74                                        
  5310.734 607.01214     0.528    -4.109               7.724          0701Qd0345
  5310.761 106.00113     1.329    -3.920               3.464            AX13R155
  5310.795 106.00113     1.194    -6.272               3.464            AX02Q185
  5310.806 106.00113     1.194    -4.316               3.464            AX02R175
  5310.815 607.01214     2.729    -2.262               7.724          2011Rb0235
  5310.850   23.0051     1.182    -4.828                                 KURHFS 
  5310.850   23.0051     1.182    -5.149                                 KURHFS 
  5310.850   23.0051     1.182    -5.626                                 KURHFS 
  5310.850 607.01214     0.441    -2.946               7.724          0701Qb0275
  5310.859 106.00113     1.329    -5.801               3.464            AX13Q155
  5310.862 106.00113     1.791    -3.692               3.464            AX02Q275
  5310.863   23.0051     1.182    -5.149                                 KURHFS 
  5310.863   23.0051     1.182    -5.170                                 KURHFS 
  5310.863   23.0051     1.182    -5.295                                 KURHFS 
  5310.864 607.01214     0.428    -4.268               7.724          0701Rc0265
  5310.885 607.01314     0.268    -3.892               7.724          0701Pb0085
  5310.907      23.1     4.002     -4.74                                        
  5310.908 607.01214     0.441    -4.285               7.724          0701Pd0285
  5310.920 607.01214     0.428    -2.945               7.724          0701Qa0275
  5311.036 607.01314     0.308    -3.427               7.724          0701Ra0165
  5311.041 106.00113     1.791    -6.671               3.464            AX02R265
  5311.083 106.00113     1.791    -6.201               3.464            AX02P275
  5311.095 607.01314     2.568    -2.572               7.724          2011Qb0075
  5311.108 607.01314     2.568    -3.168               7.724          2011Pd0085
  5311.120      59.1     1.110     -0.53                                LINOHFS 
  5311.175 112.00124     0.745    -2.601               1.340           23R119b24
  5311.181 106.00113     0.908    -7.087               3.464            AX02R125
  5311.262 106.00113     1.791    -3.707               3.464            AX02Q265
  5311.299      26.0     5.060     -2.05                                        
  5311.309 607.01314     2.040    -3.297               7.724          1608Rd0265
  5311.317 106.00112     1.528    -3.744               3.464            AX24R125
  5311.330 607.01214     1.286    -2.781               7.724          1205Pb0145
  5311.341 607.01214     1.301    -3.323               7.724          1205Rc0165
  5311.359 607.01214     2.719    -2.251               7.724          2011Ra0235
  5311.360 607.01314     0.288    -3.330               7.724          0701Qb0125
  5311.374 607.01214     1.301    -2.341               7.724          1205Qa0175
  5311.374 607.01314     0.250    -4.284               7.724          0701Qc0025
  5311.381 607.01314     0.250    -4.626               7.724          0701Pa0035
  5311.387 607.01314     0.288    -4.168               7.724          0701Pd0135
  5311.434      40.0     0.520     -1.71                                        
  5311.450      60.1     0.985     -0.42                              DenHarto03
  5311.466 106.00112     1.528    -3.723               3.464            AX24R135
  5311.471      23.0     1.941     -3.26                                        
  5311.529 106.00112     1.528    -5.505               3.464            AX24Q135
  5311.532 607.01214     1.317    -2.310               7.724          1205Qb0185
  5311.544 607.01214     2.691    -3.140               7.724          2011Pd0205
  5311.569 607.01214     1.317    -3.368               7.724          1205Pd0195
  5311.582 106.00113     2.094    -5.871               3.464            AX24R235
  5311.590      72.1     1.779     -1.22                              Lawler07  
  5311.591 607.01314     0.428    -4.333               7.724          0701Rd0285
  5311.658 607.01214     2.691    -2.084               7.724          2011Qb0195
  5311.659 106.00113     2.094    -3.143               3.464            AX24Q245
  5311.662 607.01314     0.264    -4.143               7.724          0701Rc0075
  5311.678 607.01314     0.264    -3.534               7.724          0701Qa0085
  5311.688 106.00113     1.837    -3.370               3.464            AX13Q245
  5311.728 106.00112     1.798    -3.692               3.464            AX02Q275
  5311.759 607.01314     2.562    -3.104               7.724          2011Pb0055
  5311.764      24.0     3.011     -3.02                                        
  5311.770 106.00113     2.094    -3.164               3.464            AX24Q235
  5311.778 607.01314     1.945    -2.274               7.724          1608Qb0145
  5311.784      40.1     1.755     -1.50                                        
  5311.799 106.00113     1.837    -6.199               3.464            AX13R235
  5311.803 607.01314     1.945    -3.153               7.724          1608Pd0155
  5311.807 607.01214     2.654    -2.571               7.724          2011Pa0155
  5311.817      20.0     5.917     -3.71                                        
  5311.822 607.01314     1.948    -2.261               7.724          1507Pb0355
  5311.830 607.01214     2.654    -2.862               7.724          2011Qc0145
  5311.831 106.00112     1.798    -6.671               3.464            AX02R265
  5311.839 607.01214     0.819    -5.245               7.724          0600Rd0595
  5311.845      64.0     2.076      0.25                                        
  5311.847 106.00113     2.094    -5.627               3.464            AX24P245
  5311.870 106.00113     1.837    -5.807               3.464            AX13P245
  5311.879      92.1     0.548     -2.14                                        
  5311.919 607.01314     2.630    -3.201               7.724          2011Rd0195
  5311.932 607.01214     1.356    -2.447               7.724          1205Ra0235
  5311.942 607.01214     1.257    -3.538               7.724          1205Pc0095
  5311.950 607.01314     1.910    -2.969               7.724          1608Qc0075
  5311.956      25.0     5.366     -1.06                                        
  5311.964 607.01314     1.910    -2.984               7.724          1608Pa0085
  5311.975 106.00112     1.798    -6.201               3.464            AX02P275
  5311.981 106.00113     1.837    -3.385               3.464            AX13Q235
