a line list in the range:    5249.00   5261.00
  5249.032      28.0     3.938     -2.61                                        
  5249.060   23.0051     2.364    -3.873                                 KURHFS 
  5249.061   23.0051     2.364    -3.610                                 KURHFS 
  5249.061   23.0051     2.364    -3.806                                 KURHFS 
  5249.062   23.0051     2.364    -3.406                                 KURHFS 
  5249.062   23.0051     2.364    -3.610                                 KURHFS 
  5249.062   23.0051     2.364    -4.505                                 KURHFS 
  5249.065   23.0051     2.364    -3.236                                 KURHFS 
  5249.065   23.0051     2.364    -3.505                                 KURHFS 
  5249.065   23.0051     2.364    -4.350                                 KURHFS 
  5249.066 607.01214     1.939    -2.867               7.724          1608Qb0045
  5249.066 607.01214     1.957    -2.749               7.724          1608Rb0095
  5249.068   23.0051     2.364    -3.090                                 KURHFS 
  5249.068   23.0051     2.364    -3.458                                 KURHFS 
  5249.068   23.0051     2.364    -4.350                                 KURHFS 
  5249.073   23.0051     2.364    -2.961                                 KURHFS 
  5249.073   23.0051     2.364    -3.464                                 KURHFS 
  5249.073   23.0051     2.364    -4.447                                 KURHFS 
  5249.073 607.01314     1.805    -3.050               7.724          1507Qc0245
  5249.074 607.01214     1.939    -3.335               7.724          1608Pd0055
  5249.078   23.0051     2.364    -2.845                                 KURHFS 
  5249.078   23.0051     2.364    -3.537                                 KURHFS 
  5249.078   23.0051     2.364    -4.651                                 KURHFS 
  5249.084   23.0051     2.364    -2.740                                 KURHFS 
  5249.084   23.0051     2.364    -3.748                                 KURHFS 
  5249.084   23.0051     2.364    -5.049                                 KURHFS 
  5249.087 607.01214     1.957    -2.926               7.724          1608Qd0105
  5249.105      26.0     4.473     -1.46                              NIST/E    
  5249.115 607.01314     1.805    -2.436               7.724          1507Pa0255
  5249.127 106.00113     2.053    -3.442               3.464            AX35R185
  5249.127 607.01314     1.918    -2.209               7.724          1507Ra0345
  5249.141      24.0     4.446     -2.02                                        
  5249.154 106.00113     2.053    -3.415               3.464            AX35R195
  5249.161      58.0     0.206     -1.10                                        
  5249.183 607.01314     1.816    -2.425               7.724          1507Pb0255
  5249.184      23.0     1.710     -4.52                                        
  5249.208 607.01314     1.864    -2.019               7.724          1507Qb0295
  5249.211 106.00113     2.053    -5.488               3.464            AX35Q195
  5249.242      23.1     3.970     -2.77                                        
  5249.244 607.01214     0.247    -4.757               7.724          0600Qc0315
  5249.259 607.01314     1.864    -3.352               7.724          1507Pd0305
  5249.279      22.0     0.818     -4.94                                        
  5249.283 607.01214     1.254    -2.927               7.724          0902Pb0565
  5249.308 607.01214     2.580    -2.257               7.724          1910Pb0295
  5249.309 607.01214     0.247    -3.890               7.724          0600Pa0325
  5249.315      26.0     4.604     -4.12                                        
  5249.319 607.01214     1.117    -3.702               7.724          1104Pc0225
  5249.351 106.00113     2.381    -2.128               3.464            AX51Q365
  5249.363 607.01214     1.121    -4.100               7.724          1003Pc0395
  5249.367 607.01314     1.136    -2.586               7.724          1104Rb0265
  5249.385      26.0     5.060     -2.36                                        
  5249.399      25.0     4.191     -2.88                                        
  5249.411      20.0     4.760     -0.92                                        
  5249.417 607.01314     1.136    -3.321               7.724          1104Qd0275
  5249.435      24.1     3.758     -2.54                              Lawler17  
  5249.449 607.01214     2.007    -3.273               7.724          1608Rd0185
  5249.452 106.00112     2.495    -5.991               3.464            AX51P375
  5249.453      26.0     4.981     -3.02                                        
  5249.457 106.00113     1.372    -4.259               3.464            AX02R215
  5249.569      24.0     4.851     -2.77                                        
  5249.578 607.01214     0.309    -3.527               7.724          0701Rb0145
  5249.580      60.1     0.975      0.20                              DenHarto03
  5249.592 607.01314     0.251    -3.771               7.724          0600Ra0335
  5249.605      58.0     0.410     -0.63                                        
  5249.608 607.01214     0.309    -3.942               7.724          0701Qd0155
  5249.626 112.00124     0.128    -1.886               1.340           00P213b24
  5249.631 106.00113     1.372    -6.317               3.464            AX02Q215
  5249.648 607.01314     1.063    -3.512               7.724          1104Rc0195
  5249.682      26.0     4.730     -3.25                                        
  5249.685 607.01314     1.063    -2.447               7.724          1104Qa0205
  5249.702 106.00113     1.372    -4.273               3.464            AX02R205
  5249.789 106.00112     2.060    -3.416               3.464            AX35R195
  5249.837 112.00124     1.101    -2.470               1.340           00P241b24
  5249.842      59.0     0.549     -0.39                                        
  5249.871 607.01314     0.124    -4.047               7.724          0600Pb0225
  5249.925 106.00112     2.060    -5.457               3.464            AX35Q195
  5249.944 106.00112     2.060    -3.443               3.464            AX35R185
  5249.989      14.0     7.510     -4.55                                        
  5250.000      27.0     4.172      0.32                                        
  5250.005 607.01214     0.266    -3.792               7.724          0701Ra0075
  5250.010 607.01214     0.263    -3.848               7.724          0701Ra0065
  5250.015      22.0     3.348     -2.67                                        
  5250.025 607.01314     2.491    -3.204               7.724          1910Rc0265
  5250.065 607.01314     2.491    -1.953               7.724          1910Qa0275
  5250.093 607.01314     0.266    -3.777               7.724          0600Rb0335
  5250.137 106.00112     1.647    -2.825               3.464            BX02P245
  5250.159 607.01314     0.266    -4.713               7.724          0600Qd0345
  5250.177 607.01214     0.270    -3.740               7.724          0701Ra0085
  5250.181 607.01314     0.077    -4.981               7.724          0600Pc0175
  5250.192 607.01214     0.260    -3.910               7.724          0701Ra0055
  5250.205      26.0     5.008     -3.10                                        
  5250.209      26.0     0.121     -4.94                              NIST/A    
  5250.252 106.00112     1.647    -6.966               3.464            BX02Q245
  5250.263 106.00113     1.169    -5.855               3.464            BX13P105
  5250.331      42.0     2.595     -2.23                                        
  5250.332 607.01214     0.190    -5.088               7.724          0600Pc0275
  5250.344 106.00112     1.647    -2.741               3.464            BX02P255
  5250.364 607.01214     0.274    -3.546               7.724          0701Qb0085
  5250.383 607.01214     0.274    -4.226               7.724          0701Pd0095
  5250.429 607.01214     1.942    -2.772               7.724          1608Qb0055
  5250.439 607.01214     1.942    -3.290               7.724          1608Pd0065
  5250.442 607.01314     1.124    -2.576               7.724          1104Ra0265
  5250.456 607.01214     1.961    -2.700               7.724          1608Rb0105
  5250.476 607.01214     1.961    -2.918               7.724          1608Qd0115
  5250.498 607.01314     2.502    -1.955               7.724          1910Qb0275
  5250.524      29.0     5.519     -0.85                                        
  5250.525 607.01214     0.274    -3.693               7.724          0701Ra0095
  5250.528 607.01314     0.182    -3.608               7.724          0600Qb0275
  5250.539 607.01314     1.933    -2.216               7.724          1507Rb0345
  5250.540 607.01314     2.502    -3.207               7.724          1910Pd0285
  5250.549 106.00112     2.031    -6.668               3.464            AX02R295
  5250.554 607.01214     0.258    -3.979               7.724          0701Ra0045
  5250.583 607.01314     0.182    -4.941               7.724          0600Pd0285
  5250.599 607.01314     1.933    -3.113               7.724          1507Qd0355
  5250.635 106.00112     2.204    -6.202               3.464            AX13R285
  5250.638 106.00112     2.031    -3.646               3.464            AX02Q305
  5250.646      26.0     2.198     -2.18                              NIST/D+   
  5250.673 607.01214     1.937    -3.391               7.724          1608Pb0035
  5250.677 607.01214     0.263    -4.147               7.724          0701Pb0055
  5250.725 106.00112     2.204    -3.283               3.464            AX13Q295
  5250.762 607.01314     0.169    -4.896               7.724          0600Rc0265
  5250.793 607.01314     1.775    -3.389               7.724          1507Pc0215
  5250.810      60.1     0.744     -0.72                              DenHarto03
  5250.814 607.01314     0.169    -3.609               7.724          0600Qa0275
  5250.815      24.0     5.284     -2.35                                        
  5250.820 106.00112     2.031    -3.659               3.464            AX02Q295
  5250.846      23.0     2.636     -3.39                                        
  5250.856 106.00112     2.204    -3.301               3.464            AX13Q285
  5250.909 106.00112     2.031    -6.252               3.464            AX02P305
  5250.921      22.0     0.825     -2.36                                        
  5250.946 106.00112     2.204    -5.887               3.464            AX13P295
  5251.014 607.01314     1.082    -2.422               7.724          1104Qb0215
  5251.022 607.01314     0.113    -4.631               7.724          0600Qc0215
  5251.046 607.01214     0.279    -3.650               7.724          0701Ra0105
  5251.051   23.0051     2.245    -2.659                                 KURHFS 
  5251.051   23.0051     2.245    -2.680                                 KURHFS 
  5251.051   23.0051     2.245    -2.805                                 KURHFS 
  5251.054   23.0051     2.245    -2.338                                 KURHFS 
  5251.054   23.0051     2.245    -2.659                                 KURHFS 
  5251.054   23.0051     2.245    -3.136                                 KURHFS 
  5251.055      58.0     0.983     -0.06                                        
  5251.055 607.01314     1.082    -3.559               7.724          1104Pd0225
  5251.065 607.01314     0.113    -4.061               7.724          0600Pa0225
  5251.096 607.01214     0.256    -4.056               7.724          0701Ra0035
  5251.134      42.0     2.596     -2.42                                        
  5251.143      22.0     3.715     -0.68                                        
  5251.169      22.0     3.332     -2.57                                        
  5251.189 607.01314     1.031    -3.270               7.724          1104Qc0155
  5251.201      64.0     1.053      0.10                                        
  5251.201 607.01214     0.404    -4.341               7.724          0701Rd0255
  5251.219 607.01314     1.031    -2.924               7.724          1104Pa0165
  5251.264 607.01214     0.345    -3.476               7.724          0600Qb0375
  5251.291 106.00112     1.378    -4.259               3.464            AX02R215
  5251.293   23.0051     2.364    -4.081                                 KURHFS 
  5251.294   23.0051     2.364    -3.801                                 KURHFS 
  5251.294   23.0051     2.364    -4.081                                 KURHFS 
  5251.294   23.0051     2.364    -5.102                                 KURHFS 
  5251.296   23.0051     2.364    -3.663                                 KURHFS 
  5251.296   23.0051     2.364    -3.801                                 KURHFS 
  5251.296   23.0051     2.364    -4.403                                 KURHFS 
  5251.298   23.0051     2.364    -3.597                                 KURHFS 
  5251.298   23.0051     2.364    -3.663                                 KURHFS 
  5251.298   23.0051     2.364    -3.956                                 KURHFS 
  5251.302   23.0051     2.364    -3.590                                 KURHFS 
  5251.302   23.0051     2.364    -3.597                                 KURHFS 
  5251.302   23.0051     2.364    -3.625                                 KURHFS 
  5251.306   23.0051     2.364    -3.362                                 KURHFS 
  5251.306   23.0051     2.364    -3.590                                 KURHFS 
  5251.306   23.0051     2.364    -3.655                                 KURHFS 
  5251.311   23.0051     2.364    -3.143                                 KURHFS 
  5251.311   23.0051     2.364    -3.655                                 KURHFS 
  5251.311   23.0051     2.364    -3.859                                 KURHFS 
  5251.317   23.0051     2.364    -2.956                                 KURHFS 
  5251.317   23.0051     2.364    -3.859                                 KURHFS 
  5251.341 607.01214     0.345    -5.072               7.724          0600Pd0385
  5251.385 607.01214     0.316    -3.494               7.724          0701Rb0155
  5251.392      25.0     5.401     -1.42                                        
  5251.418 607.01214     0.316    -3.946               7.724          0701Qd0165
  5251.423 607.01214     0.262    -3.884               7.724          0600Pb0325
  5251.425 607.01214     2.015    -3.279               7.724          1608Rd0195
  5251.428 607.01214     1.893    -3.465               7.724          1507Pc0285
  5251.432      26.1     7.483     -4.11                                        
  5251.478      22.0     0.818     -2.54                                        
  5251.479 106.00112     1.378    -6.316               3.464            AX02Q215
  5251.514 607.01214     1.534    -2.757               7.724          0902Rb0665
  5251.518 106.00112     1.378    -4.272               3.464            AX02R205
  5251.591      41.0     0.000     -1.58                                        
  5251.608      26.0     5.060     -0.83                                        
  5251.645 607.01214     1.534    -4.225               7.724          0902Qd0675
  5251.645 607.01314     1.046    -2.868               7.724          1104Pb0175
  5251.666      24.0     4.452     -2.52                                        
  5251.685      44.0     1.588     -1.73                                        
  5251.695      26.0     4.909     -2.06                                        
  5251.710      59.1     0.629      0.07                                LINOHFS 
  5251.736 607.01214     1.254    -4.210               7.724          0902Qc0565
  5251.741 607.01214     0.284    -3.609               7.724          0701Ra0115
  5251.792 106.00113     2.054    -3.415               3.464            AX35R195
  5251.792 607.01314     1.012    -3.664               7.724          1104Pc0125
  5251.819 607.01214     0.254    -4.142               7.724          0701Ra0025
  5251.823      25.1     7.047     -1.83                                        
  5251.847 607.01214     1.254    -2.920               7.724          0902Pa0575
  5251.853      24.0     4.614     -3.35                                        
  5251.875      23.0     3.236     -4.56                                        
  5251.914      62.0     0.387     -0.19                                        
  5251.955 607.01214     1.945    -2.691               7.724          1608Qb0065
  5251.967      26.0     3.571     -5.87                                        
  5251.967 607.01214     1.945    -3.256               7.724          1608Pd0075
  5251.995 607.01214     0.461    -3.667               7.724          0600Rb0435
  5252.013 607.01214     1.967    -2.656               7.724          1608Rb0115
  5252.019      22.1     2.588     -2.50                                        
  5252.023 106.00113     2.054    -5.456               3.464            AX35Q195
  5252.028      58.0     0.620     -0.69                                        
  5252.031 607.01214     1.967    -2.913               7.724          1608Qd0125
  5252.073 106.00113     2.054    -3.442               3.464            AX35R185
  5252.084 607.01214     0.461    -4.828               7.724          0600Qd0445
  5252.100      22.0     0.048     -2.36                                 LAWLER 
  5252.147      64.0     0.841    -10.00                                        
  5252.156      64.1     1.371     -0.81                                        
  5252.182 607.01214     0.279    -3.489               7.724          0701Qb0095
  5252.192 607.01214     1.389    -2.541               7.724          0902Qb0615
  5252.203 607.01214     0.279    -4.214               7.724          0701Pd0105
  5252.209      28.1     4.029     -5.61                                        
  5252.217      22.0     3.321     -2.57                                        
  5252.228      23.0     2.579     -5.96                                        
  5252.313 607.01214     1.389    -4.508               7.724          0902Pd0625
  5252.376      22.0     2.331     -1.94                                 LAWLER 
  5252.380      23.0     2.914     -3.44                                        
  5252.430 106.00113     2.024    -6.668               3.464            AX02R295
  5252.461 106.00113     2.024    -3.646               3.464            AX02Q305
  5252.607 607.01214     0.289    -3.572               7.724          0701Ra0125
  5252.633 106.00112     2.465    -6.729               3.464            AX45P255
  5252.662      58.1     1.154     -0.87                                        
  5252.665 106.00113     2.024    -3.659               3.464            AX02Q295
  5252.673 607.01214     1.939    -3.259               7.724          1608Pb0045
  5252.697 106.00113     2.024    -6.252               3.464            AX02P305
  5252.707   23.0051     2.246    -3.841                                 KURHFS 
  5252.707   23.0051     2.246    -4.017                                 KURHFS 
  5252.724   23.0051     2.246    -3.716                                 KURHFS 
  5252.724   23.0051     2.246    -3.841                                 KURHFS 
  5252.726 607.01214     0.254    -4.239               7.724          0701Ra0015
  5252.746   23.0051     2.246    -3.716                                 KURHFS 
  5252.746   23.0051     2.246    -3.830                                 KURHFS 
  5252.746   23.0051     2.246    -4.035                                 KURHFS 
  5252.764      62.1     0.997     -1.89                                        
  5252.773   23.0051     2.246    -3.419                                 KURHFS 
  5252.773   23.0051     2.246    -3.830                                 KURHFS 
  5252.817      58.1     1.326     -1.15                              Lawler09  
  5252.883 106.00113     1.698    -3.658               3.464            AX24R175
  5252.886 106.00113     1.698    -3.675               3.464            AX24R165
  5252.931 607.01314     1.072    -3.518               7.724          1104Rc0205
  5252.933      24.0     2.985     -3.27                                        
  5252.954      21.0     5.261     -1.93                                        
  5252.968 607.01214     0.266    -4.056               7.724          0701Pb0065
  5252.970 607.01314     1.072    -2.423               7.724          1104Qa0215
  5253.020 106.00113     1.698    -5.620               3.464            AX24Q175
  5253.021      26.0     2.277     -3.94                                        
  5253.026      41.0     1.393     -1.50                                        
  5253.146 112.00124     0.876    -3.305               1.340           23R124b24
  5253.178   23.0051     2.241    -2.320                                 KURHFS 
  5253.178   23.0051     2.241    -2.797                                 KURHFS 
  5253.192 607.01314     1.148    -2.568               7.724          1104Rb0275
  5253.212   23.0051     2.241    -2.320                                 KURHFS 
  5253.212   23.0051     2.241    -2.466                                 KURHFS 
  5253.214 112.00124     0.147    -1.921               1.340           00P214b24
  5253.239      26.0     3.632     -2.70                                        
  5253.244 607.01314     1.148    -3.328               7.724          1104Qd0285
  5253.316      26.0     4.317     -4.29                                        
  5253.333      22.0     3.696     -1.13                                        
  5253.344 607.01214     0.324    -3.462               7.724          0701Rb0165
  5253.346      23.0     3.930     -2.84                                        
  5253.379 607.01214     0.324    -3.951               7.724          0701Qd0175
  5253.393      23.0     2.330     -3.34                                        
  5253.394 607.01314     2.459    -2.915               7.724          1910Qc0235
  5253.413      58.0     0.294     -1.01                                        
  5253.429 607.01314     2.459    -2.357               7.724          1910Pa0245
  5253.448      57.0     0.130     -0.82                                        
  5253.460 607.01314     1.864    -3.318               7.724          1507Rc0295
  5253.462      26.0     3.283     -1.58                              DenHarto14
  5253.511 607.01314     1.864    -2.004               7.724          1507Qa0305
  5253.514   23.0051     2.255    -4.091                                 KURHFS 
  5253.514   23.0051     2.255    -4.346                                 KURHFS 
  5253.524   23.0051     2.255    -3.892                                 KURHFS 
  5253.524   23.0051     2.255    -4.091                                 KURHFS 
  5253.524   23.0051     2.255    -5.999                                 KURHFS 
  5253.529 112.00124     1.054    -2.455               1.340           00P240b24
  5253.529 607.01314     2.469    -2.342               7.724          1910Pb0245
  5253.539   23.0051     2.255    -3.828                                 KURHFS 
  5253.539   23.0051     2.255    -3.892                                 KURHFS 
  5253.539   23.0051     2.255    -4.756                                 KURHFS 
  5253.546      24.0     3.844     -2.80                                        
  5253.548 106.00113     1.285    -3.113               3.464            BX13P135
  5253.559   23.0051     2.255    -3.828                                 KURHFS 
  5253.559   23.0051     2.255    -3.859                                 KURHFS 
  5253.559   23.0051     2.255    -4.039                                 KURHFS 
  5253.578 607.01214     2.024    -3.285               7.724          1608Rd0205
  5253.583   23.0051     2.255    -3.633                                 KURHFS 
  5253.583   23.0051     2.255    -3.859                                 KURHFS 
  5253.583   23.0051     2.255    -4.040                                 KURHFS 
  5253.600 106.00113     2.038    -6.207               3.464            AX13R265
  5253.613   23.0051     2.255    -3.341                                 KURHFS 
  5253.613   23.0051     2.255    -4.040                                 KURHFS 
  5253.631 106.00113     1.285    -7.184               3.464            BX13Q135
  5253.634 106.00113     2.038    -3.324               3.464            AX13Q275
  5253.645 607.01214     0.295    -3.537               7.724          0701Ra0135
  5253.645 607.01214     1.948    -2.619               7.724          1608Qb0075
  5253.649 106.00113     2.036    -5.967               3.464            AX46R135
  5253.659 607.01214     1.948    -3.231               7.724          1608Pd0085
  5253.668      22.0     2.238     -1.37                                        
  5253.671 607.01214     1.534    -2.746               7.724          0902Ra0675
  5253.681 607.01214     0.416    -4.348               7.724          0701Rd0265
  5253.687 607.01214     2.580    -2.999               7.724          1910Qc0295
  5253.697       6.0     8.764     -4.07                                        
  5253.701 607.01314     2.431    -3.272               7.724          1910Pc0205
  5253.722 607.01214     0.616    -5.211               7.724          0600Rd0515
  5253.731 607.01214     2.580    -2.247               7.724          1910Pa0305
  5253.735      28.0     4.415     -1.79                                        
  5253.742 607.01214     1.972    -2.615               7.724          1608Rb0125
  5253.763 607.01214     1.972    -2.910               7.724          1608Qd0135
  5253.796      24.0     4.204     -3.68                                        
  5253.798 106.00113     2.038    -3.339               3.464            AX13Q265
  5253.807      23.0     3.071     -2.67                                        
  5253.813      62.0     1.413     -0.29                                        
  5253.816 607.01214     0.253    -4.340               7.724          0701Ra0005
  5253.822 106.00113     1.285    -3.059               3.464            BX13P145
  5253.832 106.00113     2.038    -5.870               3.464            AX13P275
  5253.846      27.0     4.172     -1.32                                        
  5253.863 607.01314     0.266    -3.757               7.724          0600Ra0345
  5253.915      41.0     1.094     -1.34                                        
  5253.923      23.0     3.111     -1.64                                        
  5253.973 607.01314     1.136    -2.559               7.724          1104Ra0275
  5254.033      22.0     2.248     -1.85                                 LAWLER 
  5254.140      24.0     4.385     -1.95                                        
  5254.144 607.01214     0.284    -3.437               7.724          0701Qb0105
  5254.167 607.01214     0.284    -4.206               7.724          0701Pd0115
  5254.197 607.01314     1.816    -3.057               7.724          1507Qc0255
  5254.211 607.01214     1.217    -2.683               7.724          1003Pb0445
  5254.242 607.01314     1.816    -2.416               7.724          1507Pa0265
  5254.345 607.01214     1.154    -4.550               7.724          0902Pc0525
  5254.357 607.01214     1.389    -4.437               7.724          0902Rc0615
  5254.362      27.0     4.392     -2.10                                        
  5254.389 607.01214     2.543    -3.324               7.724          1910Pc0265
  5254.432 607.01314     0.134    -4.025               7.724          0600Pb0235
  5254.478 607.01214     1.389    -2.533               7.724          0902Qa0625
  5254.497      22.0     2.332     -1.87                                 LAWLER 
  5254.536 607.01214     0.345    -5.024               7.724          0600Rc0375
  5254.564 607.01314     1.877    -2.003               7.724          1507Qb0305
  5254.592 607.01314     1.039    -3.272               7.724          1104Qc0165
  5254.605 607.01314     0.282    -3.763               7.724          0600Rb0345
  5254.611 607.01314     0.085    -4.984               7.724          0600Pc0185
  5254.613 607.01214     0.345    -3.464               7.724          0600Qa0385
  5254.617 607.01314     1.877    -3.360               7.724          1507Pd0315
  5254.624 607.01314     1.039    -2.890               7.724          1104Pa0175
  5254.630 607.01314     1.827    -2.406               7.724          1507Pb0265
  5254.674 607.01314     0.282    -4.720               7.724          0600Qd0355
  5254.746      64.0     0.790     -0.73                                        
  5254.766      26.0     4.962     -4.09                                        
  5254.791 607.01214     0.254    -4.338               7.724          0701Rc0015
  5254.796 607.01214     0.254    -4.159               7.724          0701Qa0025
  5254.812 607.01314     1.092    -2.399               7.724          1104Qb0225
  5254.822      58.0     0.719     -0.13                                        
  5254.847 106.00112     1.704    -3.675               3.464            AX24R165
  5254.849 607.01214     0.253    -4.390               7.724          0701Rc0005
  5254.851 607.01214     1.942    -3.153               7.724          1608Pb0055
  5254.852 607.01214     0.254    -4.414               7.724          0701Qa0015
  5254.852 607.01214     0.302    -3.504               7.724          0701Ra0145
  5254.855 607.01314     1.092    -3.566               7.724          1104Pd0235
  5254.857      27.0     4.206     -1.18                                        
  5254.890 106.00112     1.704    -3.658               3.464            AX24R175
  5254.898      27.0     4.912     -3.41                                        
  5254.904      24.0     3.407     -0.41                                 SOBECK 
  5254.917 607.01214     0.256    -4.290               7.724          0701Rc0025
  5254.924 607.01214     0.256    -3.997               7.724          0701Qa0035
  5254.927 607.01314     0.182    -4.904               7.724          0600Rc0275
  5254.929      26.1     3.228     -3.23                                        
  5254.939 607.01214     1.128    -3.708               7.724          1104Pc0235
  5254.955      26.0     0.110     -4.76                              NIST/A    
  5254.975 607.01314     0.195    -3.590               7.724          0600Qb0285
  5254.977      26.0     4.291     -1.72                                        
  5254.981      23.0     2.614     -3.29                                        
  5254.982 607.01314     0.182    -3.591               7.724          0600Qa0285
  5254.994 607.01214     0.461    -3.652               7.724          0600Ra0445
  5254.995 106.00112     1.704    -5.620               3.464            AX24Q175
  5255.005 106.00113     2.037    -5.928               3.464            AX46R135
  5255.017      23.0     1.871     -5.56                                        
  5255.032 607.01314     0.195    -4.950               7.724          0600Pd0295
  5255.043 607.01314     2.502    -3.215               7.724          1910Rc0275
  5255.074 607.01214     1.939    -2.919               7.724          1608Ra0055
  5255.085 607.01314     2.502    -1.936               7.724          1910Qa0285
  5255.117      24.0     3.461     -0.10                                 SOBECK 
  5255.130 607.01214     1.942    -2.858               7.724          1608Ra0065
  5255.217 607.01214     1.937    -2.987               7.724          1608Ra0045
  5255.225 607.01214     0.258    -4.252               7.724          0701Rc0035
  5255.234 607.01214     0.258    -3.874               7.724          0701Qa0045
  5255.252 607.01314     0.124    -4.638               7.724          0600Qc0225
  5255.255      26.0     4.442     -4.34                                        
  5255.263 106.00113     1.699    -3.659               3.464            AX24R175
  5255.271      22.0     2.493     -5.02                                        
  5255.274   25.0055     3.130    -4.059                                 LAWHFS 
  5255.278   25.0055     3.130    -2.735                                 LAWHFS 
  5255.282   25.0055     3.130    -1.937                                 LAWHFS 
  5255.283   25.0055     3.130    -3.899                                 LAWHFS 
  5255.289   25.0055     3.130    -2.542                                 LAWHFS 
  5255.293   25.0055     3.130    -1.843                                 LAWHFS 
  5255.294   25.0055     3.130    -3.977                                 LAWHFS 
  5255.297   23.0051     1.948    -6.901                                 KURHFS 
  5255.297 607.01314     0.124    -4.038               7.724          0600Pa0235
  5255.301   23.0051     1.948    -6.621                                 KURHFS 
  5255.301   23.0051     1.948    -6.901                                 KURHFS 
  5255.301   23.0051     1.948    -7.922                                 KURHFS 
  5255.301   25.0055     3.130    -2.490                                 LAWHFS 
  5255.304 607.01214     0.262    -4.766               7.724          0600Qc0325
  5255.307   25.0055     3.130    -1.748                                 LAWHFS 
  5255.308   25.0055     3.130    -4.302                                 LAWHFS 
  5255.310   23.0051     1.948    -6.483                                 KURHFS 
  5255.310   23.0051     1.948    -6.621                                 KURHFS 
  5255.310   23.0051     1.948    -7.223                                 KURHFS 
  5255.316   25.0055     3.130    -2.534                                 LAWHFS 
  5255.322   23.0051     1.948    -6.417                                 KURHFS 
  5255.322   23.0051     1.948    -6.483                                 KURHFS 
  5255.322   23.0051     1.948    -6.776                                 KURHFS 
  5255.324   25.0055     3.130    -1.656                                 LAWHFS 
  5255.334   25.0055     3.130    -2.727                                 LAWHFS 
  5255.338   23.0051     1.948    -6.410                                 KURHFS 
  5255.338   23.0051     1.948    -6.417                                 KURHFS 
  5255.338   23.0051     1.948    -6.445                                 KURHFS 
  5255.342   25.0055     3.130    -1.568                                 LAWHFS 
  5255.359   23.0051     1.948    -6.182                                 KURHFS 
  5255.359   23.0051     1.948    -6.410                                 KURHFS 
  5255.359   23.0051     1.948    -6.475                                 KURHFS 
  5255.364   25.0055     3.130    -1.485                                 LAWHFS 
  5255.370 106.00113     1.699    -3.675               3.464            AX24R165
  5255.371 607.01214     0.262    -3.875               7.724          0600Pa0335
  5255.381 607.01214     1.945    -2.802               7.724          1608Ra0075
  5255.382 106.00113     1.699    -5.592               3.464            AX24Q175
  5255.384   23.0051     1.948    -5.963                                 KURHFS 
  5255.384   23.0051     1.948    -6.475                                 KURHFS 
  5255.384   23.0051     1.948    -6.679                                 KURHFS 
  5255.399 607.01214     0.270    -3.978               7.724          0701Pb0075
  5255.401      74.0     2.785     -0.72                                        
  5255.412   23.0051     1.948    -5.776                                 KURHFS 
  5255.412   23.0051     1.948    -6.679                                 KURHFS 
  5255.455 607.01214     0.332    -3.433               7.724          0701Rb0175
  5255.468 607.01314     1.018    -3.655               7.724          1104Pc0135
  5255.492 607.01214     0.332    -3.957               7.724          0701Qd0185
  5255.500 607.01214     1.952    -2.556               7.724          1608Qb0085
  5255.510      60.1     0.204     -0.67                              DenHarto03
  5255.516 607.01214     1.952    -3.212               7.724          1608Pd0095
  5255.561 607.01214     1.935    -3.063               7.724          1608Ra0035
  5255.628 607.01314     1.055    -2.838               7.724          1104Pb0185
  5255.639 607.01214     1.978    -2.576               7.724          1608Rb0135
  5255.659 607.01214     1.978    -2.910               7.724          1608Qd0145
  5255.663      26.0     4.217     -1.82                                        
  5255.716 607.01214     0.260    -4.222               7.724          0701Rc0045
  5255.727 607.01214     0.260    -3.774               7.724          0701Qa0055
  5255.736      26.0     4.280     -1.36                                        
  5255.806      22.0     2.115     -0.42                                        
  5255.808      64.0     0.812     -0.50                                        
  5255.823      76.0     2.367     -1.44                                        
  5255.831 607.01214     1.948    -2.751               7.724          1608Ra0085
  5255.832 607.01314     2.514    -1.938               7.724          1910Qb0285
  5255.875 607.01314     2.514    -3.214               7.724          1910Pd0295
  5255.883      20.0     5.177     -3.73                                        
  5255.910 607.01214     2.033    -3.291               7.724          1608Rd0215
  5255.933      68.1     1.614     -0.51                                        
  5255.945      23.1     2.599     -3.61                                        
  5255.982      58.0     1.156      0.01                                        
  5255.988 106.00112     2.009    -3.441               3.464            AX35R185
  5255.994 106.00112     2.009    -3.467               3.464            AX35R175
  5256.030      64.1     1.725     -1.24                              DenHarto06
  5256.053 607.01214     2.593    -2.240               7.724          1910Pb0305
  5256.069 106.00113     1.643    -3.790               3.464            BX12R255
  5256.104 607.01214     1.934    -3.148               7.724          1608Ra0025
  5256.112 106.00112     2.009    -5.471               3.464            AX35Q185
  5256.116   23.0051     2.267    -3.409                                 KURHFS 
  5256.121   23.0051     2.267    -3.129                                 KURHFS 
  5256.121   23.0051     2.267    -3.409                                 KURHFS 
  5256.121   23.0051     2.267    -4.430                                 KURHFS 
  5256.131   23.0051     2.267    -2.991                                 KURHFS 
  5256.131   23.0051     2.267    -3.129                                 KURHFS 
  5256.131   23.0051     2.267    -3.731                                 KURHFS 
  5256.141 607.01314     1.785    -3.394               7.724          1507Pc0225
  5256.145   23.0051     2.267    -2.925                                 KURHFS 
  5256.145   23.0051     2.267    -2.991                                 KURHFS 
  5256.145   23.0051     2.267    -3.284                                 KURHFS 
  5256.164   23.0051     2.267    -2.918                                 KURHFS 
  5256.164   23.0051     2.267    -2.925                                 KURHFS 
  5256.164   23.0051     2.267    -2.953                                 KURHFS 
  5256.187   23.0051     2.267    -2.690                                 KURHFS 
  5256.187   23.0051     2.267    -2.918                                 KURHFS 
  5256.187   23.0051     2.267    -2.983                                 KURHFS 
  5256.216   23.0051     2.267    -2.471                                 KURHFS 
  5256.216   23.0051     2.267    -2.983                                 KURHFS 
  5256.216   23.0051     2.267    -3.187                                 KURHFS 
  5256.229 607.01214     0.309    -3.473               7.724          0701Ra0155
  5256.249   23.0051     2.267    -2.284                                 KURHFS 
  5256.249   23.0051     2.267    -3.187                                 KURHFS 
  5256.252 607.01214     0.289    -3.390               7.724          0701Qb0115
  5256.277 607.01214     0.289    -4.201               7.724          0701Pd0125
  5256.320 607.01214     0.428    -4.355               7.724          0701Rd0275
  5256.356 106.00113     1.204    -6.612               3.464            AX13R125
  5256.381 106.00112     1.173    -5.854               3.464            BX13P105
  5256.387 607.01214     0.263    -4.200               7.724          0701Rc0055
  5256.387 607.01314     1.082    -3.525               7.724          1104Rc0215
  5256.400 607.01214     0.263    -3.689               7.724          0701Qa0065
  5256.428 607.01314     1.082    -2.400               7.724          1104Qa0225
  5256.470      68.1     2.211     -0.72                                        
  5256.476 607.01214     1.952    -2.704               7.724          1608Ra0095
  5256.482 106.00112     2.206    -3.283               3.464            AX13Q295
  5256.528 112.00124     0.825    -3.242               1.340           12R127b24
  5256.529      26.0     2.988     -6.42                                        
  5256.558 112.00124     0.168    -1.953               1.340           00P215b24
  5256.591 106.00112     2.206    -6.236               3.464            AX13R285
  5256.609 607.01214     0.203    -5.096               7.724          0600Pc0285
  5256.680      24.1     4.411     -3.64                                        
  5256.692      22.0     0.812     -4.09                                        
  5256.699 106.00112     2.206    -5.856               3.464            AX13P295
  5256.780 607.01214     1.722    -4.568               7.724          0902Rd0735
  5256.808 106.00112     2.206    -3.302               3.464            AX13Q285
  5256.821      23.0     2.614     -0.34                                        
  5256.848 607.01214     1.933    -3.244               7.724          1608Ra0015
  5256.893      23.0     3.812     -4.22                                        
  5256.893      38.0     2.270      0.39                                        
  5256.907      25.1     6.489     -5.24                                        
  5256.907 106.00112     2.034    -3.647               3.464            AX02Q305
  5256.919 607.01214     0.254    -4.513               7.724          0701Qc0015
  5256.923 607.01214     0.254    -4.994               7.724          0701Pa0025
  5256.938      26.1     2.889     -4.25                                        
  5256.947 112.00124     1.008    -2.270               1.340           00P239b24
  5256.990      23.0     2.581     -5.23                                        
  5256.992      26.0     5.082     -1.36                                        
  5257.025 106.00112     2.034    -6.702               3.464            AX02R295
  5257.028      23.0     3.076     -2.55                                        
  5257.029 106.00113     2.003    -3.467               3.464            AX35R175
  5257.038 112.00124     0.781    -3.585               1.340           01R130b24
  5257.045      92.1     0.703     -1.29                              Nils02/9% 
  5257.066 106.00113     2.003    -3.441               3.464            AX35R185
  5257.073      24.0     3.432     -3.49                                        
  5257.081      44.0     3.783      0.23                                        
  5257.124 106.00113     2.003    -5.471               3.464            AX35Q185
  5257.173 607.01214     1.945    -3.063               7.724          1608Pb0065
  5257.177 106.00112     2.034    -6.221               3.464            AX02P305
  5257.191 607.01314     1.160    -2.551               7.724          1104Rb0285
  5257.199 106.00113     1.689    -6.073               3.464            AX35R105
  5257.239 607.01214     0.266    -4.184               7.724          0701Rc0065
  5257.245 607.01314     1.160    -3.335               7.724          1104Qd0295
  5257.253 607.01214     0.266    -3.615               7.724          0701Qa0075
  5257.261 607.01214     1.217    -3.782               7.724          1003Qc0445
  5257.288 106.00112     1.705    -3.658               3.464            AX24R175
  5257.296 106.00112     2.034    -3.660               3.464            AX02Q295
  5257.316 607.01214     1.957    -2.661               7.724          1608Ra0105
  5257.349 607.01214     1.217    -2.675               7.724          1003Pa0455
  5257.373 106.00112     1.705    -3.675               3.464            AX24R165
  5257.393 106.00112     1.705    -5.591               3.464            AX24Q175
  5257.470 106.00112     2.044    -5.967               3.464            AX46R135
  5257.474 112.00124     1.105    -0.724               1.340           01R238b24
  5257.487      70.1     4.261     -0.45                                        
  5257.498 607.01214     0.364    -3.463               7.724          0600Qb0385
  5257.501      23.1     2.274     -3.44                                        
  5257.523 607.01214     1.957    -2.499               7.724          1608Qb0095
  5257.526      25.1     5.396     -8.17                                        
  5257.540 607.01214     1.957    -3.198               7.724          1608Pd0105
  5257.577 607.01214     0.364    -5.079               7.724          0600Pd0395
  5257.579      22.0     2.486     -1.05                                 LAWLER 
  5257.583      26.0     3.981     -4.19                                        
  5257.655      26.0     3.571     -2.99                                        
  5257.661 112.00124     1.105    -3.675               1.340           01Q138b24
  5257.684 607.01314     1.148    -2.542               7.724          1104Ra0285
  5257.711 607.01214     1.985    -2.541               7.724          1608Rb0145
  5257.720 607.01214     0.341    -3.406               7.724          0701Rb0185
  5257.722 106.00113     1.477    -3.884               3.464            AX13R185
  5257.726 106.00113     1.477    -3.896               3.464            AX13R175
  5257.734 607.01214     1.985    -2.911               7.724          1608Qd0155
  5257.743 106.00113     1.205    -6.573               3.464            AX13R125
  5257.746 607.01214     0.278    -3.869               7.724          0600Pb0335
  5257.759 607.01214     0.341    -3.964               7.724          0701Qd0195
  5257.775 607.01214     0.316    -3.444               7.724          0701Ra0165
  5257.794 607.01214     1.933    -3.344               7.724          1608Ra0005
  5257.854 106.00113     1.477    -5.878               3.464            AX13Q185
  5257.859      15.0     6.980     -3.00                                        
  5257.874      22.0     2.295     -3.87                                        
  5257.875      15.0     6.949     -3.00                                        
  5257.880 607.01214     1.139    -4.107               7.724          1003Pc0405
  5257.897 607.01214     0.256    -4.307               7.724          0701Qc0025
  5257.904 607.01214     0.256    -4.643               7.724          0701Pa0035
  5257.920      62.1     0.333     -2.80                              Lawler06  
  5257.927 112.00124     1.105    -0.714               1.340           01R138b24
  5257.971 607.01214     0.274    -3.909               7.724          0701Pb0085
  5258.038 106.00113     1.690    -6.041               3.464            AX35R105
  5258.065      23.0     3.085     -2.67                                        
  5258.071 106.00113     2.027    -3.646               3.464            AX02Q305
  5258.083      26.0     2.607     -6.09                                        
  5258.118      23.0     1.798     -2.01                                        
  5258.169 607.01314     1.046    -3.276               7.724          1104Qc0175
  5258.203 607.01314     1.046    -2.858               7.724          1104Pa0185
  5258.209   27.0059     1.881    -5.777                                 KURHFS 
  5258.230   27.0059     1.881    -5.777                                 KURHFS 
  5258.230   27.0059     1.881    -5.953                                 KURHFS 
  5258.260   27.0059     1.881    -5.613                                 KURHFS 
  5258.260   27.0059     1.881    -6.078                                 KURHFS 
  5258.260   27.0059     1.881    -6.203                                 KURHFS 
  5258.269 607.01214     0.270    -4.172               7.724          0701Rc0075
  5258.285 607.01214     0.270    -3.550               7.724          0701Qa0085
  5258.293 106.00113     2.027    -6.702               3.464            AX02R295
  5258.298      26.0     3.926     -3.79                                        
  5258.302   27.0059     1.881    -5.605                                 KURHFS 
  5258.302   27.0059     1.881    -5.639                                 KURHFS 
  5258.302   27.0059     1.881    -6.631                                 KURHFS 
  5258.307 106.00113     2.027    -6.220               3.464            AX02P305
  5258.320      23.0     3.096     -1.56                                        
  5258.325 607.01214     1.906    -3.472               7.724          1507Pc0295
  5258.337 607.01214     0.482    -3.656               7.724          0600Rb0445
  5258.353 607.01214     1.961    -2.620               7.724          1608Ra0115
  5258.354   27.0059     1.881    -5.356                                 KURHFS 
  5258.354   27.0059     1.881    -5.766                                 KURHFS 
  5258.359      66.1     2.469     -0.73                                        
  5258.360      90.0     0.479     -1.76                                        
  5258.412      15.0     6.985     -3.02                              NIST/E    
  5258.416   27.0059     1.881    -5.140                                 KURHFS 
  5258.422 607.01214     2.042    -3.297               7.724          1608Rd0225
  5258.428 607.01214     0.482    -4.834               7.724          0600Qd0455
  5258.456      58.1     0.700     -1.74                                        
  5258.471      39.0     1.889     -2.14                                        
  5258.506 607.01214     0.295    -3.347               7.724          0701Qb0125
  5258.516 106.00112     2.010    -3.442               3.464            AX35R185
  5258.529 106.00113     2.027    -3.660               3.464            AX02Q295
  5258.533 607.01214     0.295    -4.199               7.724          0701Pd0135
  5258.552 607.01314     2.469    -2.922               7.724          1910Qc0245
  5258.589 607.01314     2.469    -2.335               7.724          1910Pa0255
  5258.621      25.1     6.489     -7.26                                        
  5258.640 106.00112     2.010    -5.442               3.464            AX35Q185
  5258.645 106.00112     2.010    -3.467               3.464            AX35R175
  5258.671      22.0     3.106     -1.46                                        
  5258.690      23.0     3.824     -4.13                                        
  5258.697      22.0     2.039     -6.27                                        
  5258.709 607.01314     1.877    -3.326               7.724          1507Rc0305
  5258.724      23.0     2.893     -4.69                                        
  5258.760 607.01214     1.933    -3.390               7.724          1608Rc0005
  5258.760 607.01214     1.933    -3.419               7.724          1608Qa0015
  5258.762 607.01314     1.877    -1.989               7.724          1507Qa0315
  5258.775 607.01314     1.102    -2.377               7.724          1104Qb0235
  5258.780 607.01214     1.934    -3.336               7.724          1608Rc0015
  5258.783 106.00112     1.208    -6.611               3.464            AX13R125
  5258.783 607.01214     1.934    -3.165               7.724          1608Qa0025
  5258.820 607.01314     1.102    -3.573               7.724          1104Pd0245
  5258.828 106.00112     2.045    -5.928               3.464            AX46R135
  5258.842      14.0     5.611     -2.                                adj-0.18
  5258.895      26.0     4.981     -3.76                                        
  5258.934      26.0     4.952     -2.50                                        
  5259.001 607.01214     1.935    -3.287               7.724          1608Rc0025
  5259.005 607.01214     1.935    -3.004               7.724          1608Qa0035
  5259.032      42.0     2.597     -0.82                              NIST/B+   
  5259.041 607.01314     2.440    -3.277               7.724          1910Pc0215
  5259.050 607.01314     2.480    -2.321               7.724          1910Pb0255
  5259.059 607.01214     0.258    -4.194               7.724          0701Qc0035
  5259.060      22.0     3.321     -3.87                                        
  5259.068 607.01214     0.258    -4.433               7.724          0701Pa0045
  5259.094      26.0     4.368     -1.51                                        
  5259.119 607.01214     0.441    -4.362               7.724          0701Rd0285
  5259.126      24.0     4.851     -3.85                                        
  5259.146 106.00112     1.694    -6.072               3.464            AX35R105
  5259.146 607.01314     0.146    -4.004               7.724          0600Pb0245
  5259.206 607.01314     0.094    -4.988               7.724          0600Pc0195
  5259.209      24.0     3.847     -2.99                                        
  5259.253 607.01314     0.195    -4.912               7.724          0600Rc0285
  5259.262      22.0     1.748     -4.07                                        
  5259.310 607.01314     0.195    -3.574               7.724          0600Qa0295
  5259.322 607.01314     1.024    -3.650               7.724          1104Pc0145
  5259.330      23.0     3.077     -3.74                                        
  5259.338      74.0     3.406      0.08                                        
  5259.380      57.1     0.173     -1.95                              Law01nohfs
  5259.404      23.1     2.219     -5.29                                        
  5259.423 607.01214     1.937    -3.247               7.724          1608Rc0035
  5259.429 607.01214     1.937    -2.882               7.724          1608Qa0045
  5259.466      28.0     3.737     -1.50                                        
  5259.476 607.01214     0.274    -4.165               7.724          0701Rc0085
  5259.486 106.00113     2.004    -3.441               3.464            AX35R185
  5259.488 607.01214     0.324    -3.417               7.724          0701Ra0175
  5259.495 607.01214     0.274    -3.492               7.724          0701Qa0095
  5259.506 607.01314     1.827    -3.064               7.724          1507Qc0265
  5259.549   27.0059     0.922    -9.782                                 KURHFS 
  5259.550      22.0     3.705     -1.08                                        
  5259.552 607.01314     1.827    -2.396               7.724          1507Pa0275
  5259.555   27.0059     0.922    -9.372                                 KURHFS 
  5259.561   27.0059     0.922    -9.150                                 KURHFS 
  5259.566   27.0059     0.922    -9.025                                 KURHFS 
  5259.570   27.0059     0.922    -8.974                                 KURHFS 
  5259.571   27.0059     0.922    -8.668                                 KURHFS 
  5259.573   27.0059     0.922    -8.472                                 KURHFS 
  5259.575   27.0059     0.922    -8.418                                 KURHFS 
  5259.575   27.0059     0.922    -9.004                                 KURHFS 
  5259.577   27.0059     0.922    -8.440                                 KURHFS 
  5259.577 607.01314     0.208    -3.573               7.724          0600Qb0295
  5259.578   27.0059     0.922    -8.531                                 KURHFS 
  5259.578   27.0059     0.922    -8.719                                 KURHFS 
  5259.580 607.01214     1.967    -2.583               7.724          1608Ra0125
  5259.586   27.0059     0.922    -8.974                                 KURHFS 
  5259.589   27.0059     0.922    -8.586                                 KURHFS 
  5259.591   27.0059     0.922    -8.331                                 KURHFS 
  5259.593   27.0059     0.922    -8.133                                 KURHFS 
  5259.595   27.0059     0.922    -7.969                                 KURHFS 
  5259.596   27.0059     0.922    -7.828                                 KURHFS 
  5259.601      25.1     5.396     -8.36                                        
  5259.614   59.1141     0.633    -3.727                                 IV/LAW 
  5259.633   59.1141     0.633    -3.418                                 IV/LAW 
  5259.636 607.01314     0.208    -4.958               7.724          0600Pd0305
  5259.644 607.01314     0.134    -4.645               7.724          0600Qc0235
  5259.650   59.1141     0.633    -3.356                                 IV/LAW 
  5259.655 112.00124     0.190    -1.983               1.340           00P216b24
  5259.665   59.1141     0.633    -3.539                                 IV/LAW 
  5259.667   59.1141     0.633    -1.961                                 IV/LAW 
  5259.667 607.01214     1.948    -2.985               7.724          1608Pb0075
  5259.679   59.1141     0.633    -1.763                                 IV/LAW 
  5259.690   59.1141     0.633    -1.716                                 IV/LAW 
  5259.691 607.01314     0.134    -4.016               7.724          0600Pa0245
  5259.693 106.00113     2.004    -5.441               3.464            AX35Q185
  5259.699   59.1141     0.633    -1.767                                 IV/LAW 
  5259.707   59.1141     0.633    -1.965                                 IV/LAW 
  5259.712 607.01214     1.961    -2.447               7.724          1608Qb0105
  5259.725   59.1141     0.633    -0.538                                 IV/LAW 
  5259.727 106.00113     2.004    -3.467               3.464            AX35R175
  5259.731   59.1141     0.633    -0.603                                 IV/LAW 
  5259.732 607.01214     1.961    -3.189               7.724          1608Pd0115
  5259.736   59.1141     0.633    -0.669                                 IV/LAW 
  5259.739   59.1141     0.633    -0.737                                 IV/LAW 
  5259.741   59.1141     0.633    -0.806                                 IV/LAW 
  5259.741   59.1141     0.633    -0.874                                 IV/LAW 
  5259.770 607.01314     1.063    -2.811               7.724          1104Pb0195
  5259.822      25.1     6.490     -4.09                                        
  5259.877      66.0     2.384      0.67                                        
  5259.889 607.01214     1.280    -2.919               7.724          0902Pb0575
  5259.920      58.0     0.294     -0.84                                        
  5259.958 607.01214     1.992    -2.508               7.724          1608Rb0155
  5259.973      22.0     2.736     -0.18                                        
  5259.988 607.01214     1.992    -2.913               7.724          1608Qd0165
  5260.017 607.01314     1.092    -3.532               7.724          1104Rc0225
  5260.023 106.00112     1.694    -6.040               3.464            AX35R105
  5260.027 607.01214     0.256    -5.143               7.724          0701Pc0025
  5260.045 607.01214     1.939    -3.215               7.724          1608Rc0045
  5260.053 607.01214     1.939    -2.782               7.724          1608Qa0055
  5260.060 607.01314     1.092    -2.378               7.724          1104Qa0235
  5260.089 112.00124     0.962    -2.424               1.340           00P238b24
  5260.099 607.01314     1.890    -1.988               7.724          1507Qb0315
  5260.124 106.00112     1.209    -6.573               3.464            AX13R125
  5260.139 607.01214     0.350    -3.380               7.724          0701Rb0195
  5260.141      42.0     3.824     -0.73                              NIST/B    
  5260.154 607.01314     1.890    -3.367               7.724          1507Pd0325
  5260.179 607.01214     0.350    -3.972               7.724          0701Qd0205
  5260.226      23.0     3.313     -3.83                                        
  5260.255 607.01314     1.839    -2.387               7.724          1507Pb0275
  5260.256 607.01314     2.514    -3.226               7.724          1910Rc0285
  5260.299 607.01314     2.514    -1.919               7.724          1910Qa0295
  5260.330 607.01214     2.593    -3.006               7.724          1910Qc0305
  5260.336      23.0     2.787     -0.83                               LAWNOHFS 
  5260.349 607.01214     0.640    -5.216               7.724          0600Rd0525
  5260.376 607.01214     2.593    -2.231               7.724          1910Pa0315
  5260.387      20.0     2.521     -1.90                              NIST/E    
  5260.404 607.01214     0.260    -4.119               7.724          0701Qc0045
  5260.415 607.01214     0.260    -4.281               7.724          0701Pa0055
  5260.422      24.0     4.236     -3.31                                        
  5260.430      72.1     2.152     -1.54                              Lawler07  
  5260.454      26.0     5.067     -2.93                              PK15THEOR 
  5260.502 106.00113     2.041    -3.324               3.464            AX13Q275
  5260.531      20.0     5.295     -3.97                                        
  5260.536      24.0     4.609     -2.97                                        
  5260.543 106.00112     1.289    -3.112               3.464            BX13P135
  5260.560      22.0     3.699     -1.75                                        
  5260.624 106.00112     1.289    -7.183               3.464            BX13Q135
  5260.658      14.0     5.611     -0.92                                        
  5260.658 106.00113     2.041    -6.238               3.464            AX13R265
  5260.686 607.01214     0.279    -3.848               7.724          0701Pb0095
  5260.693 607.01214     1.934    -3.512               7.724          1608Qc0015
  5260.693 607.01214     1.934    -4.000               7.724          1608Pa0025
  5260.701 106.00113     2.041    -5.841               3.464            AX13P275
  5260.702 607.01214     0.364    -5.030               7.724          0600Rc0385
  5260.730   23.0051     3.087    -3.935                                 KURHFS 
  5260.730   23.0051     3.087    -4.561                                 KURHFS 
  5260.730   23.0051     3.087    -5.426                                 KURHFS 
  5260.736   25.0055     3.133    -3.792                                 BLKKUR 
  5260.740   25.0055     3.133    -3.148                                 BLKKUR 
  5260.742   25.0055     3.133    -3.595                                 BLKKUR 
  5260.743      20.0     5.386     -4.68                                        
  5260.743   23.0051     3.087    -4.151                                 KURHFS 
  5260.743   23.0051     3.087    -4.400                                 KURHFS 
  5260.743   23.0051     3.087    -4.998                                 KURHFS 
  5260.743 607.01214     1.139    -3.714               7.724          1104Pc0245
  5260.747   25.0055     3.133    -3.094                                 BLKKUR 
  5260.749   25.0055     3.133    -3.539                                 BLKKUR 
  5260.751   25.0055     3.133    -3.792                                 BLKKUR 
  5260.754   23.0051     3.087    -4.408                                 KURHFS 
  5260.754   23.0051     3.087    -4.434                                 KURHFS 
  5260.754   23.0051     3.087    -4.748                                 KURHFS 
  5260.756   25.0055     3.133    -2.988                                 BLKKUR 
  5260.759   25.0055     3.133    -3.580                                 BLKKUR 
  5260.762   23.0051     3.087    -4.572                                 KURHFS 
  5260.762   23.0051     3.087    -4.572                                 KURHFS 
  5260.762   23.0051     3.087    -4.873                                 KURHFS 
  5260.762   25.0055     3.133    -3.595                                 BLKKUR 
  5260.763      24.0     2.913     -5.49                                        
  5260.767   25.0055     3.133    -2.864                                 BLKKUR 
  5260.771   25.0055     3.133    -3.770                                 BLKKUR 
  5260.774   25.0055     3.133    -3.539                                 BLKKUR 
  5260.781   25.0055     3.133    -2.736                                 BLKKUR 
  5260.781 607.01214     0.364    -3.451               7.724          0600Qa0395
  5260.789   25.0055     3.133    -3.580                                 BLKKUR 
  5260.797   25.0055     3.133    -2.611                                 BLKKUR 
  5260.807   25.0055     3.133    -3.770                                 BLKKUR 
  5260.807 106.00113     1.478    -3.884               3.464            AX13R185
  5260.812      64.0     1.962     -0.16                                        
  5260.824 106.00112     1.289    -3.058               3.464            BX13P145
  5260.851   23.0051     2.284    -2.672                                 KURHFS 
  5260.851   23.0051     2.284    -2.868                                 KURHFS 
  5260.857 106.00113     2.041    -3.339               3.464            AX13Q265
  5260.860   23.0051     2.284    -2.647                                 KURHFS 
  5260.860   23.0051     2.284    -2.658                                 KURHFS 
  5260.860   23.0051     2.284    -2.868                                 KURHFS 
  5260.861 607.01214     0.279    -4.160               7.724          0701Rc0095
  5260.866 607.01214     1.942    -3.191               7.724          1608Rc0055
  5260.874   23.0051     2.284    -2.520                                 KURHFS 
  5260.874   23.0051     2.284    -2.544                                 KURHFS 
  5260.874   23.0051     2.284    -2.647                                 KURHFS 
  5260.876 607.01214     1.942    -2.698               7.724          1608Qa0065
  5260.882 607.01214     0.279    -3.440               7.724          0701Qa0105
  5260.884      26.0     3.940     -3.79                                        
  5260.893   23.0051     2.284    -2.353                                 KURHFS 
  5260.893   23.0051     2.284    -2.501                                 KURHFS 
  5260.893   23.0051     2.284    -2.544                                 KURHFS 
  5260.909 607.01214     0.302    -3.307               7.724          0701Qb0135
  5260.916   23.0051     2.284    -2.184                                 KURHFS 
  5260.916   23.0051     2.284    -2.501                                 KURHFS 
  5260.916   23.0051     2.284    -2.512                                 KURHFS 
  5260.920      69.1     3.244     -0.89                              Wickliff97
  5260.933      22.0     3.706     -1.48                                        
  5260.938 607.01214     0.302    -4.199               7.724          0701Pd0145
  5260.939 106.00113     1.478    -3.896               3.464            AX13R175
  5260.939 106.00113     1.478    -5.848               3.464            AX13Q185
  5260.944   23.0051     2.284    -2.025                                 KURHFS 
  5260.944   23.0051     2.284    -2.512                                 KURHFS 
  5260.944   23.0051     2.284    -2.589                                 KURHFS 
  5260.960      74.1     2.855     -1.01                                        
  5260.976   23.0051     2.284    -1.877                                 KURHFS 
  5260.976   23.0051     2.284    -2.589                                 KURHFS 
  5260.976   23.0051     2.284    -2.804                                 KURHFS 
  5260.988      24.0     4.446     -2.61                                        
