a line list in the range:    5659.00   5671.00
  5659.020 106.00112     1.108    -4.927               3.464            BX03P095
  5659.023   27.0059     2.040    -5.583                                 LAWHFS 
  5659.028   27.0059     2.040    -5.492                                 KURHFS 
  5659.039   27.0059     2.040    -5.185                                 LAWHFS 
  5659.044   27.0059     2.040    -5.094                                 KURHFS 
  5659.051 607.01314     0.085    -4.411               7.724          0500Rd0195
  5659.054   27.0059     2.040    -4.980                                 LAWHFS 
  5659.059   27.0059     2.040    -4.890                                 KURHFS 
  5659.068   27.0059     2.040    -4.883                                 LAWHFS 
  5659.069   27.0059     2.040    -4.281                                 LAWHFS 
  5659.072   27.0059     2.040    -4.793                                 KURHFS 
  5659.074   27.0059     2.040    -4.191                                 KURHFS 
  5659.078   27.0059     2.040    -4.070                                 LAWHFS 
  5659.080   27.0059     2.040    -4.883                                 LAWHFS 
  5659.083   27.0059     2.040    -3.980                                 KURHFS 
  5659.084   27.0059     2.040    -4.793                                 KURHFS 
  5659.087   27.0059     2.040    -3.997                                 LAWHFS 
  5659.091   27.0059     2.040    -3.907                                 KURHFS 
  5659.091   27.0059     2.040    -5.038                                 LAWHFS 
  5659.094   27.0059     2.040    -3.991                                 LAWHFS 
  5659.094   27.0059     2.040    -4.948                                 KURHFS 
  5659.097      22.0     0.899     -4.01                                        
  5659.098   27.0059     2.040    -3.901                                 KURHFS 
  5659.100      26.0     5.082     -3.17                                        
  5659.100   27.0059     2.040    -4.038                                 LAWHFS 
  5659.104   27.0059     2.040    -3.948                                 KURHFS 
  5659.104   27.0059     2.040    -4.143                                 LAWHFS 
  5659.107   27.0059     2.040    -4.339                                 LAWHFS 
  5659.108   27.0059     2.040    -4.053                                 KURHFS 
  5659.110   27.0059     2.040    -4.249                                 KURHFS 
  5659.115   27.0059     2.040    -4.406                                 LAWHFS 
  5659.118   27.0059     2.040    -4.316                                 KURHFS 
  5659.120   27.0059     2.040    -4.143                                 LAWHFS 
  5659.122   27.0059     2.040    -3.273                                 LAWHFS 
  5659.123   27.0059     2.040    -4.053                                 KURHFS 
  5659.124   27.0059     2.040    -3.378                                 LAWHFS 
  5659.124   27.0059     2.040    -3.939                                 LAWHFS 
  5659.126   27.0059     2.040    -3.183                                 KURHFS 
  5659.126   27.0059     2.040    -3.494                                 LAWHFS 
  5659.126   27.0059     2.040    -3.623                                 LAWHFS 
  5659.126   27.0059     2.040    -3.769                                 LAWHFS 
  5659.127   27.0059     2.040    -3.849                                 KURHFS 
  5659.129   27.0059     2.040    -3.288                                 KURHFS 
  5659.130   27.0059     2.040    -3.679                                 KURHFS 
  5659.131   27.0059     2.040    -3.404                                 KURHFS 
  5659.131   27.0059     2.040    -3.533                                 KURHFS 
  5659.145      22.0     2.152     -3.09                                        
  5659.178 607.01214     1.468    -3.818               7.724          0903Rd0565
  5659.187      23.0     3.236     -3.99                                        
  5659.192 607.01214     1.633    -4.974               7.724          0600Qd0845
  5659.213 106.00113     1.135    -4.928               3.464            BX03P095
  5659.272 106.00112     1.914    -6.625               3.464            AX13P245
  5659.292 106.00113     1.135    -8.984               3.464            BX03Q095
  5659.305 106.00112     1.016    -7.118               3.464            BX03P045
  5659.337 607.01314     1.024    -2.583               7.724          1004Rb0145
  5659.340 607.01314     0.000    -4.798               7.724          0500Rd0015
  5659.356 607.01214     3.224    -1.894               7.724          2213Qb0295
  5659.371 607.01314     1.024    -2.961               7.724          1004Qd0155
  5659.489 607.01214     1.039    -3.802               7.724          0802Pc0475
  5659.506 607.01314     1.102    -3.365               7.724          1004Rd0245
  5659.510      14.0     5.615     -3.26                                        
  5659.517      58.1     1.026     -2.00                              Lawler09  
  5659.519      24.0     5.829     -0.55                                        
  5659.528 106.00112     2.113    -7.022               3.464            AX02P305
  5659.529 607.01214     3.224    -3.211               7.724          2213Pd0305
  5659.539 607.01214     0.190    -3.317               7.724          0500Ra0285
  5659.567 112.00124     0.267    -2.908               1.340           01P211b24
  5659.575      26.0     5.082     -0.80                                        
  5659.593 112.00124     0.708    -3.240               1.340           01P228b24
  5659.604 607.01214     1.934    -3.356               7.724          1508Rb0015
  5659.608 607.01214     1.934    -3.099               7.724          1508Qd0025
  5659.620      45.0     1.782     -2.27                                        
  5659.632 106.00112     1.986    -6.699               3.464            AX13P255
  5659.633 106.00113     1.135    -4.863               3.464            BX03P105
  5659.646 607.01214     0.108    -4.347               7.724          0500Rc0205
  5659.649 607.01214     1.128    -2.086               7.724          1004Qb0235
  5659.649 607.01214     1.935    -3.009               7.724          1508Qd0035
  5659.649 607.01214     1.935    -3.183               7.724          1508Rb0025
  5659.684 607.01214     2.615    -2.587               7.724          1911Qb0065
  5659.686 607.01214     3.147    -3.246               7.724          2213Pc0225
  5659.690      26.0     4.140     -4.00                                        
  5659.696 607.01214     0.108    -3.198               7.724          0500Qa0215
  5659.702 607.01214     1.128    -3.311               7.724          1004Pd0245
  5659.710 607.01214     2.615    -3.145               7.724          1911Pd0075
  5659.736 607.01214     1.933    -3.631               7.724          1508Rb0005
  5659.737 607.01214     1.933    -3.229               7.724          1508Qd0015
  5659.775      60.1     1.599     -0.52                                        
  5659.793      58.0     0.159     -1.45                                        
  5659.795 106.00113     1.244    -6.575               3.464            AX13P125
  5659.817      24.0     5.829     -1.86                                        
  5659.821 607.01314     0.992    -2.597               7.724          1004Qb0085
  5659.822      24.0     5.474     -1.17                                        
  5659.830 106.00113     2.289    -6.085               3.464            AX46P185
  5659.841 607.01314     0.992    -3.260               7.724          1004Pd0095
  5659.864 607.01214     1.937    -3.054               7.724          1508Rb0035
  5659.866      62.0     0.101     -0.90                                        
  5659.872 607.01214     1.937    -2.943               7.724          1508Qd0045
  5659.889      20.1     7.044     -3.84                                        
  5659.901 607.01214     1.070    -3.010               7.724          1004Qc0175
  5659.937       6.0     8.531     -1.96                                        
  5659.941 607.01214     1.070    -2.564               7.724          1004Pa0185
  5659.974      24.0     3.963     -4.48                                        
  5659.990 607.01314     0.981    -3.195               7.724          1004Pb0055
  5660.005 106.00113     1.487    -6.378               3.464            BX14R125
  5660.039 607.01214     1.933    -3.397               7.724          1508Qd0005
  5660.059      22.0     3.111     -3.69                                        
  5660.075 607.01314     0.982    -2.900               7.724          1004Ra0065
  5660.081      74.0     2.265     -2.06                                        
  5660.097 607.01314     0.985    -2.844               7.724          1004Ra0075
  5660.126      26.0     4.577     -4.18                                        
  5660.127 607.01214     2.636    -2.557               7.724          1911Rb0115
  5660.128 607.01214     1.992    -3.129               7.724          1508Rd0165
  5660.157 106.00113     1.707    -6.614               3.464            AX13P215
  5660.251 607.01314     0.979    -2.961               7.724          1004Ra0055
  5660.259 607.01214     1.939    -2.949               7.724          1508Rb0045
  5660.263 607.01214     2.636    -2.800               7.724          1911Qd0125
  5660.271 607.01214     1.919    -2.945               7.724          1407Qc0305
  5660.271 607.01214     1.939    -2.895               7.724          1508Qd0055
  5660.310 607.01314     0.988    -2.792               7.724          1004Ra0085
  5660.335 607.01214     1.919    -2.142               7.724          1407Pa0315
  5660.349 106.00112     2.463    -6.207               3.464            AX35P255
  5660.350 607.01214     2.610    -3.153               7.724          1911Pb0045
  5660.392      26.0     3.298     -4.61                                        
  5660.476      58.1     1.278     -1.61                              Lawler09  
  5660.479 106.00112     1.424    -6.414               3.464            BX14R105
  5660.492 607.01314     0.094    -4.417               7.724          0500Rd0205
  5660.495 607.01214     3.178    -2.922               7.724          2213Qc0255
  5660.504      14.0     5.611     -1.66                                        
  5660.525 106.00113     1.772    -6.683               3.464            AX13P225
  5660.560 607.01214     1.308    -3.499               7.724          1004Rd0375
  5660.561 607.01214     1.202    -2.247               7.724          1004Rb0295
  5660.601 607.01214     0.064    -4.091               7.724          0500Qc0155
  5660.623 607.01314     0.977    -3.029               7.724          1004Ra0045
  5660.628 607.01214     1.202    -3.088               7.724          1004Qd0305
  5660.640 607.01214     0.064    -3.697               7.724          0500Pa0165
  5660.646 607.01214     3.178    -2.279               7.724          2213Pa0265
  5660.658 607.01214     2.683    -3.169               7.724          1911Rd0195
  5660.677      14.0     5.611     -1.16                                        
  5660.721 607.01314     0.992    -2.745               7.724          1004Ra0095
  5660.737 607.01314     0.000    -5.026               7.724          0500Rd0005
  5660.744      74.0     2.434     -1.26                                        
  5660.786      21.1     7.217     -4.04                                        
  5660.801      26.0     3.640     -2.83                              NIST/E    
  5660.809 607.01214     1.188    -2.239               7.724          1004Ra0295
  5660.828 607.01214     1.942    -2.861               7.724          1508Rb0055
  5660.835 607.01314     2.502    -2.855               7.724          1810Qc0275
  5660.839 607.01214     1.942    -2.859               7.724          1508Qd0065
  5660.841 106.00113     2.336    -7.874               3.464            AX36R205
  5660.883 607.01314     2.502    -2.171               7.724          1810Pa0285
  5660.896 106.00113     2.106    -7.022               3.464            AX02P305
  5660.903      26.0     4.291     -4.47                                        
  5660.916 106.00112     0.694    -7.082               3.464            AX02P035
  5660.954 607.01214     1.117    -3.272               7.724          1004Rc0225
  5660.986      22.0     2.091     -5.96                                        
  5660.992   23.0051     1.868    -3.475                                 KURHFS 
  5660.992   23.0051     1.868    -3.496                                 KURHFS 
  5660.992   23.0051     1.868    -3.621                                 KURHFS 
  5661.006 607.01214     1.117    -2.087               7.724          1004Qa0235
  5661.021      26.0     4.577     -2.43                                        
  5661.032 607.01314     1.766    -3.197               7.724          1407Pc0205
  5661.054   23.0051     1.868    -3.154                                 KURHFS 
  5661.054   23.0051     1.868    -3.475                                 KURHFS 
  5661.054   23.0051     1.868    -3.952                                 KURHFS 
  5661.109 106.00113     1.772    -8.552               3.464            AX03R235
  5661.149 607.01214     0.080    -3.643               7.724          0500Pb0175
  5661.156 106.00112     0.694    -7.094               3.464            AX02P035
  5661.164 607.01214     1.933    -3.397               7.724          1508Qb0005
  5661.166 607.01214     1.933    -3.698               7.724          1508Pd0015
  5661.198 607.01314     0.975    -3.106               7.724          1004Ra0035
  5661.224 607.01214     1.633    -3.306               7.724          0600Ra0845
  5661.281      26.0     4.188     -3.54                                        
  5661.314 607.01214     1.103    -3.386               7.724          0903Qc0385
  5661.325 607.01314     0.996    -2.702               7.724          1004Ra0105
  5661.346      26.0     4.284     -1.76                              NIST/B    
  5661.358 607.01214     1.197    -3.641               7.724          0903Rc0435
  5661.373 607.01314     1.031    -2.550               7.724          1004Rb0155
  5661.401 607.01214     1.103    -2.380               7.724          0903Pa0395
  5661.407 607.01314     1.031    -2.963               7.724          1004Qd0165
  5661.453 607.01214     0.129    -3.174               7.724          0500Qb0225
  5661.457 607.01214     1.197    -1.988               7.724          0903Qa0445
  5661.487 607.01214     1.325    -2.206               7.724          0903Rb0495
  5661.507 607.01214     0.129    -4.395               7.724          0500Pd0235
  5661.532 607.01314     1.851    -3.129               7.724          1407Rc0285
  5661.552 607.01314     0.003    -4.430               7.724          0500Rb0025
  5661.560 607.01314     0.003    -4.264               7.724          0500Qd0035
  5661.571      59.0     1.328      0.51                                        
  5661.578 607.01214     1.945    -2.785               7.724          1508Rb0065
  5661.583 106.00112     1.395    -6.424               3.464            BX14R095
  5661.588 607.01214     1.945    -2.831               7.724          1508Qd0075
  5661.590 607.01314     0.004    -4.300               7.724          0500Rb0035
  5661.590 607.01314     1.851    -1.832               7.724          1407Qa0295
  5661.599 607.01214     1.325    -3.437               7.724          0903Qd0505
  5661.600 607.01314     0.004    -4.200               7.724          0500Qd0045
  5661.615 607.01214     1.866    -5.312               7.724          0600Rd0905
  5661.642 607.01214     2.618    -2.516               7.724          1911Qb0075
  5661.653 607.01314     0.001    -4.604               7.724          0500Rb0015
  5661.658 607.01314     0.001    -4.354               7.724          0500Qd0025
  5661.673 607.01214     2.618    -3.119               7.724          1911Pd0085
  5661.769 607.01314     0.007    -4.194               7.724          0500Rb0045
  5661.781 607.01314     0.007    -4.153               7.724          0500Qd0055
  5661.792 607.01214     1.999    -3.133               7.724          1508Rd0175
  5661.838 607.01314     0.996    -2.540               7.724          1004Qb0095
  5661.849 106.00113     2.106    -7.694               3.464            AX25R205
  5661.853 106.00113     2.395    -6.215               3.464            AX35P245
  5661.860 607.01314     0.996    -3.247               7.724          1004Pd0105
  5661.862 607.01214     1.047    -3.381               7.724          1004Pc0145
  5661.887 607.01214     3.189    -2.269               7.724          2213Pb0265
  5661.892 607.01314     0.000    -4.880               7.724          0500Rb0005
  5661.896 607.01314     0.000    -4.482               7.724          0500Qd0015
  5661.898      24.0     5.830     -3.34                                        
  5661.924 106.00112     2.112    -7.694               3.464            AX25R205
  5661.937      24.1     5.869     -4.73                                        
  5661.970 607.01314     0.974    -3.191               7.724          1004Ra0025
  5661.971      26.0     4.257     -2.73                                        
  5661.977 607.01214     1.087    -2.517               7.724          1004Pb0195
  5661.986 607.01214     1.934    -3.159               7.724          1508Qb0015
  5661.990 607.01214     1.934    -3.468               7.724          1508Pd0025
  5662.043 607.01314     2.514    -2.163               7.724          1810Pb0285
  5662.090 607.01314     0.009    -4.106               7.724          0500Rb0055
  5662.094 607.01314     0.104    -4.424               7.724          0500Rd0215
  5662.104 607.01314     0.009    -4.118               7.724          0500Qd0065
  5662.107 607.01214     0.345    -4.597               7.724          0500Rd0385
  5662.120 607.01314     1.001    -2.662               7.724          1004Ra0115
  5662.131 607.01314     1.113    -3.373               7.724          1004Rd0255
  5662.151      22.0     2.316     -0.11                                        
  5662.156 607.01314     1.864    -1.831               7.724          1407Qb0295
  5662.190      59.1     1.052     -1.46                                LINOHFS 
  5662.216 607.01314     1.864    -3.166               7.724          1407Pd0305
  5662.271 607.01314     0.000    -4.648               7.724          0500Qd0005
  5662.316 607.01214     2.642    -2.797               7.724          1911Qd0135
  5662.321 607.01214     2.642    -2.516               7.724          1911Rb0125
  5662.434 106.00113     1.285    -6.548               3.464            AX13P135
  5662.435      60.0     1.336      0.04                                        
  5662.447 106.00112     2.297    -6.033               3.464            AX46P185
  5662.500 607.01314     0.985    -3.105               7.724          1004Pb0065
  5662.504 607.01214     1.948    -2.719               7.724          1508Rb0075
  5662.516      26.0     4.178     -0.41                              DenHarto14
  5662.518 607.01214     1.948    -2.811               7.724          1508Qd0085
  5662.533 106.00112     1.456    -6.398               3.464            BX14R115
  5662.537      24.1     3.884     -5.64                                        
  5662.554 607.01314     0.013    -4.030               7.724          0500Rb0065
  5662.571 607.01314     0.013    -4.092               7.724          0500Qd0075
  5662.605 607.01214     1.933    -2.135               7.724          1407Pb0315
  5662.607      24.0     3.432     -2.56                                        
  5662.696      24.0     5.517     -2.94                                        
  5662.722      22.0     3.158     -4.14                                        
  5662.777 607.01314     2.469    -3.180               7.724          1810Pc0245
  5662.822      23.0     2.682     -4.48                                        
  5662.822 607.01214     2.612    -3.047               7.724          1911Pb0055
  5662.883      22.0     2.479     -0.51                                        
  5662.886 607.01214     0.043    -4.481               7.724          0500Pc0125
  5662.902 112.00124     0.284    -2.941               1.340           01P212b24
  5662.920      39.1     1.944      0.34                              Biemont11 
  5662.938      26.0     3.695     -1.98                              NIST/C+   
  5662.944 607.01314     0.973    -3.287               7.724          1004Ra0015
  5662.946 607.01214     0.217    -3.309               7.724          0500Rb0295
  5662.982 607.01214     1.935    -2.975               7.724          1508Qb0025
  5662.987 607.01214     1.935    -3.339               7.724          1508Pd0035
  5663.017 607.01214     0.217    -4.186               7.724          0500Qd0305
  5663.061 112.00124     0.673    -3.228               1.340           01P227b24
  5663.083 106.00112     1.247    -6.535               3.464            AX13P125
  5663.106      24.0     4.613     -3.94                                        
  5663.110 607.01314     1.006    -2.625               7.724          1004Ra0125
  5663.162 607.01314     0.016    -3.962               7.724          0500Rb0075
  5663.181 607.01314     0.016    -4.073               7.724          0500Qd0085
  5663.199      58.0     0.515     -1.10                                        
  5663.209 607.01214     1.035    -3.707               7.724          0903Pc0345
  5663.229 607.01214     2.691    -3.175               7.724          1911Rd0205
  5663.341 112.00124     0.825    -4.728               1.340           02R127b24
  5663.355 607.01214     0.118    -4.355               7.724          0500Rc0215
  5663.379 607.01214     2.610    -2.817               7.724          1911Ra0055
  5663.391 112.00124     0.848    -3.992               1.340           13R123b24
  5663.405 607.01214     1.934    -3.698               7.724          1508Pb0015
  5663.407 607.01214     0.118    -3.175               7.724          0500Qa0225
  5663.434 607.01314     0.000    -4.648               7.724          0500Qb0005
  5663.437 607.01314     0.000    -4.950               7.724          0500Pd0015
  5663.448      24.0     3.373     -3.54                                        
  5663.460      58.0     0.295     -1.25                                        
  5663.491 607.01214     0.203    -3.301               7.724          0500Ra0295
  5663.494 607.01214     2.608    -2.884               7.724          1911Ra0045
  5663.494 607.01214     2.612    -2.756               7.724          1911Ra0065
  5663.573 607.01314     1.039    -2.519               7.724          1004Rb0165
  5663.613 607.01314     1.039    -2.967               7.724          1004Qd0175
  5663.614 607.01214     1.952    -2.659               7.724          1508Rb0085
  5663.633 607.01214     1.952    -2.795               7.724          1508Qd0095
  5663.649 607.01214     2.007    -3.138               7.724          1508Rd0185
  5663.687 607.01314     1.816    -2.233               7.724          1407Pb0255
  5663.794 607.01214     2.622    -2.453               7.724          1911Qb0085
  5663.836 607.01314     1.805    -2.866               7.724          1407Qc0245
  5663.840 607.01214     2.606    -2.960               7.724          1911Ra0035
  5663.840 607.01214     2.615    -2.700               7.724          1911Ra0075
  5663.840 607.01214     2.622    -3.100               7.724          1911Pd0095
  5663.857 607.01314     0.113    -4.431               7.724          0500Rd0225
  5663.858 106.00113     1.341    -6.423               3.464            BX14R075
  5663.886 607.01314     1.805    -2.244               7.724          1407Pa0255
  5663.910      62.0     1.808      0.03                                        
  5663.917 607.01314     0.020    -3.903               7.724          0500Rb0085
  5663.938 607.01314     0.020    -4.059               7.724          0500Qd0095
  5663.948      55.0     1.385     -1.51                                        
  5663.975      28.0     4.534     -0.43                                        
  5663.984      58.0     0.719     -0.20                                        
  5664.014 607.01314     1.001    -2.489               7.724          1004Qb0105
  5664.030      24.0     3.432     -0.71                                 SOBECK 
  5664.032       6.0     8.531     -4.37                                        
  5664.039 607.01314     1.001    -3.237               7.724          1004Pd0115
  5664.050 106.00113     1.709    -6.550               3.464            BX13P225
  5664.089 607.01214     3.224    -3.192               7.724          2213Rc0295
  5664.113 607.01314     0.924    -3.965               7.724          0903Pc0285
  5664.119 607.01314     0.972    -3.387               7.724          1004Ra0005
  5664.136 106.00113     1.709    -2.618               3.464            BX13Q215
  5664.151 607.01214     1.937    -2.835               7.724          1508Qb0035
  5664.159 607.01214     1.937    -3.253               7.724          1508Pd0045
  5664.172 106.00113     2.338    -7.817               3.464            AX36R205
  5664.182 106.00113     1.709    -2.502               3.464            BX13Q225
  5664.214 106.00112     1.846    -6.621               3.464            AX13P235
  5664.222 607.01314     0.001    -4.410               7.724          0500Qb0015
  5664.227 607.01314     0.001    -4.721               7.724          0500Pd0025
  5664.263 607.01214     3.224    -1.880               7.724          2213Qa0305
  5664.264 607.01214     1.078    -3.016               7.724          1004Qc0185
  5664.269 106.00113     1.709    -6.193               3.464            BX13R215
  5664.283 112.00124     1.243    -0.975               1.340           13Q235b24
  5664.286 607.01314     1.012    -2.590               7.724          1004Ra0135
  5664.307 607.01214     1.078    -2.535               7.724          1004Pa0195
  5664.329      42.0     3.697     -1.51                                        
  5664.370 607.01214     1.139    -2.065               7.724          1004Qb0245
  5664.411      42.0     3.440     -1.65                                        
  5664.417 607.01214     2.605    -3.044               7.724          1911Ra0025
  5664.417 607.01214     2.618    -2.650               7.724          1911Ra0085
  5664.426 607.01214     1.139    -3.319               7.724          1004Pd0255
  5664.429 607.01214     0.072    -4.095               7.724          0500Qc0165
  5664.430      74.0     2.240     -2.08                                        
  5664.460      22.0     3.864     -3.02                                        
  5664.460 112.00124     1.243    -5.003               1.340           13P135b24
  5664.470 607.01214     0.072    -3.664               7.724          0500Pa0175
  5664.481 112.00124     1.243    -5.003               1.340           13R235b24
  5664.510 106.00113     1.646    -6.608               3.464            AX13P205
  5664.520      40.0     0.632     -1.50                                        
  5664.577 112.00124     1.038    -1.888               1.340           02R233b24
  5664.579      24.0     3.823     -0.79                                        
  5664.583 607.01214     2.647    -2.796               7.724          1911Qd0145
  5664.588 607.01214     2.647    -2.478               7.724          1911Rb0135
  5664.653 106.00112     2.204    -5.529               3.464            AX03R295
  5664.657 112.00124     1.243    -0.963               1.340           13Q135b24
  5664.684      58.0     0.953     -0.43                                        
  5664.696      41.0     0.142     -1.58                                        
  5664.703 607.01214     1.325    -2.193               7.724          0903Ra0505
  5664.730 106.00113     1.286    -6.590               3.464            AX13P135
  5664.760      23.1     6.537     -2.74                                        
  5664.769 112.00124     1.038    -4.721               1.340           02Q133b24
  5664.819 607.01314     0.025    -3.849               7.724          0500Rb0095
  5664.843 607.01314     0.025    -4.049               7.724          0500Qd0105
  5664.861 106.00112     2.204    -5.513               3.464            AX03R285
  5664.876      71.1     3.827     -1.16                                        
  5664.895      73.0     0.249     -2.04                                        
  5664.904 607.01214     1.957    -2.606               7.724          1508Rb0095
  5664.910 106.00112     1.916    -6.694               3.464            AX13P245
  5664.927 607.01214     1.957    -2.784               7.724          1508Qd0105
  5664.931 607.01314     1.124    -3.380               7.724          1004Rd0265
  5664.949      68.0     1.068     -0.56                                        
  5664.958 607.01214     1.880    -3.267               7.724          1407Pc0275
  5664.966 106.00112     2.204    -7.564               3.464            AX03Q295
  5665.008 106.00112     1.248    -6.574               3.464            AX13P125
  5665.139 112.00124     1.038    -1.876               1.340           02R133b24
  5665.147 607.01314     0.003    -4.224               7.724          0500Qb0025
  5665.155 607.01314     0.003    -4.593               7.724          0500Pd0035
  5665.161 607.01314     0.988    -3.028               7.724          1004Pb0075
  5665.180      90.0     1.021     -1.60                                        
  5665.180 607.01314     0.974    -3.381               7.724          1004Rc0015
  5665.184 607.01314     0.974    -3.208               7.724          1004Qa0025
  5665.203      44.0     1.697     -2.32                                        
  5665.213      23.1     6.896     -3.57                                        
  5665.220 106.00112     1.369    -6.427               3.464            BX14R085
  5665.223 607.01214     2.604    -3.139               7.724          1911Ra0015
  5665.223 607.01214     2.622    -2.603               7.724          1911Ra0095
  5665.228      14.0     5.615     -3.74                                        
  5665.229      25.0     5.607     -0.30                                        
  5665.236 607.01314     0.973    -3.434               7.724          1004Rc0005
  5665.239 607.01314     0.973    -3.462               7.724          1004Qa0015
  5665.246   23.0051     1.868    -3.498                                 KURHFS 
  5665.246   23.0051     1.868    -3.975                                 KURHFS 
  5665.251      21.1     7.154     -2.30                                        
  5665.267      60.0     1.477     -0.04                                        
  5665.307   23.0051     1.868    -3.498                                 KURHFS 
  5665.307   23.0051     1.868    -3.644                                 KURHFS 
  5665.307 607.01214     1.128    -3.280               7.724          1004Rc0235
  5665.324 607.01314     0.975    -3.332               7.724          1004Rc0025
  5665.331 607.01314     0.975    -3.046               7.724          1004Qa0035
  5665.345 607.01214     1.935    -3.421               7.724          1508Pb0025
  5665.355 607.01214     1.202    -2.223               7.724          1004Ra0305
  5665.360 607.01214     1.128    -2.067               7.724          1004Qa0245
  5665.363   23.0051     1.217    -5.932                                 KURHFS 
  5665.363   23.0051     1.217    -6.187                                 KURHFS 
  5665.363   23.0051     1.217    -6.217                                 KURHFS 
  5665.365   23.0051     1.217    -5.744                                 KURHFS 
  5665.365   23.0051     1.217    -5.799                                 KURHFS 
  5665.365   23.0051     1.217    -6.187                                 KURHFS 
  5665.369   23.0051     1.217    -5.544                                 KURHFS 
  5665.369   23.0051     1.217    -5.653                                 KURHFS 
  5665.369   23.0051     1.217    -6.238                                 KURHFS 
  5665.374   23.0051     1.217    -5.346                                 KURHFS 
  5665.374   23.0051     1.217    -5.631                                 KURHFS 
  5665.374   23.0051     1.217    -6.363                                 KURHFS 
  5665.380   23.0051     1.217    -5.182                                 KURHFS 
  5665.380   23.0051     1.217    -5.685                                 KURHFS 
  5665.380   23.0051     1.217    -6.585                                 KURHFS 
  5665.387   23.0051     1.217    -5.041                                 KURHFS 
  5665.387   23.0051     1.217    -5.881                                 KURHFS 
  5665.387   23.0051     1.217    -6.995                                 KURHFS 
  5665.406      58.0     0.547     -1.16                                        
  5665.414 607.01214     1.216    -2.231               7.724          1004Rb0305
  5665.449 607.01214     1.449    -3.101               7.724          0600Qb0785
  5665.478 607.01214     2.580    -3.239               7.724          1810Pc0295
  5665.483 607.01214     1.216    -3.096               7.724          1004Qd0315
  5665.494 607.01214     1.939    -2.722               7.724          1508Qb0045
  5665.494 607.01214     2.615    -2.957               7.724          1911Pb0065
  5665.506 607.01214     1.939    -3.192               7.724          1508Pd0055
  5665.540      20.1     7.042     -4.10                                        
  5665.555      14.0     4.920     -2.04                              NIST/D    
  5665.578 106.00112     2.346    -7.873               3.464            AX36R205
  5665.627      41.0     1.612     -1.00                                        
  5665.628      90.1     1.203     -2.04                                        
  5665.628 607.01214     0.089    -3.613               7.724          0500Pb0185
  5665.633 607.01214     1.449    -5.287               7.724          0600Pd0795
  5665.635      26.0     3.639     -2.98                                        
  5665.652 607.01314     1.018    -2.557               7.724          1004Ra0145
  5665.653 106.00112     2.298    -6.085               3.464            AX46P185
  5665.653 106.00113     1.709    -6.676               3.464            AX13P215
  5665.669 607.01314     0.977    -3.292               7.724          1004Rc0035
  5665.678 607.01314     0.977    -2.924               7.724          1004Qa0045
  5665.699 607.01214     2.015    -3.144               7.724          1508Rd0195
  5665.715 607.01214     0.140    -3.152               7.724          0500Qb0235
  5665.730      23.0     3.222     -3.98                                        
  5665.734 106.00112     2.465    -6.274               3.464            AX35P255
  5665.734 607.01214     1.121    -2.377               7.724          0903Pb0395
  5665.746 607.01214     1.325    -3.506               7.724          1004Rd0385
  5665.758 607.01314     0.001    -4.950               7.724          0500Pb0015
  5665.772 607.01214     0.140    -4.404               7.724          0500Pd0245
  5665.782 607.01314     0.124    -4.438               7.724          0500Rd0235
  5665.804      21.0     5.259     -1.59                                        
  5665.804      21.0     5.259     -2.53                                        
  5665.844 112.00124     0.301    -2.972               1.340           01P213b24
  5665.871 607.01314     0.030    -3.800               7.724          0500Rb0105
  5665.896 607.01314     0.030    -4.043               7.724          0500Qd0115
  5665.948 607.01314     1.046    -2.490               7.724          1004Rb0175
  5665.988 607.01314     1.046    -2.971               7.724          1004Qd0185
  5666.001 607.01214     2.700    -3.182               7.724          1911Rd0215
  5666.025 106.00113     1.329    -6.560               3.464            AX13P145
  5666.083 112.00124     0.639    -3.216               1.340           01P226b24
  5666.100      26.0     5.082     -3.39                                        
  5666.135 607.01214     2.626    -2.396               7.724          1911Qb0095
  5666.195 607.01214     2.626    -3.085               7.724          1911Pd0105
  5666.212 607.01314     0.004    -4.083               7.724          0500Qb0035
  5666.214 607.01314     0.979    -3.261               7.724          1004Rc0045
  5666.222 607.01314     0.004    -4.509               7.724          0500Pd0045
  5666.225 607.01314     0.979    -2.824               7.724          1004Qa0055
  5666.248 607.01214     1.113    -5.339               7.724          0600Pc0685
  5666.249 607.01214     2.626    -2.560               7.724          1911Ra0105
  5666.277 607.01214     2.603    -3.239               7.724          1911Ra0005
  5666.288      26.0     5.348     -2.41                                        
  5666.289      40.0     2.209     -0.85                                        
  5666.352 607.01314     1.006    -2.441               7.724          1004Qb0115
  5666.357 607.01214     1.217    -1.987               7.724          0903Qb0445
  5666.378 607.01214     1.961    -2.557               7.724          1508Rb0105
  5666.380 607.01314     1.006    -3.232               7.724          1004Pd0125
  5666.402 607.01214     1.961    -2.777               7.724          1508Qd0115
  5666.430      66.0     2.502     -0.09                                        
  5666.432 607.01214     3.237    -1.878               7.724          2213Qb0305
  5666.458 607.01214     1.217    -3.694               7.724          0903Pd0455
  5666.603 607.01214     1.054    -3.379               7.724          1004Pc0155
  5666.604      22.0     2.504     -3.22                                        
  5666.652 607.01214     3.157    -3.251               7.724          2213Pc0235
  5666.659 106.00112     2.528    -5.835               3.464            AX25R275
  5666.676 106.00112     1.139    -4.927               3.464            BX03P095
  5666.677      14.0     5.611     -1.05                                        
  5666.688 106.00112     1.780    -8.616               3.464            AX03R235
  5666.758 106.00112     2.528    -5.473               3.464            AX25R265
  5666.760 106.00112     1.139    -8.983               3.464            BX03Q095
  5666.773      20.0     5.449     -4.35                                        
  5666.788      26.0     4.151     -3.74                                        
  5666.793      28.0     4.102     -3.23                                        
  5666.822 106.00112     2.528    -7.147               3.464            AX25Q275
  5666.822 607.01314     1.775    -3.201               7.724          1407Pc0215
  5666.873      41.0     1.893     -1.72                                        
  5666.906 607.01214     0.364    -4.603               7.724          0500Rd0395
  5666.950      24.0     3.085     -3.33                                        
  5666.958 607.01314     0.981    -3.237               7.724          1004Rc0055
  5666.962      24.0     2.965     -4.60                                        
  5666.970 607.01314     0.982    -2.740               7.724          1004Qa0065
  5666.974 607.01214     1.097    -2.491               7.724          1004Pb0205
  5667.017 607.01214     1.942    -2.627               7.724          1508Qb0055
  5667.028 607.01214     1.942    -3.147               7.724          1508Pd0065
  5667.032 607.01214     2.654    -2.797               7.724          1911Qd0155
  5667.058 607.01214     2.654    -2.443               7.724          1911Rb0145
  5667.072 607.01314     0.035    -3.755               7.724          0500Rb0115
  5667.074 106.00113     2.108    -5.520               3.464            AX03R285
  5667.089 106.00113     2.397    -6.281               3.464            AX35P245
  5667.091 607.01314     1.864    -3.136               7.724          1407Rc0295
  5667.100 607.01314     0.035    -4.040               7.724          0500Qd0125
  5667.107 106.00112     1.139    -4.862               3.464            BX03P105
  5667.136   21.1045     1.499    -1.903                              LAWKURHFS 
  5667.141   21.1045     1.499    -2.099                              LAWKURHFS 
  5667.148   21.1045     1.499    -2.099                              LAWKURHFS 
  5667.151 607.01314     1.864    -1.816               7.724          1407Qa0305
  5667.154   21.1045     1.499    -3.284                              LAWKURHFS 
  5667.157   21.1045     1.499    -2.103                              LAWKURHFS 
  5667.163   21.1045     1.499    -2.103                              LAWKURHFS 
  5667.167   21.1045     1.499    -2.358                              LAWKURHFS 
  5667.176 607.01214     0.049    -4.475               7.724          0500Pc0135
  5667.209 607.01314     1.024    -2.527               7.724          1004Ra0155
  5667.246      42.0     3.441     -1.55                                        
  5667.248 607.01214     0.129    -4.363               7.724          0500Rc0225
  5667.303 607.01214     0.129    -3.154               7.724          0500Qa0235
  5667.312 106.00113     2.108    -5.511               3.464            AX03R275
  5667.317      42.0     3.672     -1.52                                        
  5667.342 106.00113     2.108    -7.556               3.464            AX03Q285
  5667.348 607.01214     3.189    -2.930               7.724          2213Qc0265
  5667.360 607.01214     2.604    -3.284               7.724          1911Rc0005
  5667.362 106.00112     2.116    -7.102               3.464            AX02P305
  5667.364 607.01214     2.604    -3.314               7.724          1911Qa0015
  5667.375 607.01214     1.449    -5.193               7.724          0600Rc0785
  5667.377 607.01214     0.232    -3.293               7.724          0500Rb0305
  5667.399 607.01214     2.605    -3.230               7.724          1911Rc0015
  5667.401 106.00113     1.911    -8.016               3.464            AX14R215
  5667.406 607.01214     2.605    -3.060               7.724          1911Qa0025
  5667.406 607.01314     2.514    -2.863               7.724          1810Qc0285
  5667.412      20.0     5.485     -3.60                                        
  5667.416 607.01314     0.007    -3.970               7.724          0500Qb0045
  5667.429 607.01314     0.007    -4.449               7.724          0500Pd0055
  5667.439 106.00113     1.168    -4.863               3.464            BX03P105
  5667.451 607.01214     0.232    -4.194               7.724          0500Qd0315
  5667.456      24.0     4.529     -3.86                                        
  5667.456 607.01314     2.514    -2.154               7.724          1810Pa0295
  5667.458      26.0     5.060     -1.42                                        
  5667.458 607.01214     1.937    -3.246               7.724          1508Pb0035
  5667.482 607.01314     0.974    -3.557               7.724          1004Qc0015
  5667.482 607.01314     0.974    -4.043               7.724          1004Pa0025
  5667.505 607.01214     3.189    -2.260               7.724          2213Pa0275
  5667.506 607.01214     2.631    -2.521               7.724          1911Ra0115
  5667.518      26.0     4.178     -1.58                              NIST/C    
  5667.526 106.00113     1.168    -8.910               3.464            BX03Q105
  5667.559 607.01214     1.449    -3.094               7.724          0600Qa0795
  5667.594      22.0     3.137     -0.79                                        
  5667.627 607.01214     0.217    -3.286               7.724          0500Ra0305
  5667.639 106.00113     1.588    -6.602               3.464            AX13P195
  5667.665      26.0     2.609     -2.94                              NIST/E    
  5667.671 607.01214     2.606    -3.180               7.724          1911Rc0025
  5667.682 607.01214     2.606    -2.899               7.724          1911Qa0035
  5667.708 607.01314     0.003    -4.672               7.724          0500Pb0025
  5667.731      25.0     5.574     -3.11                                        
  5667.747      20.0     5.923     -7.34                                        
  5667.783 106.00113     1.031    -7.216               3.464            BX03P055
  5667.805      24.0     4.183     -1.03                                        
  5667.831 106.00113     1.168    -4.794               3.464            BX03P115
  5667.863 106.00112     1.289    -6.547               3.464            AX13P135
  5667.871 607.01314     0.134    -4.445               7.724          0500Rd0245
  5667.878 106.00113     2.109    -7.102               3.464            AX02P305
  5667.899 607.01314     0.985    -3.220               7.724          1004Rc0065
  5667.903 607.01214     1.494    -3.822               7.724          0903Rd0575
  5667.905      75.0     1.954     -1.46                                        
  5667.909 607.01314     1.136    -3.388               7.724          1004Rd0275
  5667.916 607.01314     0.985    -2.667               7.724          1004Qa0075
  5667.937      25.1     6.107     -6.48                                        
  5667.942 607.01214     1.276    -3.488               7.724          0600Pb0735
  5667.944 607.01214     2.024    -3.150               7.724          1508Rd0205
  5667.960      58.1     1.499     -1.12                              Lawler09  
  5667.985 607.01314     0.992    -2.959               7.724          1004Pb0085
  5667.994      23.0     2.073     -6.11                                        
  5668.038 607.01214     1.967    -2.513               7.724          1508Rb0115
  5668.042 607.01314     1.877    -1.815               7.724          1407Qb0305
  5668.065      26.0     4.555     -4.00                                        
  5668.065 607.01214     1.967    -2.772               7.724          1508Qd0125
  5668.103 607.01314     1.877    -3.174               7.724          1407Pd0315
  5668.177 607.01214     2.608    -3.139               7.724          1911Rc0035
  5668.192 607.01214     2.608    -2.777               7.724          1911Qa0045
  5668.329      25.1     6.908     -3.64                                        
  5668.339   23.0051     1.080    -1.640                                 LAWLER 
  5668.344 607.01214     2.618    -2.880               7.724          1911Pb0075
  5668.351   23.0051     1.080    -2.480                                 LAWLER 
  5668.352   23.0051     1.080    -1.781                                 LAWLER 
  5668.362   23.0051     1.080    -3.595                                 LAWLER 
  5668.363   23.0051     1.080    -2.284                                 LAWLER 
  5668.364   23.0051     1.080    -1.945                                 LAWLER 
  5668.371   23.0051     1.080    -3.184                                 LAWLER 
  5668.372   23.0051     1.080    -2.230                                 LAWLER 
  5668.373   23.0051     1.080    -2.143                                 LAWLER 
  5668.379   23.0051     1.080    -2.962                                 LAWLER 
  5668.380   23.0051     1.080    -2.252                                 LAWLER 
  5668.380   23.0051     1.080    -2.398                                 LAWLER 
  5668.385   23.0051     1.080    -2.343                                 LAWLER 
  5668.385   23.0051     1.080    -2.837                                 LAWLER 
  5668.386   23.0051     1.080    -2.786                                 LAWLER 
  5668.386 112.00124     0.320    -3.000               1.340           01P214b24
  5668.389   23.0051     1.080    -2.531                                 LAWLER 
  5668.389   23.0051     1.080    -2.786                                 LAWLER 
  5668.391   23.0051     1.080    -2.816                                 LAWLER 
  5668.426 607.01314     0.041    -3.714               7.724          0500Rb0125
  5668.447 106.00112     1.780    -6.617               3.464            AX13P225
  5668.447 607.01214     0.080    -4.100               7.724          0500Qc0175
  5668.457 607.01314     0.041    -4.038               7.724          0500Qd0135
  5668.490 607.01214     0.080    -3.632               7.724          0500Pa0185
  5668.493 607.01314     1.055    -2.462               7.724          1004Rb0185
  5668.531      25.0     5.108     -3.10                                        
  5668.535 607.01314     1.055    -2.976               7.724          1004Qd0195
  5668.548 607.01314     0.975    -3.349               7.724          1004Qc0025
  5668.548 607.01314     0.975    -3.692               7.724          1004Pa0035
  5668.556   23.0051     1.948    -6.455                                 KURHFS 
  5668.558 106.00113     1.376    -6.570               3.464            AX13P155
  5668.560   23.0051     1.948    -6.175                                 KURHFS 
  5668.560   23.0051     1.948    -6.455                                 KURHFS 
  5668.560   23.0051     1.948    -7.476                                 KURHFS 
  5668.570   23.0051     1.948    -6.037                                 KURHFS 
  5668.570   23.0051     1.948    -6.175                                 KURHFS 
  5668.570   23.0051     1.948    -6.777                                 KURHFS 
  5668.584   23.0051     1.948    -5.971                                 KURHFS 
  5668.584   23.0051     1.948    -6.037                                 KURHFS 
  5668.584   23.0051     1.948    -6.330                                 KURHFS 
  5668.587 106.00112     1.491    -6.377               3.464            BX14R125
  5668.592      25.1     6.908     -4.27                                        
  5668.592 106.00112     1.917    -8.015               3.464            AX14R215
  5668.603   23.0051     1.948    -5.964                                 KURHFS 
  5668.603   23.0051     1.948    -5.971                                 KURHFS 
  5668.603   23.0051     1.948    -5.999                                 KURHFS 
  5668.627   23.0051     1.948    -5.736                                 KURHFS 
  5668.627   23.0051     1.948    -5.964                                 KURHFS 
  5668.627   23.0051     1.948    -6.029                                 KURHFS 
  5668.650 106.00113     1.330    -6.604               3.464            AX13P145
  5668.656   23.0051     1.948    -5.517                                 KURHFS 
  5668.656   23.0051     1.948    -6.029                                 KURHFS 
  5668.656   23.0051     1.948    -6.233                                 KURHFS 
  5668.657      23.0     3.064     -1.12                                        
  5668.662 607.01214     2.631    -2.344               7.724          1911Qb0105
  5668.663 112.00124     0.607    -3.203               1.340           01P225b24
  5668.689   23.0051     1.948    -5.330                                 KURHFS 
  5668.689   23.0051     1.948    -6.233                                 KURHFS 
  5668.715 607.01214     1.945    -2.546               7.724          1508Qb0065
  5668.729 607.01214     1.945    -3.113               7.724          1508Pd0075
  5668.747 607.01214     2.631    -3.075               7.724          1911Pd0115
  5668.762 607.01314     0.009    -3.875               7.724          0500Qb0055
  5668.776 607.01314     0.009    -4.405               7.724          0500Pd0065
  5668.828 607.01214     1.087    -3.022               7.724          1004Qc0195
  5668.854 607.01314     1.012    -2.398               7.724          1004Qb0125
  5668.860      60.1     1.411     -0.31                              DenHarto03
  5668.873 607.01214     1.087    -2.507               7.724          1004Pa0205
  5668.882      23.0     3.244     -2.73                                        
  5668.883 607.01314     1.012    -3.228               7.724          1004Pd0135
  5668.887 106.00112     1.317    -3.345               3.464            BX10P285
  5668.912 607.01214     2.610    -3.108               7.724          1911Rc0045
  5668.914 106.00112     2.347    -7.816               3.464            AX36R205
  5668.924      58.1     1.007     -0.98                                        
  5668.926 106.00113     2.337    -6.035               3.464            AX46P195
  5668.935 607.01214     2.610    -2.678               7.724          1911Qa0055
  5668.943       6.0     8.531     -2.43                                        
  5668.960 607.01314     1.031    -2.498               7.724          1004Ra0165
  5668.967 607.01314     2.526    -2.146               7.724          1810Pb0295
  5668.970 607.01214     2.709    -3.189               7.724          1911Rd0225
  5668.987 607.01214     2.636    -2.484               7.724          1911Ra0125
  5669.037 106.00112     1.317     0.692               3.464            BX10Q275
  5669.037 607.01314     0.988    -3.206               7.724          1004Rc0075
  5669.038   21.1045     1.499    -1.500                                 KURHFS 
  5669.044   21.1045     1.499    -1.597                                 KURHFS 
  5669.045 106.00113     2.422   -11.252               3.464            AX50P395
  5669.047   21.1045     1.499    -1.722                                 KURHFS 
  5669.055 607.01314     0.988    -2.602               7.724          1004Qa0085
  5669.083 106.00112     2.528    -6.190               3.464            AX35P265
  5669.085 106.00112     1.317     1.062               3.464            BX10Q285
  5669.130 607.01214     3.200    -2.251               7.724          2213Pb0275
  5669.176 106.00113     1.524    -6.354               3.464            BX14R135
  5669.234 106.00112     1.317    -2.597               3.464            BX10R275
  5669.280 607.01214     1.151    -2.046               7.724          1004Qb0255
  5669.338 607.01214     1.151    -3.327               7.724          1004Pd0265
  5669.387      22.0     3.866     -1.84                                        
  5669.435      92.0     0.077     -1.93                                        
  5669.438      23.0     2.721     -2.73                                        
  5669.463      24.0     3.963     -4.16                                        
  5669.527 607.01314     1.816    -2.873               7.724          1407Qc0255
  5669.535 106.00112     1.848    -6.688               3.464            AX13P235
  5669.538 106.00113     1.648    -6.668               3.464            AX13P205
  5669.542 106.00113     0.708    -6.956               3.464            AX02P045
  5669.543 607.01214     2.605    -3.405               7.724          1911Qc0015
  5669.543 607.01214     2.605    -3.895               7.724          1911Pa0025
  5669.562      14.0     5.615     -2.75                                        
  5669.571 607.01314     2.480    -3.186               7.724          1810Pc0255
  5669.579 106.00113     1.531    -6.595               3.464            AX13P185
  5669.579 607.01314     1.816    -2.223               7.724          1407Pa0265
  5669.582      23.0     1.891     -4.46                                        
  5669.643 607.01214     1.121    -3.394               7.724          0903Qc0395
  5669.646      26.0     4.227     -2.43                                        
  5669.652 607.01214     1.217    -3.647               7.724          0903Rc0445
  5669.692 607.01214     2.660    -2.798               7.724          1911Qd0165
  5669.733 607.01214     2.660    -2.411               7.724          1911Rb0155
  5669.734 607.01214     1.121    -2.368               7.724          0903Pa0405
  5669.736      14.0     5.615     -1.34                                        
  5669.737      20.0     5.923     -1.00                                        
  5669.737      23.0     2.503     -5.42                                        
  5669.741 106.00113     1.306     1.062               3.464            BX10Q285
  5669.741 607.01314     1.827    -2.214               7.724          1407Pb0265
  5669.747      14.0     5.858     -2.01                                        
  5669.753      60.0     0.456     -0.12                                        
  5669.753 607.01214     1.217    -1.977               7.724          0903Qa0455
  5669.754 607.01214     1.939    -3.114               7.724          1508Pb0045
  5669.798 607.01314     0.004    -4.496               7.724          0500Pb0035
  5669.821 607.01314     0.977    -3.234               7.724          1004Qc0035
  5669.821 607.01314     0.977    -3.482               7.724          1004Pa0045
  5669.856 607.01214     1.139    -3.288               7.724          1004Rc0245
  5669.883 607.01214     2.612    -3.083               7.724          1911Rc0055
  5669.886 607.01214     1.972    -2.472               7.724          1508Rb0125
  5669.897 106.00113     0.708    -6.972               3.464            AX02P045
  5669.909 607.01214     1.972    -2.770               7.724          1508Qd0135
  5669.909 607.01214     2.612    -2.595               7.724          1911Qa0065
  5669.912 607.01214     1.139    -2.047               7.724          1004Qa0255
  5669.934 607.01314     0.047    -3.675               7.724          0500Rb0135
  5669.935      28.0     4.263     -0.96                                        
  5669.940 106.00113     2.524    -5.834               3.464            AX25R275
  5669.958      58.0     0.398      0.12                                        
  5669.966 607.01314     0.047    -4.039               7.724          0500Qd0145
  5670.011 106.00113     1.425    -6.579               3.464            AX13P165
  5670.029 607.01214     1.348    -2.197               7.724          0903Rb0505
  5670.060 106.00112     1.290    -6.589               3.464            AX13P135
  5670.079      22.0     3.125     -3.61                                        
  5670.097      46.0     4.633      0.39                                        
  5670.098 607.01214     1.216    -2.209               7.724          1004Ra0315
  5670.124 607.01314     0.146    -4.453               7.724          0500Rd0255
  5670.143 607.01214     1.348    -3.443               7.724          0903Qd0515
  5670.151 607.01214     0.152    -3.132               7.724          0500Qb0245
  5670.211 607.01214     0.152    -4.413               7.724          0500Pd0255
  5670.221 607.01214     1.276    -4.991               7.724          0600Qc0735
  5670.236 106.00113     2.524    -5.473               3.464            AX25R265
  5670.249 607.01314     0.013    -3.793               7.724          0500Qb0065
  5670.266 607.01314     0.013    -4.373               7.724          0500Pd0075
  5670.275 106.00113     2.524    -7.146               3.464            AX25Q275
  5670.277 607.01214     0.098    -3.586               7.724          0500Pb0195
  5670.360 106.00113     1.477    -6.588               3.464            AX13P175
  5670.371 607.01314     0.992    -3.197               7.724          1004Rc0085
  5670.383 607.01214     2.033    -3.157               7.724          1508Rd0215
  5670.391 607.01314     0.992    -2.545               7.724          1004Qa0095
  5670.393 607.01214     1.276    -3.481               7.724          0600Pa0745
  5670.459 607.01214     1.230    -2.216               7.724          1004Rb0315
  5670.481   23.0051     2.121    -6.698                                 KURHFS 
  5670.484   23.0051     2.121    -6.418                                 KURHFS 
  5670.484   23.0051     2.121    -6.698                                 KURHFS 
  5670.484   23.0051     2.121    -7.719                                 KURHFS 
  5670.490   23.0051     2.121    -6.280                                 KURHFS 
  5670.490   23.0051     2.121    -6.418                                 KURHFS 
  5670.490   23.0051     2.121    -7.020                                 KURHFS 
  5670.499   23.0051     2.121    -6.214                                 KURHFS 
  5670.499   23.0051     2.121    -6.280                                 KURHFS 
  5670.499   23.0051     2.121    -6.573                                 KURHFS 
  5670.511   23.0051     2.121    -6.207                                 KURHFS 
  5670.511   23.0051     2.121    -6.214                                 KURHFS 
  5670.511   23.0051     2.121    -6.242                                 KURHFS 
  5670.522 112.00124     0.340    -3.025               1.340           01P215b24
  5670.526   23.0051     2.121    -5.979                                 KURHFS 
  5670.526   23.0051     2.121    -6.207                                 KURHFS 
  5670.526   23.0051     2.121    -6.272                                 KURHFS 
  5670.530 607.01214     1.230    -3.104               7.724          1004Qd0325
  5670.543   23.0051     2.121    -5.760                                 KURHFS 
  5670.543   23.0051     2.121    -6.272                                 KURHFS 
  5670.543   23.0051     2.121    -6.476                                 KURHFS 
  5670.564   23.0051     2.121    -5.573                                 KURHFS 
  5670.564   23.0051     2.121    -6.476                                 KURHFS 
  5670.590 607.01214     1.948    -2.474               7.724          1508Qb0075
  5670.597 607.01214     1.061    -3.777               7.724          0802Pc0485
  5670.608 607.01214     1.948    -3.088               7.724          1508Pd0085
  5670.671 607.01214     2.606    -3.196               7.724          1911Qc0025
  5670.678 607.01214     2.606    -3.545               7.724          1911Pa0035
  5670.696 607.01214     2.642    -2.449               7.724          1911Ra0135
  5670.798 112.00124     0.575    -3.190               1.340           01P224b24
  5670.811   23.0051     1.080    -1.103                                 LAWLER 
  5670.819   23.0051     1.080    -2.111                                 LAWLER 
  5670.826   23.0051     1.080    -3.413                                 LAWLER 
  5670.831   23.0051     1.080    -1.208                                 LAWLER 
  5670.838   23.0051     1.080    -1.900                                 LAWLER 
  5670.840      21.1     7.154     -3.95                                        
  5670.844   23.0051     1.080    -3.015                                 LAWLER 
  5670.848 607.01314     0.975    -4.185               7.724          1004Pc0025
  5670.849   23.0051     1.080    -1.324                                 LAWLER 
  5670.855   23.0051     1.080    -1.827                                 LAWLER 
  5670.860   23.0051     1.080    -2.810                                 LAWLER 
  5670.863   23.0051     1.080    -1.453                                 LAWLER 
  5670.868   23.0051     1.080    -1.821                                 LAWLER 
  5670.872   23.0051     1.080    -2.713                                 LAWLER 
  5670.875   23.0051     1.080    -1.599                                 LAWLER 
  5670.879   23.0051     1.080    -1.868                                 LAWLER 
  5670.882   23.0051     1.080    -2.713                                 LAWLER 
  5670.883 607.01314     1.039    -2.470               7.724          1004Ra0175
  5670.884   23.0051     1.080    -1.769                                 LAWLER 
  5670.887   23.0051     1.080    -1.973                                 LAWLER 
  5670.890   23.0051     1.080    -2.868                                 LAWLER 
  5670.891   23.0051     1.080    -1.973                                 LAWLER 
  5670.893   23.0051     1.080    -2.169                                 LAWLER 
  5670.895   23.0051     1.080    -2.236                                 LAWLER 
  5670.905      26.0     5.096     -3.90                                        
  5670.928 106.00112     1.345    -6.422               3.464            BX14R075
  5670.965 607.01314     0.996    -2.898               7.724          1004Pb0095
