a line list in the range:    5809.00   5821.00
  5809.014 607.01214     2.825    -3.323               7.724          2012Pb0035
  5809.111 607.01214     1.419    -3.484               7.724          0903Qc0535
  5809.117 607.01214     2.829    -3.217               7.724          2012Pd0065
  5809.118      20.0     3.907     -1.07                                        
  5809.118      20.0     3.907     -1.29                                        
  5809.127      22.0     3.455     -2.37                                        
  5809.130 607.01214     1.477    -1.772               7.724          1004Qb0455
  5809.142 607.01214     0.503    -4.535               7.724          0500Rc0455
  5809.145      20.0     3.907     -1.77                                        
  5809.156      26.0     3.692     -3.37                                        
  5809.181 607.01214     2.164    -3.228               7.724          1609Pb0035
  5809.196 607.01314     1.227    -2.871               7.724          1105Qc0085
  5809.198      64.0     1.964      0.15                                        
  5809.217 607.01314     1.227    -2.820               7.724          1105Pa0095
  5809.218      26.0     3.884     -1.79                              NIST/E    
  5809.230      60.1     0.680     -1.71                              DenHarto03
  5809.237 607.01214     1.477    -3.489               7.724          1004Pd0465
  5809.238 607.01214     1.419    -2.229               7.724          0903Pa0545
  5809.256 607.01214     0.503    -2.824               7.724          0500Qa0465
  5809.338      22.0     1.732     -3.56                                        
  5809.354 106.00112     1.611    -3.606               3.464            BX14R145
  5809.464 607.01214     2.848    -2.641               7.724          2012Rb0105
  5809.525      27.0     4.256     -2.44                                        
  5809.530      72.1     1.481     -2.37                              Lawler07  
  5809.548 607.01314     0.266    -4.181               7.724          0500Qc0335
  5809.549      24.1     6.479     -2.74                                        
  5809.564 106.00112     1.611    -7.444               3.464            BX14Q155
  5809.571 607.01314     0.482    -3.069               7.724          0500Ra0465
  5809.630 607.01314     0.266    -3.288               7.724          0500Pa0345
  5809.684 106.00112     1.611    -3.531               3.464            BX14R155
  5809.778 607.01314     0.332    -2.884               7.724          0601Ra0195
  5809.787      22.0     1.052     -2.32                                        
  5809.847 607.01214     0.670    -4.024               7.724          0601Rd0425
  5809.864 607.01214     2.848    -2.844               7.724          2012Qd0115
  5809.869      25.0     5.083     -2.11                                        
  5809.881      26.0     4.280     -4.28                                        
  5809.883 607.01214     0.401    -3.225               7.724          0500Pb0405
  5809.925 607.01214     1.787    -5.207               7.724          0600Rc0875
  5809.972      26.0     3.571     -5.46                                        
  5809.999 607.01214     2.193    -2.497               7.724          1609Rb0115
  5810.023 607.01214     2.193    -2.752               7.724          1609Qd0125
  5810.069 607.01214     2.891    -3.205               7.724          2012Rd0185
  5810.082      26.1     5.357     -4.29                                        
  5810.126 607.01314     1.253    -3.045               7.724          1105Rc0135
  5810.140 607.01214     1.787    -3.033               7.724          0600Qa0885
  5810.158 607.01314     1.253    -2.186               7.724          1105Qa0145
  5810.164 607.01314     2.009    -3.146               7.724          1508Pc0225
  5810.251 607.01214     1.309    -3.233               7.724          1105Pc0175
  5810.285       6.0     8.840     -4.82                                        
  5810.313 607.01214     2.250    -3.130               7.724          1609Rd0205
  5810.359      24.0     5.901     -1.20                                        
  5810.369 607.01314     0.277    -3.663               7.724          0601Rc0105
  5810.396 607.01314     0.277    -2.909               7.724          0601Qa0115
  5810.429 607.01314     0.301    -2.786               7.724          0601Qb0145
  5810.438 106.00112     1.279    -5.840               3.464            BX14P025
  5810.465 607.01314     0.301    -3.706               7.724          0601Pd0155
  5810.499      28.0     4.150     -4.32                                        
  5810.506 607.01314     0.257    -3.576               7.724          0601Qc0055
  5810.521 607.01314     0.257    -3.678               7.724          0601Pa0065
  5810.535 607.01214     2.172    -2.529               7.724          1609Qb0065
  5810.548 607.01214     1.595    -3.428               7.724          0600Pb0825
  5810.549 607.01214     2.172    -3.093               7.724          1609Pd0075
  5810.585      59.1     1.438     -0.65                                        
  5810.658 607.01314     1.273    -2.117               7.724          1105Qb0165
  5810.696 607.01314     1.273    -3.089               7.724          1105Pd0175
  5810.697 607.01214     2.832    -2.627               7.724          2012Qb0065
  5810.722      58.0     0.998      0.06                                        
  5810.735 106.00112     2.743    -5.938               3.464            AX46P265
  5810.737      25.1     6.828     -3.04                                        
  5810.787 106.00112     2.441    -4.818               3.464            AX03Q325
  5810.807 607.01314     0.661    -4.642               7.724          0500Rd0545
  5810.809 607.01314     2.100    -3.091               7.724          1508Rc0305
  5810.811 607.01314     0.252    -4.352               7.724          0601Pc0035
  5810.839 607.01314     0.468    -3.900               7.724          0601Rd0315
  5810.862      23.1     4.700     -4.46                                        
  5810.872 607.01314     2.100    -1.749               7.724          1508Qa0315
  5810.887 607.01314     1.220    -3.397               7.724          1105Pc0065
  5810.916 607.01314     0.360    -2.852               7.724          0601Rb0215
  5810.916 607.01314     1.247    -2.608               7.724          1105Pb0125
  5810.928 607.01314     1.326    -2.231               7.724          1105Rb0225
  5810.932 106.00112     2.441    -8.174               3.464            AX03R315
  5810.940 607.01214     0.311    -4.604               7.724          0500Pc0355
  5810.965 607.01214     0.441    -2.478               7.724          0601Qb0275
  5810.968 607.01314     0.360    -3.479               7.724          0601Qd0225
  5810.980 607.01314     1.326    -2.856               7.724          1105Qd0235
  5810.995 607.01314     1.307    -2.239               7.724          1105Ra0215
  5811.002 607.01214     2.832    -3.182               7.724          2012Pd0075
  5811.034 607.01214     0.441    -3.835               7.724          0601Pd0285
  5811.049   27.0059     2.041    -5.050                                 KURHFS 
  5811.049   27.0059     2.041    -5.050                                 KURHFS 
  5811.049   27.0059     2.041    -5.351                                 KURHFS 
  5811.055      24.0     4.096     -3.21                                        
  5811.056   27.0059     2.041    -4.886                                 KURHFS 
  5811.056   27.0059     2.041    -4.912                                 KURHFS 
  5811.056   27.0059     2.041    -5.226                                 KURHFS 
  5811.065   27.0059     2.041    -4.629                                 KURHFS 
  5811.065   27.0059     2.041    -4.878                                 KURHFS 
  5811.065   27.0059     2.041    -5.476                                 KURHFS 
  5811.077   27.0059     2.041    -4.413                                 KURHFS 
  5811.077   27.0059     2.041    -5.039                                 KURHFS 
  5811.077   27.0059     2.041    -5.904                                 KURHFS 
  5811.095      73.0     0.491     -1.93                                        
  5811.122      23.0     3.076     -0.41                                        
  5811.123 112.00124     1.170    -1.213               1.340           13P233b24
  5811.137 106.00112     2.441    -7.240               3.464            AX03P325
  5811.150      24.0     4.774     -2.13                                        
  5811.152 607.01214     0.428    -3.795               7.724          0601Rc0265
  5811.170      69.1     2.604     -1.17                              Wickliff97
  5811.175      26.0     4.730     -2.54                                        
  5811.219 607.01214     0.428    -2.479               7.724          0601Qa0275
  5811.238      24.0     4.444     -4.39                                        
  5811.246 607.01214     1.356    -2.301               7.724          1105Pb0225
  5811.266      92.1     1.055     -1.44                              Nils02/17%
  5811.283 106.00112     2.441    -4.806               3.464            AX03Q315
  5811.323 607.01314     0.277    -3.308               7.724          0601Pb0105
  5811.391 607.01214     2.827    -3.192               7.724          2012Pb0045
  5811.408 112.00124     1.170    -3.937               1.340           13Q233b24
  5811.428 607.01214     2.853    -2.597               7.724          2012Rb0115
  5811.460 607.01214     0.381    -2.914               7.724          0601Pb0225
  5811.515      26.1     5.357     -4.74                                        
  5811.537 106.00112     2.514    -7.903               3.464            AX14R295
  5811.541      25.0     4.255     -2.46                                        
  5811.570      60.1     0.859     -0.86                              DenHarto03
  5811.575 607.01214     2.166    -3.096               7.724          1609Pb0045
  5811.580   23.0051     1.944    -5.715                                 KURHFS 
  5811.580   23.0051     1.944    -5.970                                 KURHFS 
  5811.580   23.0051     1.944    -6.000                                 KURHFS 
  5811.586      22.0     1.732     -4.57                                        
  5811.587   23.0051     1.944    -5.527                                 KURHFS 
  5811.587   23.0051     1.944    -5.582                                 KURHFS 
  5811.587   23.0051     1.944    -5.970                                 KURHFS 
  5811.593 112.00124     1.170    -1.198               1.340           13P133b24
  5811.597   23.0051     1.944    -5.327                                 KURHFS 
  5811.597   23.0051     1.944    -5.436                                 KURHFS 
  5811.597   23.0051     1.944    -6.021                                 KURHFS 
  5811.611   23.0051     1.944    -5.129                                 KURHFS 
  5811.611   23.0051     1.944    -5.414                                 KURHFS 
  5811.611   23.0051     1.944    -6.146                                 KURHFS 
  5811.614      26.0     4.635     -3.97                                        
  5811.628   23.0051     1.944    -4.965                                 KURHFS 
  5811.628   23.0051     1.944    -5.468                                 KURHFS 
  5811.628   23.0051     1.944    -6.368                                 KURHFS 
  5811.637 106.00112     2.514    -4.551               3.464            AX14Q305
  5811.649   23.0051     1.944    -4.824                                 KURHFS 
  5811.649   23.0051     1.944    -5.664                                 KURHFS 
  5811.649   23.0051     1.944    -6.778                                 KURHFS 
  5811.674      26.0     4.206     -4.37                                        
  5811.695      26.0     4.206     -3.53                                        
  5811.757 112.00124     1.281    -5.933               1.340           03R136b24
  5811.769 607.01314     1.231    -2.854               7.724          1105Qc0095
  5811.792 607.01314     1.231    -2.756               7.724          1105Pa0105
  5811.814 106.00112     2.514    -4.503               3.464            AX14Q295
  5811.839      58.0     0.910     -0.73                                        
  5811.840 607.01214     2.853    -2.839               7.724          2012Qd0125
  5811.914 106.00112     2.514    -6.891               3.464            AX14P305
  5811.915      26.0     4.140     -2.43                                        
  5811.953      26.1     2.702     -6.05                                        
  5811.956 607.01214     2.199    -2.456               7.724          1609Rb0125
  5811.969 607.01314     0.282    -3.283               7.724          0500Pb0345
  5811.980 607.01214     0.847    -4.713               7.724          0500Rd0605
  5811.981 607.01214     2.199    -2.750               7.724          1609Qd0135
  5812.021      23.0     3.284     -4.51                                        
  5812.043      22.0     3.106     -4.02                                        
  5812.056 607.01214     1.379    -3.189               7.724          1004Qc0405
  5812.061 106.00113     2.611    -1.049               3.464            AX52Q375
  5812.062      68.1     2.970     -0.99                              Lawler08  
  5812.116 607.01314     0.341    -2.861               7.724          0601Ra0205
  5812.132      23.0     4.084     -2.82                                        
  5812.144 607.01314     2.114    -1.748               7.724          1508Qb0315
  5812.146      24.1     6.277     -3.85                                        
  5812.149      19.0     1.609     -2.25                                        
  5812.152 607.01214     1.379    -2.149               7.724          1004Pa0415
  5812.180 106.00113     2.336    -6.664               3.464            AX36Q205
  5812.209 607.01314     2.114    -3.123               7.724          1508Pd0325
  5812.235 607.01314     0.282    -3.662               7.724          0601Rc0115
  5812.264 607.01314     0.282    -2.866               7.724          0601Qa0125
  5812.287 607.01214     0.664    -3.031               7.724          0500Rb0525
  5812.373 607.01214     1.345    -2.889               7.724          1105Qc0215
  5812.390      24.0     0.968     -7.78                                        
  5812.411 607.01214     0.332    -3.871               7.724          0601Pc0175
  5812.418 607.01214     0.664    -4.338               7.724          0500Qd0535
  5812.421 607.01314     0.260    -3.537               7.724          0601Qc0065
  5812.424 607.01214     1.345    -2.315               7.724          1105Pa0225
  5812.439 607.01314     0.260    -3.580               7.724          0601Pa0075
  5812.444 106.00112     2.731    -8.809               3.464            AX25R295
  5812.445      26.0     4.555     -3.82                                        
  5812.498      42.0     3.221     -2.00                                        
  5812.498 106.00112     2.731    -5.094               3.464            AX25Q305
  5812.507 607.01214     2.175    -2.458               7.724          1609Qb0075
  5812.523 607.01214     2.175    -3.068               7.724          1609Pd0085
  5812.608 106.00112     2.731    -4.774               3.464            AX25Q295
  5812.610 607.01214     2.899    -3.213               7.724          2012Rd0195
  5812.644      22.0     1.045     -3.96                                        
  5812.661 106.00112     2.731    -6.932               3.464            AX25P305
  5812.684 106.00112     1.916    -5.507               3.464            AX03R255
  5812.699 607.01314     0.366    -4.451               7.724          0500Rc0395
  5812.701 607.01214     0.370    -3.525               7.724          0601Qc0215
  5812.715 106.00113     2.474    -1.873               3.464            AX51Q375
  5812.720       6.0     8.844     -2.21                                        
  5812.727      22.0     3.548     -2.67                                        
  5812.735 607.01314     1.259    -3.048               7.724          1105Rc0145
  5812.745 607.01214     1.595    -5.015               7.724          0600Qc0825
  5812.754 607.01214     2.835    -2.556               7.724          2012Qb0075
  5812.755 607.01214     0.370    -2.927               7.724          0601Pa0225
  5812.769 607.01314     1.259    -2.151               7.724          1105Qa0155
  5812.774 607.01314     2.728    -2.855               7.724          1911Qc0285
  5812.795 607.01314     0.366    -2.872               7.724          0500Qa0405
  5812.822      22.0     3.317     -0.76                                        
  5812.825 607.01314     2.728    -2.159               7.724          1911Pa0295
  5812.893 607.01214     1.712    -2.079               7.724          0903Rb0645
  5812.911 607.01214     2.259    -3.137               7.724          1609Rd0215
  5812.915      58.0     0.552     -0.05                                        
  5812.948 607.01214     1.595    -3.421               7.724          0600Pa0835
  5812.969 106.00112     1.916    -7.480               3.464            AX03Q255
  5812.996 607.01214     0.528    -2.633               7.724          0601Ra0345
  5813.045 607.01214     1.712    -3.515               7.724          0903Qd0655
  5813.046      26.1     6.204     -3.02                                        
  5813.069 106.00112     1.916    -5.508               3.464            AX03R245
  5813.078 106.00113     2.337    -4.891               3.464            AX36R195
  5813.081      14.0     5.615     -2.39                                        
  5813.089 607.01214     2.835    -3.155               7.724          2012Pd0085
  5813.090      20.0     5.224     -8.20                                        
  5813.120 607.01314     2.052    -2.822               7.724          1508Qc0265
  5813.148 607.01314     0.503    -3.073               7.724          0500Rb0465
  5813.175 607.01314     2.052    -2.150               7.724          1508Pa0275
  5813.260 607.01314     0.503    -4.258               7.724          0500Qd0475
  5813.293 106.00113     2.336    -5.003               3.464            AX36R205
  5813.320 607.01314     0.208    -4.508               7.724          0500Pc0295
  5813.332      26.0     4.188     -3.10                                        
  5813.340 607.01314     0.254    -4.189               7.724          0601Pc0045
  5813.393 106.00112     1.424    -3.729               3.464            BX14Q095
  5813.393 607.01314     0.308    -2.752               7.724          0601Qb0155
  5813.432 607.01314     0.308    -3.709               7.724          0601Pd0165
  5813.470 106.00112     1.424    -6.821               3.464            BX14R095
  5813.488 106.00113     1.749    -6.256               3.464            BX14R185
  5813.508       6.0     8.840     -2.84                                        
  5813.550      59.1     1.363     -0.89                                LINOHFS 
  5813.559      25.0     5.130     -3.83                                        
  5813.607 607.01214     2.858    -2.556               7.724          2012Rb0125
  5813.635   23.0051     1.929    -4.358                                 KURHFS 
  5813.641 106.00112     1.424    -6.898               3.464            BX14P105
  5813.650   23.0051     1.929    -4.358                                 KURHFS 
  5813.650   23.0051     1.929    -4.534                                 KURHFS 
  5813.669      26.1     5.571     -2.70                                 NIST/D 
  5813.673   23.0051     1.929    -4.194                                 KURHFS 
  5813.673   23.0051     1.929    -4.659                                 KURHFS 
  5813.673   23.0051     1.929    -4.784                                 KURHFS 
  5813.680      26.0     4.981     -3.32                                        
  5813.695      24.0     2.985     -3.91                                        
  5813.704   23.0051     1.929    -4.186                                 KURHFS 
  5813.704   23.0051     1.929    -4.220                                 KURHFS 
  5813.704   23.0051     1.929    -5.212                                 KURHFS 
  5813.717 106.00112     1.424    -3.654               3.464            BX14Q105
  5813.718 607.01314     2.063    -2.141               7.724          1508Pb0275
  5813.742   23.0051     1.929    -3.937                                 KURHFS 
  5813.742   23.0051     1.929    -4.347                                 KURHFS 
  5813.770      26.1     7.113     -4.31                                        
  5813.782 607.01214     1.893    -3.876               7.724          0903Rd0715
  5813.788   23.0051     1.929    -3.721                                 KURHFS 
  5813.801 607.01214     0.401    -4.282               7.724          0500Qc0405
  5813.820      92.0     0.742     -1.70                                        
  5813.847      42.0     4.896     -0.31                                        
  5813.903 607.01214     0.401    -3.217               7.724          0500Pa0415
  5813.907      22.0     3.457     -3.63                                        
  5813.909 607.01214     0.544    -2.639               7.724          0601Rb0345
  5813.947      22.0     1.066     -0.99                                        
  5813.964      23.0     4.062     -4.00                                        
  5813.968 607.01214     2.121    -3.213               7.724          1508Pc0285
  5813.971 607.01214     2.829    -3.085               7.724          2012Pb0055
  5813.995      28.1     6.723     -3.19                                        
  5813.995 607.01214     0.544    -3.622               7.724          0601Qd0355
  5814.002 607.01314     0.370    -2.830               7.724          0601Rb0225
  5814.008      26.0     5.082     -1.65                                        
  5814.009 607.01314     1.223    -3.343               7.724          1105Pc0075
  5814.022 112.00124     0.730    -2.031               1.340           02R224b24
  5814.025 607.01214     2.858    -2.837               7.724          2012Qd0135
  5814.027 607.01314     1.316    -2.218               7.724          1105Ra0225
  5814.057 607.01314     0.370    -3.486               7.724          0601Qd0235
  5814.072 607.01214     1.308    -3.506               7.724          1004Pc0365
  5814.110 607.01214     2.205    -2.419               7.724          1609Rb0135
  5814.138 607.01214     2.205    -2.749               7.724          1609Qd0145
  5814.155 607.01214     2.169    -2.990               7.724          1609Pb0055
  5814.156 607.01314     1.281    -2.086               7.724          1105Qb0175
  5814.193 112.00124     0.730    -4.603               1.340           02Q124b24
  5814.197 607.01314     1.281    -3.093               7.724          1105Pd0185
  5814.292 607.01314     0.288    -3.663               7.724          0601Rc0125
  5814.323 607.01314     0.288    -2.826               7.724          0601Qa0135
  5814.332 112.00124     0.964    -1.492               1.340           02Q231b24
  5814.338      68.0     2.205     -0.19                                        
  5814.340 607.01214     1.325    -3.812               7.724          0903Pc0495
  5814.349      26.0     4.577     -2.34                                        
  5814.372 607.01214     0.524    -2.824               7.724          0500Qb0465
  5814.417      92.0     0.479     -2.04                                        
  5814.438 607.01314     0.482    -3.907               7.724          0601Rd0325
  5814.472       6.0     8.841     -4.21                                        
  5814.488 607.01214     0.525    -4.590               7.724          0500Pd0475
  5814.502      22.1     1.583     -4.33                                        
  5814.503 607.01214     2.169    -2.697               7.724          1609Ra0065
  5814.509 607.01214     2.166    -2.758               7.724          1609Ra0055
  5814.530 112.00124     0.964    -5.504               1.340           02P131b24
  5814.536 607.01314     0.264    -3.508               7.724          0601Qc0075
  5814.541 607.01314     1.336    -2.210               7.724          1105Rb0235
  5814.548 607.01314     1.236    -2.843               7.724          1105Qc0105
  5814.556 607.01314     0.264    -3.497               7.724          0601Pa0085
  5814.569 112.00124     0.964    -5.504               1.340           02R231b24
  5814.573 607.01314     1.236    -2.699               7.724          1105Pa0115
  5814.595 607.01314     1.336    -2.863               7.724          1105Qd0245
  5814.619 607.01214     2.798    -3.237               7.724          1911Pc0295
  5814.623 112.00124     0.730    -2.016               1.340           02R124b24
  5814.627      24.0     2.998     -5.74                                        
  5814.637 607.01314     0.350    -2.839               7.724          0601Ra0215
  5814.654      26.0     5.269     -3.02                                        
  5814.669 607.01214     2.179    -2.394               7.724          1609Qb0085
  5814.687 607.01214     2.179    -3.049               7.724          1609Pd0095
  5814.707 607.01314     0.282    -3.258               7.724          0601Pb0115
  5814.713 607.01314     1.253    -2.566               7.724          1105Pb0135
  5814.728 607.01214     2.172    -2.642               7.724          1609Ra0075
  5814.735 607.01314     2.740    -2.147               7.724          1911Pb0295
  5814.746 607.01214     2.164    -2.826               7.724          1609Ra0045
  5814.767 112.00124     0.964    -1.478               1.340           02Q131b24
  5814.776      23.0     2.129     -1.59                               LAWNOHFS 
  5814.808      26.0     4.283     -1.94                              NIST/E    
  5814.824 106.00113     1.330    -7.400               3.464            BX03P145
  5814.865 607.01214     2.827    -2.857               7.724          2012Ra0055
  5814.911      62.0     1.472     -0.02                                        
  5814.949 607.01214     2.825    -2.924               7.724          2012Ra0045
  5814.979      44.0     1.130     -1.66                                        
  5815.017 607.01214     2.839    -2.492               7.724          2012Qb0085
  5815.020      23.0     2.573     -4.12                                        
  5815.022 607.01214     2.829    -2.796               7.724          2012Ra0065
  5815.118      24.0     4.613     -3.88                                        
  5815.123      20.0     5.449     -5.00                                        
  5815.149      24.0     3.077     -4.62                                        
  5815.170      59.1     1.049     -0.52                                LINOHFS 
  5815.181 607.01214     2.175    -2.591               7.724          1609Ra0085
  5815.214 607.01214     2.162    -2.902               7.724          1609Ra0035
  5815.218      26.0     4.154     -2.58                              NIST/E    
  5815.223      26.0     4.590     -1.94                                        
  5815.273 607.01314     2.695    -3.204               7.724          1911Pc0255
  5815.276 607.01214     2.823    -2.999               7.724          2012Ra0035
  5815.307 106.00113     2.612    -5.316               3.464            AX52R365
  5815.327      41.0     1.489     -1.90                                        
  5815.331      59.1     1.589      0.27                                        
  5815.374 607.01214     2.908    -3.222               7.724          2012Rd0205
  5815.378 607.01214     2.839    -3.135               7.724          2012Pd0095
  5815.418 607.01214     2.832    -2.741               7.724          2012Ra0075
  5815.419      25.1     6.828     -3.56                                        
  5815.422      90.1     0.231     -1.90                              Nils02/12%
  5815.461 607.01214     0.664    -3.019               7.724          0500Ra0535
  5815.467      58.0     0.492     -1.15                                        
  5815.544 607.01314     1.266    -3.052               7.724          1105Rc0155
  5815.580 607.01314     1.266    -2.119               7.724          1105Qa0165
  5815.584      22.0     3.556     -3.20                                        
  5815.608 607.01214     1.712    -2.068               7.724          0903Ra0655
  5815.626      26.0     4.952     -3.41                                        
  5815.667 607.01214     0.689    -4.031               7.724          0601Rd0435
  5815.673 607.01314     1.200    -3.432               7.724          1004Pc0315
  5815.692 106.00113     2.338    -6.631               3.464            AX36Q205
  5815.716 607.01214     2.268    -3.144               7.724          1609Rd0225
  5815.725      42.0     3.714     -1.12                                        
  5815.830      64.1     1.583     -1.10                              DenHarto06
  5815.840 607.01214     1.317    -3.235               7.724          1105Pc0185
  5815.847 607.01214     2.822    -3.084               7.724          2012Ra0025
  5815.861 607.01214     2.179    -2.544               7.724          1609Ra0095
  5815.865      24.0     3.844     -2.18                                        
  5815.916      75.0     2.147     -2.29                                        
  5815.916 607.01214     2.161    -2.987               7.724          1609Ra0025
  5815.924 607.01314     0.385    -2.871               7.724          0500Qb0405
  5815.982 106.00112     1.705    -6.264               3.464            BX14R175
  5815.982 112.00124     0.905    -1.177               1.340           13Q225b24
  5816.001 607.01214     2.864    -2.519               7.724          2012Rb0135
  5816.021 607.01314     0.385    -4.501               7.724          0500Pd0415
  5816.028      27.1     3.865     -6.39                                        
  5816.049      26.0     4.217     -2.73                                        
  5816.052 607.01214     2.835    -2.690               7.724          2012Ra0085
  5816.062      25.1     6.172     -6.27                                        
  5816.068      26.0     4.291     -2.30                                        
  5816.072 607.01314     0.257    -4.085               7.724          0601Pc0055
  5816.145 112.00124     0.905    -4.381               1.340           13P125b24
  5816.192 607.01214     0.441    -3.803               7.724          0601Rc0275
  5816.224 106.00112     1.306    -4.335               3.464            BX14P045
  5816.252      26.0     4.786     -2.50                              PK15THEOR 
  5816.256 106.00112     1.306    -8.032               3.464            BX14Q045
  5816.261 607.01214     0.441    -2.462               7.724          0601Qa0285
  5816.269 112.00124     0.905    -4.517               1.340           13R225b24
  5816.339      62.0     1.368     -0.69                                        
  5816.340 106.00112     2.745    -6.007               3.464            AX46P265
  5816.345 607.01214     0.454    -2.461               7.724          0601Qb0285
  5816.374      26.0     4.549     -0.60                              NIST/B    
  5816.384      20.0     5.581     -4.73                                        
  5816.416 607.01214     0.454    -3.844               7.724          0601Pd0295
  5816.419 607.01214     2.864    -2.837               7.724          2012Qd0145
  5816.432 112.00124     0.905    -1.160               1.340           13Q125b24
  5816.458      69.0     2.039     -1.02                                        
  5816.464 607.01214     2.211    -2.384               7.724          1609Rb0145
  5816.494 607.01214     2.211    -2.750               7.724          1609Qd0155
  5816.512      73.0     3.320     -0.42                                        
  5816.519 106.00113     1.531    -8.514               3.464            AX03R195
  5816.523 607.01314     0.316    -2.720               7.724          0601Qb0165
  5816.538 607.01314     0.294    -3.666               7.724          0601Rc0135
  5816.563 607.01314     0.316    -3.713               7.724          0601Pd0175
  5816.572 607.01314     0.294    -2.788               7.724          0601Qa0145
  5816.607 607.01314     0.282    -4.189               7.724          0500Qc0345
  5816.645 106.00113     1.452    -3.656               3.464            BX14Q105
  5816.647 106.00113     2.611    -3.893               3.464            AX52P375
  5816.654 607.01314     2.019    -3.152               7.724          1508Pc0235
  5816.663 607.01214     2.821    -3.178               7.724          2012Ra0015
  5816.691 607.01314     0.282    -3.274               7.724          0500Pa0355
  5816.714 607.01314     0.503    -3.059               7.724          0500Ra0475
  5816.731 106.00113     1.452    -6.822               3.464            BX14R105
  5816.747 106.00113     2.338    -4.891               3.464            AX36R195
  5816.756 607.01214     2.832    -2.996               7.724          2012Pb0065
  5816.766      24.0     5.235     -3.35                                        
  5816.769 607.01214     2.183    -2.501               7.724          1609Ra0105
  5816.772      92.0     1.275     -1.17                                        
  5816.784      24.0     5.610     -2.03                                        
  5816.806 106.00113     2.338    -5.004               3.464            AX36R205
  5816.837      22.0     3.164     -3.39                                        
  5816.837      25.0     4.255     -1.04                                        
  5816.840      20.0     5.581     -4.31                                        
  5816.840      20.0     5.979     -9.63                                        
  5816.841 106.00113     1.452    -6.922               3.464            BX14P115
  5816.848 607.01314     0.268    -3.487               7.724          0601Qc0085
  5816.852 607.01214     2.160    -3.082               7.724          1609Ra0015
  5816.870 607.01314     0.268    -3.424               7.724          0601Pa0095
  5816.922 607.01214     2.839    -2.644               7.724          2012Ra0095
  5816.924 607.01214     2.172    -2.900               7.724          1609Pb0065
  5816.927 106.00113     1.452    -3.580               3.464            BX14Q115
  5816.966      22.0     3.303     -2.46                                        
  5816.967 106.00112     1.306    -4.273               3.464            BX14P055
  5817.004      22.0     3.457     -4.16                                        
  5817.015   23.0051     1.892    -2.073                                 KURHFS 
  5817.015   23.0051     1.892    -2.249                                 KURHFS 
  5817.023      20.0     5.979     -5.43                                        
  5817.023 607.01214     2.183    -2.337               7.724          1609Qb0095
  5817.036 607.01214     0.392    -2.892               7.724          0601Pb0235
  5817.043   23.0051     1.892    -1.948                                 KURHFS 
  5817.043   23.0051     1.892    -2.073                                 KURHFS 
  5817.043 607.01214     2.183    -3.035               7.724          1609Pd0105
  5817.059 607.01214     1.366    -2.279               7.724          1105Pb0235
  5817.076      26.0     4.952     -2.55                                        
  5817.079   23.0051     1.892    -1.948                                 KURHFS 
  5817.079   23.0051     1.892    -2.062                                 KURHFS 
  5817.079   23.0051     1.892    -2.267                                 KURHFS 
  5817.081 607.01314     2.114    -3.099               7.724          1508Rc0315
  5817.091      42.0     3.440     -1.65                                        
  5817.105      24.0     5.235     -3.19                                        
  5817.125   23.0051     1.892    -1.651                                 KURHFS 
  5817.125   23.0051     1.892    -2.062                                 KURHFS 
  5817.146 607.01314     2.114    -1.734               7.724          1508Qa0325
  5817.188   27.0059     0.922    -7.167                                 KURHFS 
  5817.209      25.0     6.384     -1.12                                        
  5817.235   27.0059     0.922    -7.272                                 KURHFS 
  5817.254 607.01214     1.397    -2.146               7.724          1004Pb0415
  5817.258 607.01314     1.326    -2.198               7.724          1105Ra0235
  5817.261 607.01314     0.381    -2.809               7.724          0601Rb0235
  5817.265   27.0059     0.922    -8.175                                 KURHFS 
  5817.276   27.0059     0.922    -7.388                                 KURHFS 
  5817.303   27.0059     0.922    -7.964                                 KURHFS 
  5817.312   27.0059     0.922    -7.517                                 KURHFS 
  5817.318 607.01314     0.381    -3.493               7.724          0601Qd0245
  5817.333   27.0059     0.922    -9.476                                 KURHFS 
  5817.335   27.0059     0.922    -7.891                                 KURHFS 
  5817.342 607.01314     1.227    -3.303               7.724          1105Pc0085
  5817.343   27.0059     0.922    -7.663                                 KURHFS 
  5817.344 607.01314     0.360    -2.818               7.724          0601Ra0225
  5817.361   27.0059     0.922    -7.885                                 KURHFS 
  5817.361   27.0059     0.922    -9.078                                 KURHFS 
  5817.368   27.0059     0.922    -7.833                                 KURHFS 
  5817.382   27.0059     0.922    -7.932                                 KURHFS 
  5817.383   27.0059     0.922    -8.874                                 KURHFS 
  5817.389   27.0059     0.922    -8.037                                 KURHFS 
  5817.392      24.1     6.482     -4.35                                        
  5817.398   27.0059     0.922    -8.037                                 KURHFS 
  5817.400   27.0059     0.922    -8.777                                 KURHFS 
  5817.403   27.0059     0.922    -8.300                                 KURHFS 
  5817.408   27.0059     0.922    -8.233                                 KURHFS 
  5817.411   27.0059     0.922    -8.777                                 KURHFS 
  5817.417   27.0059     0.922    -8.932                                 KURHFS 
  5817.466      72.0     1.788     -1.93                                        
  5817.489 607.01214     2.843    -2.436               7.724          2012Qb0095
  5817.490      23.0     3.096      0.43                                        
  5817.532 607.01314     1.241    -2.835               7.724          1105Qc0115
  5817.537      24.0     5.235     -3.75                                        
  5817.546 106.00112     1.716    -3.837               3.464            BX03P215
  5817.559 607.01314     1.241    -2.647               7.724          1105Pa0125
  5817.656      24.0     3.887     -4.21                                        
  5817.670 607.01214     1.443    -2.227               7.724          0903Pb0545
  5817.674 106.00112     2.725    -4.710               3.464            AX52P375
  5817.684 607.01214     0.524    -4.541               7.724          0500Rc0465
  5817.690 106.00112     1.716    -7.742               3.464            BX03Q215
  5817.700       6.0     8.841     -2.87                                        
  5817.703 607.01214     1.572    -1.851               7.724          0903Qb0595
  5817.726 607.01214     2.820    -3.277               7.724          2012Ra0005
  5817.734      90.1     0.510     -2.79                              Nils02/12%
  5817.778 607.01214     1.356    -2.896               7.724          1105Qc0225
  5817.801 607.01214     0.525    -2.814               7.724          0500Qa0475
  5817.805      27.1     3.626     -5.73                                        
  5817.814      58.1     1.013     -1.53                                        
  5817.822 106.00112     1.716    -3.696               3.464            BX03P225
  5817.832 607.01214     1.356    -2.291               7.724          1105Pa0235
  5817.836 607.01314     1.289    -2.058               7.724          1105Qb0185
  5817.844 607.01214     1.572    -3.784               7.724          0903Pd0605
  5817.873 607.01214     2.843    -3.120               7.724          2012Pd0105
  5817.876      24.0     5.235     -3.64                                        
  5817.876 607.01214     0.381    -3.533               7.724          0601Qc0225
  5817.878 607.01314     1.289    -3.098               7.724          1105Pd0195
  5817.884 607.01214     0.341    -3.874               7.724          0601Pc0185
  5817.901 106.00113     2.253    -8.039               3.464            AX03R295
  5817.902 607.01214     2.188    -2.462               7.724          1609Ra0115
  5817.912 106.00113     2.253    -4.814               3.464            AX03Q305
  5817.933 607.01214     0.381    -2.904               7.724          0601Pa0235
  5818.022 607.01214     2.160    -3.182               7.724          1609Ra0005
  5818.028 607.01214     2.843    -2.601               7.724          2012Ra0105
  5818.037      26.1     3.228     -6.40                                        
  5818.061   27.0059     3.663    -2.984                                 KURHFS 
  5818.072      23.0     4.050     -3.77                                        
  5818.122   27.0059     3.663    -3.200                                 KURHFS 
  5818.122   27.0059     3.663    -3.610                                 KURHFS 
  5818.173   27.0059     3.663    -3.449                                 KURHFS 
  5818.173   27.0059     3.663    -3.483                                 KURHFS 
  5818.173   27.0059     3.663    -4.475                                 KURHFS 
  5818.174      23.0     3.296     -4.08                                        
  5818.190 106.00113     2.253    -4.817               3.464            AX03Q295
  5818.201 106.00113     2.253    -7.264               3.464            AX03P305
  5818.214   27.0059     3.663    -3.457                                 KURHFS 
  5818.214   27.0059     3.663    -3.922                                 KURHFS 
  5818.214   27.0059     3.663    -4.047                                 KURHFS 
  5818.216 607.01314     0.497    -3.915               7.724          0601Rd0335
  5818.221      24.1     6.280     -4.31                                        
  5818.244   27.0059     3.663    -3.621                                 KURHFS 
  5818.244   27.0059     3.663    -3.797                                 KURHFS 
  5818.251 607.01314     0.288    -3.213               7.724          0601Pb0125
  5818.264   27.0059     3.663    -3.621                                 KURHFS 
  5818.275      26.0     4.909     -2.68                                        
  5818.288 106.00112     2.346    -5.003               3.464            AX36R205
  5818.305 607.01214     0.544    -2.620               7.724          0601Ra0355
  5818.319      62.0     1.622     -0.41                                        
  5818.343      24.0     3.085     -5.18                                        
  5818.346 607.01314     1.347    -2.190               7.724          1105Rb0245
  5818.362 106.00112     2.346    -4.890               3.464            AX36R195
  5818.363 607.01214     2.916    -3.231               7.724          2012Rd0215
  5818.400 106.00113     2.036    -7.183               3.464            AX36R135
  5818.402 607.01314     1.347    -2.870               7.724          1105Qd0255
  5818.420 607.01314     0.685    -4.647               7.724          0500Rd0555
  5818.428      23.0     1.941     -2.24                                        
  5818.470 106.00112     2.346    -6.663               3.464            AX36Q205
  5818.496      26.0     4.962     -4.23                                        
  5818.509      24.0     5.236     -4.09                                        
  5818.553 607.01314     1.273    -3.057               7.724          1105Rc0165
  5818.580      59.1     1.121     -0.66                                        
  5818.591 607.01314     1.273    -2.089               7.724          1105Qa0175
  5818.614 607.01214     2.870    -2.484               7.724          2012Rb0145
  5818.642 106.00112     2.516    -4.551               3.464            AX14Q305
  5818.656 607.01214     0.421    -3.214               7.724          0500Pb0415
  5818.687 607.01314     1.259    -2.527               7.724          1105Pb0145
  5818.688      24.0     4.614     -3.60                                        
  5818.699   63.1151     1.229    -3.702                              Law01HFSIS
  5818.699   63.1153     1.229    -3.703                              Law01HFSIS
  5818.702   63.1153     1.229    -2.606                              Law01HFSIS
  5818.706   63.1151     1.229    -2.606                              Law01HFSIS
  5818.708   63.1153     1.229    -2.441                              Law01HFSIS
  5818.710   63.1153     1.229    -3.338                              Law01HFSIS
  5818.712   63.1153     1.229    -1.962                              Law01HFSIS
  5818.713   63.1153     1.229    -1.794                              Law01HFSIS
  5818.717   63.1151     1.229    -1.794                              Law01HFSIS
  5818.718   63.1153     1.229    -2.162                              Law01HFSIS
  5818.720   63.1153     1.229    -2.430                              Law01HFSIS
  5818.722   63.1151     1.229    -3.338                              Law01HFSIS
  5818.724   63.1153     1.229    -3.192                              Law01HFSIS
  5818.726   63.1151     1.229    -2.440                              Law01HFSIS
  5818.728   63.1153     1.229    -2.414                              Law01HFSIS
  5818.729 607.01214     2.278    -3.152               7.724          1609Rd0235
  5818.732   63.1151     1.229    -1.962                              Law01HFSIS
  5818.732   63.1153     1.229    -2.516                              Law01HFSIS
  5818.735   63.1153     1.229    -3.226                              Law01HFSIS
  5818.737   63.1153     1.229    -2.778                              Law01HFSIS
  5818.740   63.1153     1.229    -2.681                              Law01HFSIS
  5818.742   63.1151     1.229    -3.192                              Law01HFSIS
  5818.743   63.1151     1.229    -2.430                              Law01HFSIS
  5818.747   63.1151     1.229    -2.162                              Law01HFSIS
  5818.749 607.01314     2.127    -1.733               7.724          1508Qb0325
  5818.757   63.1151     1.229    -2.516                              Law01HFSIS
  5818.757   63.1151     1.229    -3.225                              Law01HFSIS
  5818.759   63.1151     1.229    -2.414                              Law01HFSIS
  5818.766   63.1151     1.229    -2.681                              Law01HFSIS
  5818.767   63.1151     1.229    -2.778                              Law01HFSIS
  5818.781 106.00112     2.516    -7.939               3.464            AX14R295
  5818.783      22.0     3.543     -2.69                                        
  5818.816 607.01314     2.127    -3.131               7.724          1508Pd0335
  5818.817 607.01214     2.821    -3.322               7.724          2012Rc0005
  5818.845 607.01214     2.822    -3.268               7.724          2012Rc0015
  5818.884 607.01214     2.821    -3.352               7.724          2012Qa0015
  5818.915 106.00112     2.516    -6.857               3.464            AX14P305
  5818.957 607.01214     2.822    -3.099               7.724          2012Qa0025
  5818.962 106.00113     2.509    -7.902               3.464            AX14R295
  5818.974 607.01314     0.301    -3.670               7.724          0601Rc0145
  5819.006 607.01314     0.260    -4.012               7.724          0601Pc0065
  5819.010 607.01314     0.301    -2.754               7.724          0601Qa0155
  5819.017      92.0     0.868     -1.66                                        
  5819.019 106.00113     2.730    -8.808               3.464            AX25R295
  5819.020 607.01214     2.218    -2.351               7.724          1609Rb0155
  5819.025 607.01214     2.870    -2.839               7.724          2012Qd0155
  5819.028 106.00113     2.509    -4.550               3.464            AX14Q305
  5819.051 106.00113     2.730    -5.093               3.464            AX25Q305
  5819.051 607.01214     2.218    -2.753               7.724          1609Qd0165
  5819.054 106.00112     2.516    -4.503               3.464            AX14Q295
  5819.061      24.1     6.479     -3.93                                        
  5819.095 106.00112     2.733    -5.094               3.464            AX25Q305
  5819.121 607.01214     2.823    -3.218               7.724          2012Rc0025
  5819.193 607.01214     2.160    -3.228               7.724          1609Rc0005
  5819.193 607.01214     2.161    -3.175               7.724          1609Rc0015
  5819.196 607.01214     2.160    -3.257               7.724          1609Qa0015
  5819.198 607.01214     2.161    -3.003               7.724          1609Qa0025
  5819.224 106.00113     2.509    -4.501               3.464            AX14Q295
  5819.251 106.00112     2.734    -8.845               3.464            AX25R295
  5819.260 106.00112     2.733    -6.899               3.464            AX25P305
  5819.261 607.01214     2.193    -2.425               7.724          1609Ra0125
  5819.276 607.01214     2.823    -2.938               7.724          2012Qa0035
  5819.278      26.0     4.217     -4.50                                        
  5819.290 106.00113     2.509    -6.889               3.464            AX14P305
  5819.308 106.00113     2.730    -4.773               3.464            AX25Q295
  5819.320 607.01314     0.298    -3.269               7.724          0500Pb0355
  5819.326 112.00124     0.569    -4.515               1.340           02R118b24
  5819.340 106.00113     2.730    -6.931               3.464            AX25P305
  5819.357 607.01314     0.272    -3.472               7.724          0601Qc0095
  5819.367 607.01214     2.848    -2.562               7.724          2012Ra0115
  5819.379      38.1     6.945     -0.86                                        
  5819.382 607.01314     0.272    -3.360               7.724          0601Pa0105
  5819.398      15.0     7.207     -4.52                                        
  5819.410      70.1     5.767     -0.89                                        
  5819.413 607.01214     2.029    -3.245               7.724          0600Rb0935
  5819.415 106.00112     2.734    -4.775               3.464            AX25Q295
  5819.428 607.01214     2.162    -3.125               7.724          1609Rc0025
  5819.430      41.0     1.612     -1.22                                        
  5819.435 607.01214     2.162    -2.842               7.724          1609Qa0035
  5819.451 106.00113     1.320    -4.272               3.464            BX14P055
  5819.493 106.00113     1.320    -7.945               3.464            BX14Q055
  5819.495       6.0     8.841     -2.72                                        
  5819.503 607.01214     0.561    -2.626               7.724          0601Rb0355
  5819.515 607.01314     2.063    -2.830               7.724          1508Qc0275
  5819.570 607.01214     2.188    -2.286               7.724          1609Qb0105
  5819.571 607.01314     2.063    -2.132               7.724          1508Pa0285
  5819.591 607.01214     0.561    -3.629               7.724          0601Qd0365
  5819.592 607.01214     2.188    -3.025               7.724          1609Pd0115
  5819.637 112.00124     0.623    -3.872               1.340           13R113b24
  5819.642 607.01214     2.029    -4.986               7.724          0600Qd0945
  5819.644 607.01214     2.825    -3.178               7.724          2012Rc0035
  5819.725      25.1     6.128     -5.44                                        
  5819.747 607.01214     2.835    -2.918               7.724          2012Pb0075
  5819.774 607.01214     0.328    -4.612               7.724          0500Pc0365
  5819.787 607.01314     0.385    -4.458               7.724          0500Rc0405
  5819.819 607.01314     0.324    -2.689               7.724          0601Qb0175
  5819.839 607.01214     2.825    -2.816               7.724          2012Qa0045
  5819.850 607.01314     2.740    -2.863               7.724          1911Qc0295
  5819.862 607.01314     0.324    -3.718               7.724          0601Pd0185
  5819.882 607.01214     2.175    -2.822               7.724          1609Pb0075
  5819.886 607.01314     0.385    -2.860               7.724          0500Qa0415
  5819.896 607.01214     2.164    -3.085               7.724          1609Rc0035
  5819.898 106.00113     2.612    -1.288               3.464            AX52Q365
  5819.903 607.01314     2.740    -2.142               7.724          1911Pa0305
  5819.904 607.01214     2.164    -2.720               7.724          1609Qa0045
  5819.919      24.0     3.847     -1.91                                        
  5819.931      22.0     1.738     -3.27                                 LAWLER 
  5819.935      23.1     2.520     -1.70                                        
  5819.952 106.00113     1.288    -6.044               3.464            BX14P035
  5820.016 112.00124     0.722    -1.624               1.340           13R218b24
  5820.033      24.1     6.482     -2.27                                        
  5820.064 106.00113     2.037    -7.144               3.464            AX36R135
  5820.077 106.00113     1.320    -4.211               3.464            BX14P065
  5820.145 112.00124     0.722    -3.842               1.340           13Q118b24
  5820.171 607.01214     2.848    -2.384               7.724          2012Qb0105
  5820.179      21.0     4.524     -2.46                                        
  5820.211      28.0     4.150     -2.88                                        
  5820.234 607.01314     0.370    -2.797               7.724          0601Ra0235
  5820.281      23.0     3.526     -4.47                                        
  5820.294       6.0     8.841     -2.87                                        
  5820.347      60.0     0.140     -0.94                                        
  5820.365      58.0     0.785     -0.24                                        
  5820.412 607.01214     2.827    -3.146               7.724          2012Rc0045
  5820.429 607.01214     1.572    -3.730               7.724          0903Rc0595
  5820.478 607.01314     2.075    -2.123               7.724          1508Pb0285
  5820.504      23.0     4.593     -3.58                                        
  5820.536 607.01314     0.524    -3.063               7.724          0500Rb0475
  5820.570 607.01214     1.572    -1.843               7.724          0903Qa0605
  5820.573 607.01214     2.848    -3.110               7.724          2012Pd0115
  5820.595 112.00124     0.722    -1.601               1.340           13R118b24
  5820.597 607.01214     2.166    -3.054               7.724          1609Rc0045
  5820.607 607.01214     2.166    -2.620               7.724          1609Qa0055
  5820.613      41.0     2.085     -1.25                                        
  5820.616      23.0     2.580     -3.85                                        
  5820.647 607.01214     2.827    -2.717               7.724          2012Qa0055
  5820.650 607.01314     0.524    -4.264               7.724          0500Qd0485
  5820.683      42.0     3.196     -1.85                                        
  5820.692 607.01314     1.336    -2.179               7.724          1105Ra0245
  5820.693 607.01314     0.392    -2.789               7.724          0601Rb0245
  5820.706 607.01314     0.222    -4.515               7.724          0500Pc0305
  5820.719 106.00113     1.533    -8.457               3.464            AX03R195
  5820.721 607.01314     1.247    -2.830               7.724          1105Qc0125
  5820.751 607.01314     1.247    -2.600               7.724          1105Pa0135
  5820.753 607.01314     0.392    -3.501               7.724          0601Qd0255
  5820.784 607.01214     1.443    -3.489               7.724          0903Qc0545
  5820.844 607.01214     2.199    -2.390               7.724          1609Ra0135
  5820.885 607.01314     1.231    -3.273               7.724          1105Pc0095
  5820.904      63.1     1.249     -2.14                                        
  5820.914 607.01214     1.443    -2.221               7.724          0903Pa0555
  5820.936      20.0     5.581     -5.76                                        
  5820.938 607.01214     2.853    -2.525               7.724          2012Ra0125
  5820.980      64.1     1.574     -1.06                              DenHarto06
