a line list in the range:    5039.00   5051.00
  5039.004 607.01214     0.785    -3.913               7.724          1003Rd0125
  5039.017 607.01214     0.716    -3.234               7.724          0902Pa0305
  5039.022      41.0     0.019     -1.36                                        
  5039.042 106.00112     2.396    -2.409               3.464            AX51P375
  5039.057       6.0     7.940     -2.00                                        
  5039.088      64.0     1.400     -0.14                                        
  5039.100       6.0     7.940     -2.29                                        
  5039.108      76.0     2.342     -1.42                                        
  5039.126      24.0     3.009     -1.99                                        
  5039.178      26.0     4.280     -2.41                                        
  5039.204      22.0     2.425     -3.57                                        
  5039.205 106.00112     2.396    -2.744               3.464            AX51P365
  5039.219 607.01214     0.754    -4.055               7.724          1003Rd0045
  5039.231      90.0     0.317     -2.04                                        
  5039.252      26.0     3.368     -1.52                              DenHarto14
  5039.273      58.1     1.338     -1.49                              Lawler09  
  5039.301 607.01214     2.241    -2.461               7.724          1809Ra0195
  5039.337 607.01214     1.537    -3.412               7.724          1406Rc0165
  5039.355      28.0     3.633     -1.15                                        
  5039.358 607.01314     2.655    -2.974               7.724          2111Qc0215
  5039.366 607.01214     1.537    -2.441               7.724          1406Qa0175
  5039.373 106.00113     0.782    -5.917               3.464            AX01P155
  5039.386 607.01314     2.655    -2.473               7.724          2111Pa0225
  5039.388 607.01214     1.509    -3.189               7.724          1406Qc0125
  5039.411 607.01214     1.509    -2.955               7.724          1406Pa0135
  5039.449 106.00112     1.832    -6.400               3.464            AX45P135
  5039.469 607.01314     0.576    -4.244               7.724          0902Qc0185
  5039.476 106.00112     1.718    -5.991               3.464            AX23P215
  5039.499      26.0     4.909     -4.14                                        
  5039.503 607.01314     0.576    -3.416               7.724          0902Pa0195
  5039.527 607.01314     2.052    -3.492               7.724          1708Pc0265
  5039.540      26.0     2.452     -5.24                                        
  5039.550 106.00113     1.286    -5.807               3.464            BX13R145
  5039.572   23.0051     1.050    -5.187                                 KURHFS 
  5039.573   23.0051     1.050    -4.845                                 KURHFS 
  5039.573   23.0051     1.050    -5.166                                 KURHFS 
  5039.573   23.0051     1.050    -5.166                                 KURHFS 
  5039.573   23.0051     1.050    -5.312                                 KURHFS 
  5039.573   23.0051     1.050    -5.643                                 KURHFS 
  5039.623 607.01214     0.791    -3.913               7.724          1003Rd0135
  5039.637   23.0051     1.847    -9.028                                 KURHFS 
  5039.637   23.0051     1.847    -9.308                                 KURHFS 
  5039.637   23.0051     1.847    -9.308                                 KURHFS 
  5039.637   23.0051     1.847   -10.329                                 KURHFS 
  5039.638   23.0051     1.847    -8.890                                 KURHFS 
  5039.638   23.0051     1.847    -9.028                                 KURHFS 
  5039.638   23.0051     1.847    -9.630                                 KURHFS 
  5039.639   23.0051     1.847    -8.824                                 KURHFS 
  5039.639   23.0051     1.847    -8.890                                 KURHFS 
  5039.639   23.0051     1.847    -9.183                                 KURHFS 
  5039.640   23.0051     1.847    -8.817                                 KURHFS 
  5039.640   23.0051     1.847    -8.824                                 KURHFS 
  5039.640   23.0051     1.847    -8.852                                 KURHFS 
  5039.641   23.0051     1.847    -8.589                                 KURHFS 
  5039.641   23.0051     1.847    -8.817                                 KURHFS 
  5039.641   23.0051     1.847    -8.882                                 KURHFS 
  5039.643   23.0051     1.847    -8.370                                 KURHFS 
  5039.643   23.0051     1.847    -8.882                                 KURHFS 
  5039.643   23.0051     1.847    -9.086                                 KURHFS 
  5039.645   23.0051     1.847    -8.183                                 KURHFS 
  5039.645   23.0051     1.847    -9.086                                 KURHFS 
  5039.732      58.0     0.206     -0.97                                        
  5039.799      58.1     1.614     -0.70                                        
  5039.841 607.01214     1.553    -2.410               7.724          1406Qb0185
  5039.847   27.0059     3.131    -5.267                                 KURHFS 
  5039.847   27.0059     3.131    -5.454                                 KURHFS 
  5039.847   27.0059     3.131    -5.673                                 KURHFS 
  5039.847   27.0059     3.131    -5.901                                 KURHFS 
  5039.847   27.0059     3.131    -5.901                                 KURHFS 
  5039.847   27.0059     3.131    -5.908                                 KURHFS 
  5039.847   27.0059     3.131    -5.908                                 KURHFS 
  5039.847   27.0059     3.131    -5.936                                 KURHFS 
  5039.847   27.0059     3.131    -5.966                                 KURHFS 
  5039.847   27.0059     3.131    -5.966                                 KURHFS 
  5039.847   27.0059     3.131    -5.974                                 KURHFS 
  5039.847   27.0059     3.131    -5.974                                 KURHFS 
  5039.847   27.0059     3.131    -6.112                                 KURHFS 
  5039.847   27.0059     3.131    -6.112                                 KURHFS 
  5039.847   27.0059     3.131    -6.170                                 KURHFS 
  5039.847   27.0059     3.131    -6.170                                 KURHFS 
  5039.847   27.0059     3.131    -6.267                                 KURHFS 
  5039.847   27.0059     3.131    -6.392                                 KURHFS 
  5039.847   27.0059     3.131    -6.392                                 KURHFS 
  5039.847   27.0059     3.131    -6.714                                 KURHFS 
  5039.847   27.0059     3.131    -7.413                                 KURHFS 
  5039.851      20.0     5.177     -2.88                                        
  5039.873 607.01214     1.553    -3.459               7.724          1406Pd0195
  5039.876 607.01214     0.752    -4.114               7.724          1003Rd0035
  5039.876 607.01214     2.785    -2.345               7.724          2111Pb0285
  5039.878      23.1     6.852     -3.58                                        
  5039.919       6.0     8.634     -3.94                                        
  5039.919      60.0     0.456     -0.49                                        
  5039.930      62.1     1.166     -1.66                              Lawler06  
  5039.935 106.00112     1.507    -5.874               3.464            AX12P225
  5039.942      22.0     2.331     -1.58                                        
  5039.957      22.0     0.021     -1.08                                 LAWLER 
  5039.981 607.01214     2.259    -2.454               7.724          1809Rb0205
  5039.984 106.00112     1.978    -7.313               3.464            AX56P105
  5039.993 106.00112     1.978    -6.475               3.464            AX56Q105
  5040.012 607.01214     2.259    -3.007               7.724          1809Qd0215
  5040.053 607.01214     0.751    -4.758               7.724          0801Qc0455
  5040.095 106.00112     1.806    -6.094               3.464            AX34P185
  5040.117 607.01214     1.602    -2.557               7.724          1406Rb0235
  5040.120 112.00124     0.659    -0.408               1.340           33R215b24
  5040.134       6.0     7.940     -2.50                                        
  5040.138 607.01214     0.751    -3.520               7.724          0801Pa0465
  5040.158 607.01214     1.602    -3.219               7.724          1406Qd0245
  5040.171 106.00113     1.837    -6.095               3.464            AX23P235
  5040.184      60.0     0.140     -0.58                                        
  5040.189 106.00112     1.978    -6.567               3.464            AX56P115
  5040.203 112.00124     0.659    -2.411               1.340           33Q115b24
  5040.254      26.0     4.217     -1.79                                        
  5040.259      25.0     4.682     -1.18                                        
  5040.272      26.0     4.962     -3.27                                        
  5040.340      44.0     2.593     -0.92                                        
  5040.350 112.00124     0.619     0.045               1.340           22R120b24
  5040.354      26.0     4.792     -3.53                                        
  5040.371      74.0     1.649     -1.70                                        
  5040.389 607.01214     0.797    -3.914               7.724          1003Rd0145
  5040.422 607.01214     2.188    -3.015               7.724          1809Qc0105
  5040.429      24.1     6.800     -4.04                                        
  5040.437 607.01214     2.188    -2.880               7.724          1809Pa0115
  5040.451 607.01214     1.018    -4.481               7.724          0902Rd0475
  5040.533 106.00113     2.106    -4.105               3.464            AX02R315
  5040.556      23.0     2.676     -2.32                                        
  5040.572 106.00113     1.570    -5.901               3.464            AX12P235
  5040.594      25.0     4.682     -1.72                                        
  5040.611 106.00112     1.443    -5.912               3.464            AX12P215
  5040.614      22.0     0.825     -1.67                                 LAWLER 
  5040.643 106.00113     1.968    -6.163               3.464            AX23P255
  5040.669 607.01214     0.751    -4.197               7.724          1003Rd0025
  5040.679 607.01214     0.730    -3.227               7.724          0902Pb0305
  5040.680      90.0     0.457     -1.90                                        
  5040.683 112.00124     0.618     0.004               1.340           22R220b24
  5040.726 112.00124     0.450    -1.956               1.340           22R112b24
  5040.726 112.00124     0.544     0.235               1.340           11R223h24
  5040.735 106.00113     2.106    -4.127               3.464            AX02R305
  5040.739      28.0     3.652     -1.89                                        
  5040.739      44.0     1.122     -2.04                                        
  5040.754 607.01214     0.791    -4.296               7.724          0902Rc0345
  5040.758 106.00113     2.106    -6.453               3.464            AX02Q315
  5040.765       6.0     7.940     -2.60                                        
  5040.796 112.00124     0.619    -2.320               1.340           22Q120b24
  5040.817 607.01214     0.791    -2.816               7.724          0902Qa0355
  5040.830      72.1     1.481     -1.42                              Lawler07  
  5040.833      27.0     4.392     -3.48                                        
  5040.843 607.01314     1.406    -3.399               7.724          1305Qc0295
  5040.846      58.0     0.466      0.00                                        
  5040.850 607.01314     0.624    -4.388               7.724          0902Rc0235
  5040.852      26.0     4.253     -0.73                                        
  5040.859 112.00124     0.544    -2.259               1.340           11Q123b24
  5040.863 106.00113     2.180    -3.697               3.464            AX13R295
  5040.892 607.01314     0.625    -2.963               7.724          0902Qa0245
  5040.893      22.0     2.316     -5.44                                        
  5040.893 607.01314     1.406    -2.687               7.724          1305Pa0305
  5040.907      26.0     4.280     -0.50                                        
  5040.909 112.00125     0.543     0.235               1.340           11R223h25
  5040.923 106.00113     2.195    -6.046               3.464            AX56P175
  5040.964 607.01314     0.543    -4.913               7.724          0801Pc0355
  5040.967 106.00112     1.979    -7.312               3.464            AX56P105
  5040.976 106.00112     1.979    -6.495               3.464            AX56Q105
  5040.988 607.01314     0.552    -4.353               7.724          0902Pc0155
  5040.993      69.1     3.481     -0.00                                        
  5041.012      28.0     3.830     -0.97                                        
  5041.037 106.00112     1.832    -6.440               3.464            AX45P135
  5041.044 106.00113     2.180    -3.731               3.464            AX13R285
  5041.060 106.00113     2.180    -6.041               3.464            AX13Q295
  5041.072      26.0     0.958     -3.09                              NIST/B    
  5041.085 112.00126     0.543     0.235               1.340           11R223h26
  5041.105 106.00112     1.979    -6.567               3.464            AX56P115
  5041.124 106.00113     2.283    -5.133               3.464            AX51Q365
  5041.127      22.0     2.248     -2.67                                        
  5041.143 607.01214     0.896    -3.015               7.724          0902Rb0405
  5041.156 112.00124     0.544     0.251               1.340           11R123h24
  5041.168 607.01214     2.225    -2.296               7.724          1809Qb0165
  5041.171 106.00113     1.087    -3.653               3.464            BX02P155
  5041.194 607.01214     2.225    -3.259               7.724          1809Pd0175
  5041.217 607.01214     0.896    -4.100               7.724          0902Qd0415
  5041.262 106.00113     1.087    -7.945               3.464            BX02Q155
  5041.295 106.00113     1.801    -6.148               3.464            AX34P185
  5041.304 607.01214     0.804    -3.916               7.724          1003Rd0155
  5041.309      26.0     4.281     -3.38                                        
  5041.345 112.00125     0.543     0.251               1.340           11R123h25
  5041.347      26.0     3.015     -3.31                                        
  5041.385 106.00113     2.195    -3.232               3.464            AX56Q175
  5041.420 106.00113     1.087    -3.566               3.464            BX02P165
  5041.425 106.00113     2.195    -3.358               3.464            AX56Q165
  5041.436 112.00124     0.566    -1.904               1.340           33R109b24
  5041.441 607.01214     2.211    -3.216               7.724          1809Rc0145
  5041.448      26.0     4.545     -2.98                                        
  5041.453      22.0     3.109     -2.02                                        
  5041.454   23.0051     2.252    -5.548                                 KURHFS 
  5041.454   23.0051     2.252    -5.724                                 KURHFS 
  5041.460   23.0051     2.252    -5.423                                 KURHFS 
  5041.460   23.0051     2.252    -5.548                                 KURHFS 
  5041.464 607.01214     2.211    -2.331               7.724          1809Qa0155
  5041.467   23.0051     2.252    -5.423                                 KURHFS 
  5041.467   23.0051     2.252    -5.537                                 KURHFS 
  5041.467   23.0051     2.252    -5.742                                 KURHFS 
  5041.475   23.0051     2.252    -5.126                                 KURHFS 
  5041.475   23.0051     2.252    -5.537                                 KURHFS 
  5041.481       6.0     7.940     -1.70                                        
  5041.494 607.01214     1.591    -2.545               7.724          1406Ra0235
  5041.504 112.00124     0.659    -0.367               1.340           33R115b24
  5041.512 106.00113     2.402    -7.425               3.464            AX23P315
  5041.513 112.00126     0.543     0.251               1.340           11R123h26
  5041.520 607.01214     2.179    -3.476               7.724          1809Pc0085
  5041.530      20.0     5.792     -4.78                                        
  5041.564 607.01314     0.594    -3.396               7.724          0902Pb0205
  5041.582 106.00113     1.503    -5.939               3.464            AX12P225
  5041.598 607.01214     0.750    -4.323               7.724          1003Rd0015
  5041.602 106.00112     0.979    -5.599               3.464            BX13R025
  5041.620      20.0     2.709     -0.42                              NIST/D    
  5041.647 106.00112     1.443    -6.589               3.464            BX02P225
  5041.684 607.01214     1.498    -3.609               7.724          1406Pc0105
  5041.685      26.0     4.831     -3.19                                        
  5041.700 106.00112     1.443    -2.699               3.464            BX02Q215
  5041.709 106.00113     0.783    -5.964               3.464            AX01P155
  5041.726      26.0     3.692     -2.87                                        
  5041.738 106.00113     1.751   -11.359               3.464            CX05P125
  5041.745 106.00112     2.166    -7.173               3.464            AX45P215
  5041.755 106.00112     1.443    -2.604               3.464            BX02Q225
  5041.756      26.0     1.485     -2.20                              NIST/B    
  5041.761 607.01214     0.773    -3.533               7.724          0801Pb0465
  5041.788 106.00112     2.166    -6.335               3.464            AX45Q205
  5041.796       6.0     7.940     -2.50                                        
  5041.808 106.00112     1.443    -6.351               3.464            BX02R215
  5041.808 106.00112     1.780    -5.975               3.464            AX23P225
  5041.811 106.00112     2.303    -6.442               3.464            AX01P355
  5041.840      25.0     5.401     -2.60                                        
  5041.849      26.0     4.280     -0.87                                        
  5041.849 607.01314     1.420    -2.679               7.724          1305Pb0305
  5041.871 607.01314     0.624    -2.967               7.724          0902Qb0235
  5041.872 607.01214     0.863    -3.133               7.724          0801Qb0505
  5041.875   25.0055     3.850    -4.348                                 KURHFS 
  5041.875   25.0055     3.850    -5.037                                 KURHFS 
  5041.875   25.0055     3.850    -5.991                                 KURHFS 
  5041.886 106.00113     2.195    -5.278               3.464            AX56R165
  5041.894      22.0     2.332     -1.50                                        
  5041.903   25.0055     3.850    -4.560                                 KURHFS 
  5041.903   25.0055     3.850    -4.891                                 KURHFS 
  5041.903   25.0055     3.850    -5.611                                 KURHFS 
  5041.907 106.00112     2.166    -5.199               3.464            AX45P205
  5041.914 607.01314     0.625    -4.754               7.724          0902Pd0245
  5041.924   25.0055     3.850    -4.833                                 KURHFS 
  5041.924   25.0055     3.850    -4.912                                 KURHFS 
  5041.924   25.0055     3.850    -5.435                                 KURHFS 
  5041.937   25.0055     3.850    -5.067                                 KURHFS 
  5041.937   25.0055     3.850    -5.243                                 KURHFS 
  5041.937   25.0055     3.850    -5.389                                 KURHFS 
  5041.966 607.01214     0.863    -5.173               7.724          0801Pd0515
  5041.979      26.0     4.981     -3.46                                        
  5041.979 106.00113     1.751    -8.890               3.464            CX05Q115
  5041.985 607.01214     2.321    -3.403               7.724          1809Rd0275
  5041.997 607.01214     2.205    -2.747               7.724          1809Pb0135
  5041.998      25.1     5.832     -6.46                                        
  5042.013      24.0     4.609     -2.85                                        
  5042.019 607.01314     2.695    -3.229               7.724          2111Rc0255
  5042.031 106.00113     1.503    -7.312               3.464            AX02R235
  5042.047      68.1     1.700     -0.20                                        
  5042.049 607.01214     2.250    -2.438               7.724          1809Ra0205
  5042.052 607.01314     2.695    -2.044               7.724          2111Qa0265
  5042.081      58.0     0.410     -0.59                                        
  5042.110      26.0     3.015     -5.23                                        
  5042.135 607.01314     2.740    -2.239               7.724          2111Ra0305
  5042.149      20.0     4.551     -3.34                                        
  5042.182      28.0     3.655     -0.58                                        
  5042.192 106.00112     0.785    -5.916               3.464            AX01P155
  5042.195 106.00113     1.751    -8.341               3.464            CX05Q125
  5042.209 607.01214     1.545    -3.417               7.724          1406Rc0175
  5042.225 106.00112     1.718    -6.849               3.464            AX13R225
  5042.233      58.0     0.684     -0.68                                        
  5042.240 607.01214     1.545    -2.412               7.724          1406Qa0185
  5042.244 607.01214     1.529    -2.845               7.724          1406Pb0155
  5042.298 607.01214     1.516    -3.187               7.724          1406Qc0135
  5042.323 607.01214     1.516    -2.912               7.724          1406Pa0145
  5042.367 607.01214     0.811    -3.920               7.724          1003Rd0165
  5042.401      22.0     2.394     -6.81                                        
  5042.416      26.0     3.881     -3.48                                        
  5042.436 106.00113     1.751   -13.012               3.464            CX05R115
  5042.458      23.0     1.802     -4.19                                        
  5042.480 607.01314     2.705    -2.042               7.724          2111Qb0265
  5042.500 106.00112     1.509    -7.312               3.464            AX02R235
  5042.507      24.0     3.011     -2.27                                        
  5042.515 607.01314     2.705    -3.269               7.724          2111Pd0275
  5042.537      20.0     5.014     -4.84                                        
  5042.563 106.00113     2.038    -6.250               3.464            AX23P265
  5042.566   25.0055     2.951    -3.190                                 KURHFS 
  5042.566   25.0055     2.951    -3.287                                 KURHFS 
  5042.566   25.0055     2.951    -3.303                                 KURHFS 
  5042.594   25.0055     2.951    -2.826                                 KURHFS 
  5042.594   25.0055     2.951    -3.190                                 KURHFS 
  5042.594   25.0055     2.951    -3.734                                 KURHFS 
  5042.609      24.0     3.373     -3.64                                        
  5042.626      26.0     4.590     -4.38                                        
  5042.636      66.0     0.937     -0.36                                        
  5042.662 607.01214     0.749    -4.551               7.724          1003Rd0005
  5042.742 106.00112     1.576    -5.901               3.464            AX12P235
  5042.756 106.00112     1.378    -5.770               3.464            BX12P205
  5042.846      24.0     3.373     -3.64                                        
  5042.847 112.00124     0.478     0.348               1.340           00R226h24
  5042.872      24.0     3.884     -2.88                                        
  5042.890 106.00112     1.807    -6.148               3.464            AX34P185
  5042.911      26.0     4.635     -3.58                                        
  5042.924 112.00124     1.054     0.764               1.340           00Q240b24
  5042.936 106.00113     2.196    -6.026               3.464            AX56P175
  5042.974      14.0     5.078     -3.06                                        
  5042.981 607.01314     2.638    -3.322               7.724          2111Pc0195
  5042.999 112.00124     0.478    -2.289               1.340           00Q126b24
  5043.039 106.00112     2.116    -4.107               3.464            AX02R315
  5043.065 112.00125     0.477     0.348               1.340           00R226h25
  5043.073 607.01214     2.193    -3.006               7.724          1809Qc0115
  5043.081 607.01314     0.585    -4.294               7.724          0902Qc0195
  5043.085 607.01314     2.753    -2.248               7.724          2111Rb0305
  5043.092 607.01214     2.193    -2.829               7.724          1809Pa0125
  5043.096 106.00113     2.388    -5.349               3.464            AX56Q215
  5043.110 112.00124     1.054    -2.994               1.340           00P140b24
  5043.116 607.01314     0.585    -3.388               7.724          0902Pa0205
  5043.117 112.00124     1.054    -2.991               1.340           00R240b24
  5043.125 607.01314     2.753    -3.018               7.724          2111Qd0315
  5043.148 607.01214     0.808    -2.815               7.724          0902Qb0355
  5043.199      58.0     1.162     -0.03                                        
  5043.213 607.01214     0.808    -4.352               7.724          0902Pd0365
  5043.235      24.0     3.446     -4.40                                        
  5043.242      33.0     6.280      0.20                                        
  5043.249 106.00113     1.641    -5.930               3.464            AX12P245
  5043.250 607.01214     2.268    -2.430               7.724          1809Rb0215
  5043.252 607.01214     1.562    -2.383               7.724          1406Qb0195
  5043.257 112.00126     0.476     0.348               1.340           00R226h26
  5043.282 607.01214     2.268    -3.013               7.724          1809Qd0225
  5043.287 607.01214     1.562    -3.465               7.724          1406Pd0205
  5043.304 112.00124     1.054     0.775               1.340           00Q140b24
  5043.305 106.00112     2.116    -6.407               3.464            AX02Q315
  5043.313      73.0     1.393     -1.51                                        
  5043.319 112.00124     0.478     0.362               1.340           00R126h24
  5043.329 106.00113     2.327    -6.959               3.464            AX23P305
  5043.360      20.0     2.930     -4.29                                        
  5043.398 106.00113     2.196    -3.232               3.464            AX56Q175
  5043.414 106.00113     2.215    -6.031               3.464            AX45Q215
  5043.418 106.00112     2.116    -4.128               3.464            AX02R305
  5043.454 607.01214     0.751    -4.128               7.724          1003Rb0015
  5043.454 607.01214     0.752    -3.954               7.724          1003Rb0025
  5043.458 607.01214     0.751    -3.878               7.724          1003Qd0025
  5043.461 607.01214     0.752    -3.789               7.724          1003Qd0035
  5043.462   23.0051     1.892    -2.680                                 KURHFS 
  5043.462   23.0051     1.892    -2.856                                 KURHFS 
  5043.469 106.00113     2.215    -4.928               3.464            AX45P225
  5043.483   23.0051     1.892    -2.555                                 KURHFS 
  5043.483   23.0051     1.892    -2.680                                 KURHFS 
  5043.503      69.0     2.162     -0.57                                        
  5043.510   23.0051     1.892    -2.555                                 KURHFS 
  5043.510   23.0051     1.892    -2.669                                 KURHFS 
  5043.510   23.0051     1.892    -2.874                                 KURHFS 
  5043.535 112.00125     0.477     0.362               1.340           00R126h25
  5043.536 106.00113     2.215    -7.174               3.464            AX45P215
  5043.539 106.00113     2.196    -3.358               3.464            AX56Q165
  5043.544   23.0051     1.892    -2.258                                 KURHFS 
  5043.544   23.0051     1.892    -2.669                                 KURHFS 
  5043.555 106.00113     2.285    -2.449               3.464            AX51R355
  5043.566 607.01214     2.750    -3.371               7.724          2111Pc0255
  5043.575      23.1     6.068     -3.02                                        
  5043.581 607.01214     0.819    -3.924               7.724          1003Rd0175
  5043.584      22.0     0.835     -1.59                                 LAWLER 
  5043.584 106.00112     1.581   -10.527               3.464            CX05R055
  5043.589 607.01214     0.750    -4.404               7.724          1003Rb0005
  5043.591      24.0     3.548     -2.17                                        
  5043.591 607.01214     0.750    -4.007               7.724          1003Qd0015
  5043.591 607.01214     0.754    -3.824               7.724          1003Rb0035
  5043.599 607.01214     0.754    -3.725               7.724          1003Qd0045
  5043.601 607.01214     1.613    -2.537               7.724          1406Rb0245
  5043.606 607.01214     0.676    -4.374               7.724          0902Pc0265
  5043.621 106.00113     2.388    -3.035               3.464            AX56R215
  5043.644 607.01214     1.613    -3.225               7.724          1406Qd0255
  5043.661 607.01214     2.785    -2.334               7.724          2111Pa0295
  5043.689 106.00113     1.903    -6.158               3.464            AX23P245
  5043.738 112.00126     0.476     0.362               1.340           00R126h26
  5043.748 106.00113     2.389    -2.744               3.464            AX51P365
  5043.761       6.0     8.634     -3.54                                        
  5043.823 112.00124     0.593     0.091               1.340           22R219b24
  5043.827      59.0     0.000     -0.09                                        
  5043.834 106.00113     2.388    -3.032               3.464            AX56R205
  5043.842 106.00113     2.108    -6.358               3.464            AX23P275
  5043.850 106.00113     2.002    -7.242               3.464            CX05P185
  5043.850 106.00113     2.002    -7.329               3.464            CX05P175
  5043.859 607.01214     0.749    -4.173               7.724          1003Qd0005
  5043.864 607.01214     0.756    -3.719               7.724          1003Rb0045
  5043.868      68.0     1.963      0.71                                        
  5043.874 607.01214     0.756    -3.678               7.724          1003Qd0055
  5043.910 607.01314     2.674    -2.436               7.724          2111Pb0235
  5043.917 106.00112     2.204    -5.278               3.464            AX56R165
  5043.931 112.00124     0.593    -2.205               1.340           22Q119b24
  5043.952 607.01314     1.369    -3.751               7.724          1305Pc0265
  5043.973   23.0051     2.245    -6.177                                 KURHFS 
  5043.973   23.0051     2.245    -6.654                                 KURHFS 
  5043.976   23.0051     2.245    -6.177                                 KURHFS 
  5043.976   23.0051     2.245    -6.323                                 KURHFS 
  5043.997 106.00112     2.204    -3.357               3.464            AX56Q165
  5044.001 106.00113     2.196    -5.300               3.464            AX56R165
  5044.003 607.01314     2.664    -2.979               7.724          2111Qc0225
  5044.017      27.0     4.107     -1.40                                        
  5044.023      58.1     1.211     -0.14                              Lawler09  
  5044.026 106.00112     2.204    -3.232               3.464            AX56Q175
  5044.035 607.01314     2.664    -2.449               7.724          2111Pa0235
  5044.051      78.0     1.921     -2.01                                        
  5044.056 106.00112     1.509    -5.939               3.464            AX12P225
  5044.071      23.0     2.573     -5.18                                        
  5044.083 607.01214     2.785    -3.054               7.724          2111Qc0285
  5044.106 106.00112     2.204    -6.046               3.464            AX56P175
  5044.109 112.00124     0.593     0.110               1.340           22R119b24
  5044.126 607.01214     0.896    -2.998               7.724          0902Ra0415
  5044.141 607.01214     2.218    -3.219               7.724          1809Rc0155
  5044.164 607.01214     2.218    -2.299               7.724          1809Qa0165
  5044.193 112.00124     0.213    -2.030               1.340           00R117b24
  5044.211      26.0     2.851     -2.02                              NIST/B    
  5044.216      22.0     3.548     -2.00                                        
  5044.225 106.00113     1.970    -6.602               3.464            AX24R225
  5044.253      22.0     2.173     -1.17                                 LAWLER 
  5044.275 607.01214     0.759    -3.630               7.724          1003Rb0055
  5044.277      62.0     0.387     -0.02                                        
  5044.281 106.00113     2.253    -6.685               3.464            AX23P295
  5044.286 607.01214     0.759    -3.643               7.724          1003Qd0065
  5044.328      20.0     5.295     -3.73                                        
  5044.356      42.0     3.586     -0.60                              NIST/B    
  5044.432 106.00113     2.180    -6.498               3.464            AX23P285
  5044.453 607.01214     2.233    -2.266               7.724          1809Qb0175
  5044.456 106.00113     0.836    -5.932               3.464            AX01P165
  5044.463      27.0     4.392     -4.30                                        
  5044.481 607.01214     2.183    -3.445               7.724          1809Pc0095
  5044.482 607.01214     2.233    -3.263               7.724          1809Pd0185
  5044.495 106.00112     1.641    -8.729               3.464            CX05R075
  5044.510 607.01314     0.635    -4.420               7.724          0902Rc0245
  5044.511 607.01214     0.730    -4.047               7.724          0902Qc0305
  5044.554 607.01314     0.635    -2.942               7.724          0902Qa0255
  5044.555 106.00113     2.002   -11.508               3.464            CX05Q175
  5044.564 106.00112     0.787    -5.964               3.464            AX01P155
  5044.568 607.01214     0.730    -3.218               7.724          0902Pa0315
  5044.652      68.0     0.889     -0.35                                        
  5044.652 106.00112     1.641    -8.937               3.464            CX05R085
  5044.680 607.01214     1.602    -2.525               7.724          1406Ra0245
  5044.720      67.0     1.044     -0.91                                        
  5044.720      90.0     0.000     -2.03                                        
  5044.748 106.00112     1.641   -12.272               3.464            CX05Q085
  5044.765      20.0     5.296     -3.20                                        
  5044.767      90.0     0.966     -2.08                                        
  5044.783 106.00113     1.572    -5.968               3.464            AX12P235
  5044.797 607.01214     0.750    -4.173               7.724          1003Qb0005
  5044.799 607.01214     0.750    -4.475               7.724          1003Pd0015
  5044.803 112.00124     1.019     0.646               1.340           11Q236h24
  5044.825 607.01214     0.762    -3.554               7.724          1003Rb0065
  5044.838 607.01214     0.762    -3.617               7.724          1003Qd0075
  5044.876 607.01314     0.560    -4.363               7.724          0902Pc0165
  5044.945 607.01214     0.827    -3.929               7.724          1003Rd0185
  5044.968 607.01214     1.504    -3.593               7.724          1406Pc0115
  5044.972 112.00124     1.019    -3.406               1.340           11P136b24
  5044.980 112.00124     1.019    -3.406               1.340           11R236b24
  5044.984 607.01214     2.259    -2.416               7.724          1809Ra0215
  5044.985 106.00112     1.976    -6.602               3.464            AX24R225
  5044.991 112.00125     1.018     0.646               1.340           11Q236h25
  5045.028 607.01314     1.452    -3.550               7.724          1406Rd0075
  5045.041      25.0     4.791     -2.75                                        
  5045.060 607.01314     1.455    -3.531               7.724          1406Rd0085
  5045.063      24.0     4.444     -1.12                                        
  5045.140 607.01314     1.449    -3.576               7.724          1406Rd0065
  5045.143 106.00112     2.210    -6.367               3.464            AX01P345
  5045.149 112.00124     1.019     0.658               1.340           11Q136b24
  5045.153 106.00113     2.287    -2.158               3.464            AX51R365
  5045.166 112.00126     1.017     0.646               1.340           11Q236h26
  5045.218      22.0     2.235     -2.50                                 LAWLER 
  5045.228 106.00112     1.647    -5.930               3.464            AX12P245
  5045.237 607.01314     1.459    -3.517               7.724          1406Rd0095
  5045.249      90.0     0.929     -1.53                                        
  5045.257 607.01214     1.553    -3.423               7.724          1406Rc0185
  5045.289 607.01214     1.553    -2.385               7.724          1406Qa0195
  5045.365      42.0     3.300     -1.73                                        
  5045.388 607.01214     1.522    -3.187               7.724          1406Qc0145
  5045.395 607.01314     1.446    -3.609               7.724          1406Rd0055
  5045.399 106.00113     2.295    -6.441               3.464            AX01P355
  5045.406      15.0     6.954     -1.44                              NIST/E    
  5045.412      69.0     2.447     -0.08                                        
  5045.414      22.0     0.848     -1.84                                 LAWLER 
  5045.414 607.01214     1.522    -2.872               7.724          1406Pa0155
  5045.416      20.0     5.295     -2.11                                        
  5045.467 607.01214     0.751    -3.934               7.724          1003Qb0015
  5045.472 607.01214     0.751    -4.245               7.724          1003Pd0025
  5045.474 106.00113     1.892    -7.794               3.464            AX56P075
  5045.490 607.01214     2.211    -2.708               7.724          1809Pb0145
  5045.501   23.0051     2.246    -5.332                                 KURHFS 
  5045.514 607.01214     0.766    -3.486               7.724          1003Rb0075
  5045.516   23.0051     2.246    -5.311                                 KURHFS 
  5045.516   23.0051     2.246    -5.788                                 KURHFS 
  5045.522      59.0     0.543      0.69                                        
  5045.529 607.01214     0.766    -3.597               7.724          1003Qd0085
  5045.536   23.0051     2.246    -5.311                                 KURHFS 
  5045.536   23.0051     2.246    -5.457                                 KURHFS 
  5045.560 607.01314     1.463    -3.507               7.724          1406Rd0105
  5045.561   23.0051     2.246    -4.990                                 KURHFS 
  5045.578 106.00112     2.358    -3.594               3.464            AX13R315
  5045.603 607.01214     2.333    -3.410               7.724          1809Rd0285
  5045.620   27.0059     3.229    -6.295                                 KURHFS 
  5045.620   27.0059     3.229    -6.295                                 KURHFS 
  5045.620   27.0059     3.229    -6.596                                 KURHFS 
  5045.634      24.0     3.446     -3.98                                        
  5045.640   27.0059     3.229    -6.131                                 KURHFS 
  5045.640   27.0059     3.229    -6.157                                 KURHFS 
  5045.640   27.0059     3.229    -6.471                                 KURHFS 
  5045.664 607.01314     0.604    -3.370               7.724          0902Pb0215
  5045.666   27.0059     3.229    -5.874                                 KURHFS 
  5045.666   27.0059     3.229    -6.123                                 KURHFS 
  5045.666   27.0059     3.229    -6.721                                 KURHFS 
  5045.699   27.0059     3.229    -5.658                                 KURHFS 
  5045.699   27.0059     3.229    -6.284                                 KURHFS 
  5045.699   27.0059     3.229    -7.149                                 KURHFS 
  5045.701 106.00113     1.714    -5.963               3.464            AX12P255
  5045.708 106.00112     2.358    -3.648               3.464            AX13R305
  5045.755 106.00112     1.782    -6.039               3.464            AX23P225
  5045.782 607.01314     0.635    -2.946               7.724          0902Qb0245
  5045.791 106.00112     2.358    -6.027               3.464            AX13Q315
  5045.793 607.01314     1.444    -3.654               7.724          1406Rd0045
  5045.826 106.00113     2.109    -4.106               3.464            AX02R315
  5045.826 607.01314     0.635    -4.824               7.724          0902Pd0255
  5045.852      20.0     5.296     -1.67                                        
  5045.856      23.1     6.329     -1.09                                        
  5045.914 607.01214     2.199    -3.001               7.724          1809Qc0125
  5045.923 106.00112     1.091    -3.652               3.464            BX02P155
  5045.933 607.01214     1.537    -2.812               7.724          1406Pb0165
  5045.934 607.01214     2.199    -2.782               7.724          1809Pa0135
  5045.950      24.1     5.666     -4.18                                        
  5045.953 106.00113     2.389    -5.314               3.464            AX56Q215
  5046.014 607.01214     2.798    -2.328               7.724          2111Pb0295
  5046.019 106.00112     1.091    -7.944               3.464            BX02Q155
  5046.026 106.00113     1.892    -7.817               3.464            AX56P075
  5046.029 607.01314     1.468    -3.500               7.724          1406Rd0115
  5046.033 607.01314     2.126    -3.396               7.724          1809Rd0065
  5046.034 106.00112     2.205    -5.300               3.464            AX56R165
  5046.042 106.00112     2.205    -3.232               3.464            AX56Q175
  5046.052 106.00113     2.109    -6.407               3.464            AX02Q315
  5046.054 607.01314     2.129    -3.370               7.724          1809Rd0075
  5046.059      77.0     4.346     -0.32                                        
  5046.091 106.00112     2.398    -3.034               3.464            AX56R215
  5046.105       6.0     8.636     -4.04                                        
  5046.108      24.0     4.189     -3.02                                        
  5046.114 106.00112     2.205    -3.357               3.464            AX56Q165
  5046.122 106.00112     2.205    -6.026               3.464            AX56P175
  5046.148 106.00112     2.398    -3.032               3.464            AX56R205
  5046.167 607.01314     2.124    -3.431               7.724          1809Rd0055
  5046.182 106.00112     1.091    -3.565               3.464            BX02P165
  5046.221 106.00112     2.398    -5.348               3.464            AX56Q215
  5046.229 607.01314     2.132    -3.350               7.724          1809Rd0085
  5046.271 106.00113     2.109    -4.127               3.464            AX02R305
  5046.272 607.01214     0.752    -3.749               7.724          1003Qb0025
  5046.279 607.01214     0.752    -4.118               7.724          1003Pd0035
  5046.289 106.00112     2.400   -10.497               3.464            CX05P245
  5046.301 607.01214     0.689    -4.824               7.724          0801Pc0425
  5046.319 607.01214     0.808    -4.303               7.724          0902Rc0355
  5046.332 607.01314     1.442    -3.715               7.724          1406Rd0035
  5046.346 607.01214     0.770    -3.427               7.724          1003Rb0085
  5046.362 607.01214     0.770    -3.583               7.724          1003Qd0095
  5046.364      26.0     5.006     -4.08                                        
  5046.377 607.01314     1.420    -3.401               7.724          1305Qc0305
  5046.384 607.01214     0.808    -2.802               7.724          0902Qa0365
  5046.388      26.0     4.952     -2.09                                        
  5046.429 607.01314     1.420    -2.671               7.724          1305Pa0315
  5046.443      20.0     5.177     -4.03                                        
  5046.454 607.01314     2.121    -3.476               7.724          1809Rd0045
  5046.455 607.01214     1.039    -4.486               7.724          0902Rd0485
  5046.461 607.01214     0.836    -3.935               7.724          1003Rd0195
  5046.476 106.00112     2.400    -6.627               3.464            AX01P365
  5046.479 106.00113     2.389    -3.035               3.464            AX56R215
  5046.488 607.01214     0.745    -3.211               7.724          0902Pb0315
  5046.509      42.0     2.622     -1.65                              NIST/B    
  5046.557      20.0     5.295     -2.72                                        
  5046.560 607.01314     2.136    -3.335               7.724          1809Rd0095
  5046.571   23.0051     0.286    -6.026                                 KURHFS 
  5046.574   23.0051     0.286    -5.763                                 KURHFS 
  5046.574   23.0051     0.286    -5.959                                 KURHFS 
  5046.581   23.0051     0.286    -5.559                                 KURHFS 
  5046.581   23.0051     0.286    -5.763                                 KURHFS 
  5046.581   23.0051     0.286    -6.658                                 KURHFS 
  5046.591   23.0051     0.286    -5.389                                 KURHFS 
  5046.591   23.0051     0.286    -5.658                                 KURHFS 
  5046.591   23.0051     0.286    -6.503                                 KURHFS 
  5046.602      40.0     1.529      0.06                                        
  5046.604   23.0051     0.286    -5.243                                 KURHFS 
  5046.604   23.0051     0.286    -5.611                                 KURHFS 
  5046.604   23.0051     0.286    -6.503                                 KURHFS 
  5046.620   23.0051     0.286    -5.114                                 KURHFS 
  5046.620   23.0051     0.286    -5.617                                 KURHFS 
  5046.620   23.0051     0.286    -6.600                                 KURHFS 
  5046.639   23.0051     0.286    -4.998                                 KURHFS 
  5046.639   23.0051     0.286    -5.690                                 KURHFS 
  5046.639   23.0051     0.286    -6.804                                 KURHFS 
  5046.647 607.01314     1.473    -3.495               7.724          1406Rd0125
  5046.659 106.00113     1.971    -6.232               3.464            AX23P255
  5046.662   23.0051     0.286    -4.893                                 KURHFS 
  5046.662   23.0051     0.286    -5.901                                 KURHFS 
  5046.662   23.0051     0.286    -7.202                                 KURHFS 
  5046.665 607.01214     0.751    -4.475               7.724          1003Pb0015
  5046.696 607.01214     2.278    -2.408               7.724          1809Rb0225
  5046.697 106.00113     2.217    -4.929               3.464            AX45P225
  5046.728 112.00124     0.320    -1.986               1.340           11R114b24
  5046.730 607.01214     2.278    -3.019               7.724          1809Qd0235
  5046.744 106.00112     2.400    -2.410               3.464            AX51P375
  5046.749 607.01314     2.705    -3.236               7.724          2111Rc0265
  5046.783 106.00113     2.217    -6.067               3.464            AX45Q215
  5046.785 607.01314     2.705    -2.026               7.724          2111Qa0275
  5046.787   23.0051     2.121    -6.431                                 KURHFS 
  5046.789   23.0051     2.121    -6.151                                 KURHFS 
  5046.789   23.0051     2.121    -6.431                                 KURHFS 
  5046.789   23.0051     2.121    -7.452                                 KURHFS 
  5046.794   23.0051     2.121    -6.013                                 KURHFS 
  5046.794   23.0051     2.121    -6.151                                 KURHFS 
  5046.794   23.0051     2.121    -6.753                                 KURHFS 
  5046.801   23.0051     2.121    -5.947                                 KURHFS 
  5046.801   23.0051     2.121    -6.013                                 KURHFS 
  5046.801   23.0051     2.121    -6.306                                 KURHFS 
  5046.810   23.0051     2.121    -5.940                                 KURHFS 
  5046.810   23.0051     2.121    -5.947                                 KURHFS 
  5046.810   23.0051     2.121    -5.975                                 KURHFS 
  5046.814 106.00113     2.389    -3.032               3.464            AX56R205
  5046.817 106.00113     1.867    -6.496               3.464            AX45P145
  5046.822   23.0051     2.121    -5.712                                 KURHFS 
  5046.822   23.0051     2.121    -5.940                                 KURHFS 
  5046.822   23.0051     2.121    -6.005                                 KURHFS 
  5046.828 607.01214     1.571    -2.358               7.724          1406Qb0205
  5046.836   23.0051     2.121    -5.493                                 KURHFS 
  5046.836   23.0051     2.121    -6.005                                 KURHFS 
  5046.836   23.0051     2.121    -6.209                                 KURHFS 
  5046.852   23.0051     2.121    -5.306                                 KURHFS 
  5046.852   23.0051     2.121    -6.209                                 KURHFS 
  5046.853 607.01314     0.594    -4.348               7.724          0902Qc0205
  5046.861 106.00112     2.400    -5.158               3.464            AX51Q365
  5046.864 607.01214     1.571    -3.472               7.724          1406Pd0215
  5046.872      57.0     0.433     -0.85                                        
  5046.890 607.01314     0.594    -3.362               7.724          0902Pa0215
  5046.893 106.00113     2.217    -7.174               3.464            AX45P215
  5046.893 607.01314     2.120    -3.538               7.724          1809Rd0035
  5046.938       6.0     8.636     -4.31                                        
  5046.964 607.01214     0.916    -3.003               7.724          0902Rb0415
  5046.965 607.01314     2.753    -2.224               7.724          2111Ra0315
  5046.975 112.00124     0.515     0.218               1.340           11R222h24
  5046.993      20.0     5.296     -2.88                                        
  5047.012 607.01314     1.441    -3.801               7.724          1406Rd0025
  5047.028 607.01214     2.225    -3.223               7.724          1809Rc0165
  5047.040 607.01214     0.916    -4.106               7.724          0902Qd0425
  5047.044      90.0     0.615     -1.84                                        
  5047.047 607.01314     2.140    -3.324               7.724          1809Rd0105
  5047.050 607.01214     2.225    -2.268               7.724          1809Qa0175
  5047.051 106.00113     0.837    -5.982               3.464            AX01P165
  5047.083 106.00113     0.970    -5.499               3.464            BX13R015
  5047.104 112.00124     0.515    -2.240               1.340           11Q122b24
  5047.116 106.00112     2.400    -2.745               3.464            AX51P365
  5047.126      26.0     4.581     -2.27                                        
  5047.141 106.00112     1.579    -5.967               3.464            AX12P235
  5047.163 112.00125     0.514     0.218               1.340           11R222h25
  5047.213 607.01214     0.754    -3.608               7.724          1003Qb0035
  5047.221 607.01214     0.754    -4.034               7.724          1003Pd0045
  5047.241      66.0     1.055     -1.06                                        
  5047.243      23.0     1.929     -1.59                               LAWNOHFS 
  5047.254 607.01214     1.624    -2.517               7.724          1406Rb0255
  5047.271      22.0     3.556     -1.67                                        
  5047.285 106.00112     0.840    -5.931               3.464            AX01P165
  5047.290      23.1     2.555     -2.09                                        
  5047.298 607.01214     1.624    -3.232               7.724          1406Qd0265
  5047.305      44.0     1.192     -1.64                                        
  5047.319 607.01214     0.774    -3.373               7.724          1003Rb0095
  5047.333 112.00126     0.513     0.218               1.340           11R222h26
  5047.338 607.01214     0.774    -3.574               7.724          1003Qd0105
  5047.405      92.1     0.284     -2.58                                        
  5047.411 106.00113     2.202    -6.366               3.464            AX01P345
  5047.411 112.00124     0.515     0.235               1.340           11R122h24
  5047.413 607.01314     1.478    -3.493               7.724          1406Rd0135
  5047.429      90.1     1.956     -1.28                                        
  5047.438 106.00112     1.721    -5.963               3.464            AX12P255
  5047.440      72.0     1.113     -1.54                                        
  5047.485 607.01314     2.119    -3.624               7.724          1809Rd0025
  5047.512 607.01314     2.717    -2.024               7.724          2111Qb0275
  5047.529   23.0051     2.255    -5.164                                 KURHFS 
  5047.538   23.0051     2.255    -5.164                                 KURHFS 
  5047.538   23.0051     2.255    -5.340                                 KURHFS 
  5047.549 607.01314     2.717    -3.276               7.724          2111Pd0285
  5047.552   23.0051     2.255    -5.000                                 KURHFS 
  5047.552   23.0051     2.255    -5.465                                 KURHFS 
  5047.552   23.0051     2.255    -5.590                                 KURHFS 
  5047.570   23.0051     2.255    -4.992                                 KURHFS 
  5047.570   23.0051     2.255    -5.026                                 KURHFS 
  5047.570   23.0051     2.255    -6.018                                 KURHFS 
  5047.593   23.0051     2.255    -4.743                                 KURHFS 
  5047.593   23.0051     2.255    -5.153                                 KURHFS 
  5047.594 607.01314     1.433    -2.663               7.724          1305Pb0315
  5047.600 106.00113     1.972    -6.540               3.464            AX24R225
  5047.602 112.00125     0.514     0.235               1.340           11R122h25
  5047.620   23.0051     2.255    -4.527                                 KURHFS 
  5047.625   27.0059     4.046    -2.383                                 KURHFS 
  5047.625   27.0059     4.046    -3.082                                 KURHFS 
  5047.636 607.01214     2.188    -3.422               7.724          1809Pc0105
  5047.656   27.0059     4.046    -2.675                                 KURHFS 
  5047.656   27.0059     4.046    -2.901                                 KURHFS 
  5047.656   27.0059     4.046    -3.082                                 KURHFS 
  5047.681   27.0059     4.046    -2.870                                 KURHFS 
  5047.681   27.0059     4.046    -2.901                                 KURHFS 
  5047.681   27.0059     4.046    -3.081                                 KURHFS 
  5047.692 607.01314     2.145    -3.316               7.724          1809Rd0115
  5047.696 106.00113     1.643    -5.999               3.464            AX12P245
  5047.697      42.0     2.595     -1.00                              NIST/B    
  5047.698      26.0     3.692     -3.60                                        
  5047.701   27.0059     4.046    -2.870                                 KURHFS 
  5047.701   27.0059     4.046    -2.934                                 KURHFS 
  5047.701   27.0059     4.046    -3.798                                 KURHFS 
  5047.716   27.0059     4.046    -2.934                                 KURHFS 
  5047.716   27.0059     4.046    -3.133                                 KURHFS 
  5047.716   27.0059     4.046    -5.041                                 KURHFS 
  5047.726   27.0059     4.046    -3.133                                 KURHFS 
  5047.726   27.0059     4.046    -3.388                                 KURHFS 
  5047.766 112.00126     0.513     0.235               1.340           11R122h26
  5047.807 106.00112     1.846    -6.027               3.464            AX23P235
  5047.832 607.01314     1.440    -3.929               7.724          1406Rd0015
  5047.865   23.0051     2.284    -5.945                                 KURHFS 
  5047.865   23.0051     2.284    -6.012                                 KURHFS 
  5047.865   23.0051     2.284    -6.644                                 KURHFS 
  5047.866 106.00112     1.898    -7.794               3.464            AX56P075
  5047.874   23.0051     2.284    -5.749                                 KURHFS 
  5047.874   23.0051     2.284    -5.749                                 KURHFS 
  5047.874   23.0051     2.284    -6.489                                 KURHFS 
  5047.877 607.01314     0.559    -4.922               7.724          0801Pc0365
  5047.886   23.0051     2.284    -5.545                                 KURHFS 
  5047.886   23.0051     2.284    -5.644                                 KURHFS 
  5047.886   23.0051     2.284    -6.489                                 KURHFS 
  5047.889      23.0     3.064     -3.63                                        
  5047.900 607.01314     2.646    -3.324               7.724          2111Pc0205
  5047.904   23.0051     2.284    -5.375                                 KURHFS 
  5047.904   23.0051     2.284    -5.597                                 KURHFS 
  5047.904   23.0051     2.284    -6.586                                 KURHFS 
  5047.913 607.01214     2.241    -2.237               7.724          1809Qb0185
  5047.925   23.0051     2.284    -5.229                                 KURHFS 
  5047.925   23.0051     2.284    -5.603                                 KURHFS 
  5047.925   23.0051     2.284    -6.790                                 KURHFS 
  5047.943 607.01214     2.241    -3.267               7.724          1809Pd0195
  5047.951   23.0051     2.284    -5.100                                 KURHFS 
  5047.951   23.0051     2.284    -5.676                                 KURHFS 
  5047.951   23.0051     2.284    -7.188                                 KURHFS 
  5047.965      41.0     1.846     -1.25                                        
  5047.978   23.0051     2.267    -5.628                                 KURHFS 
  5047.981   23.0051     2.284    -4.984                                 KURHFS 
  5047.981   23.0051     2.284    -5.887                                 KURHFS 
  5047.982   23.0051     2.267    -5.343                                 KURHFS 
  5047.982   23.0051     2.267    -5.598                                 KURHFS 
  5047.989 106.00113     1.789    -5.999               3.464            AX12P265
  5047.991   23.0051     2.267    -5.155                                 KURHFS 
  5047.991   23.0051     2.267    -5.598                                 KURHFS 
  5047.991   23.0051     2.267    -5.649                                 KURHFS 
  5048.004   23.0051     2.267    -5.064                                 KURHFS 
  5048.004   23.0051     2.267    -5.210                                 KURHFS 
  5048.004   23.0051     2.267    -5.774                                 KURHFS 
  5048.011 106.00113     2.003    -6.562               3.464            AX56P115
  5048.015   23.0051     2.284    -4.879                                 KURHFS 
  5048.022   23.0051     2.267    -4.955                                 KURHFS 
  5048.022   23.0051     2.267    -5.042                                 KURHFS 
  5048.022   23.0051     2.267    -5.996                                 KURHFS 
  5048.026      57.1     2.380     -1.04                                        
  5048.029      26.0     4.635     -3.00                                        
  5048.042 607.01214     1.613    -2.506               7.724          1406Ra0255
  5048.044   23.0051     2.267    -4.757                                 KURHFS 
  5048.044   23.0051     2.267    -5.096                                 KURHFS 
  5048.044   23.0051     2.267    -6.406                                 KURHFS 
  5048.055      28.0     3.830     -1.02                                        
  5048.070   23.0051     2.267    -4.593                                 KURHFS 
  5048.070   23.0051     2.267    -5.292                                 KURHFS 
  5048.100   23.0051     2.267    -4.452                                 KURHFS 
  5048.104 607.01214     2.268    -2.394               7.724          1809Ra0225
  5048.106 106.00113     2.003    -5.677               3.464            AX56P125
  5048.116      26.0     2.988     -4.60                                        
  5048.125      26.0     4.792     -2.95                                        
  5048.130 607.01214     0.845    -3.941               7.724          1003Rd0205
  5048.148 106.00113     2.184    -3.697               3.464            AX13R295
  5048.152      26.0     4.984     -3.51                                        
  5048.154 112.00124     0.434    -1.933               1.340           22R111b24
  5048.181      26.0     4.227     -1.67                                        
  5048.189 607.01314     2.766    -2.233               7.724          2111Rb0315
  5048.215      22.0     2.152     -1.15                                 LAWLER 
  5048.227 607.01314     2.118    -3.754               7.724          1809Rd0015
  5048.231 607.01314     2.766    -3.025               7.724          2111Qd0325
  5048.232      28.0     3.844     -1.14                                        
  5048.270 607.01214     0.752    -4.197               7.724          1003Pb0025
  5048.273 112.00124     0.554    -1.865               1.340           33R108b24
  5048.289 607.01214     0.756    -3.494               7.724          1003Qb0045
  5048.290      26.0     2.607     -8.29                                        
  5048.299 607.01214     0.756    -3.974               7.724          1003Pd0055
  5048.329 607.01314     1.484    -3.493               7.724          1406Rd0145
  5048.333 106.00113     2.003    -6.275               3.464            AX56Q115
  5048.341 607.01314     0.647    -4.455               7.724          0902Rc0255
  5048.346 106.00113     2.184    -5.996               3.464            AX13Q295
  5048.371      25.0     5.380     -2.65                                        
  5048.372 106.00112     1.978    -6.539               3.464            AX24R225
  5048.387 607.01314     0.647    -2.923               7.724          0902Qa0265
  5048.419 106.00112     1.898    -7.817               3.464            AX56P075
  5048.433 607.01214     1.509    -3.581               7.724          1406Pc0125
  5048.436      26.0     3.960     -1.00                              DenHarto14
  5048.437 607.01214     0.779    -3.323               7.724          1003Rb0105
  5048.450 106.00112     2.119    -6.306               3.464            AX01P335
  5048.457 607.01214     0.779    -3.567               7.724          1003Qd0115
  5048.480 607.01214     1.562    -3.429               7.724          1406Rc0195
  5048.496 607.01314     2.149    -3.311               7.724          1809Rd0125
  5048.515 607.01214     1.562    -2.360               7.724          1406Qa0205
  5048.518 106.00113     2.184    -3.731               3.464            AX13R285
  5048.554      24.0     4.446     -3.29                                        
  5048.575   23.0051     1.349    -6.299                                 KURHFS 
  5048.578   23.0051     1.349    -6.019                                 KURHFS 
  5048.578   23.0051     1.349    -6.299                                 KURHFS 
  5048.578   23.0051     1.349    -7.320                                 KURHFS 
  5048.582 106.00113     1.868    -6.538               3.464            AX45P145
  5048.585   23.0051     1.349    -5.881                                 KURHFS 
  5048.585   23.0051     1.349    -6.019                                 KURHFS 
  5048.585   23.0051     1.349    -6.621                                 KURHFS 
  5048.594      22.0     3.578     -3.63                                        
  5048.595   23.0051     1.349    -5.815                                 KURHFS 
  5048.595   23.0051     1.349    -5.881                                 KURHFS 
  5048.595   23.0051     1.349    -6.174                                 KURHFS 
  5048.608 106.00113     2.287    -5.078               3.464            AX51Q365
  5048.609   23.0051     1.349    -5.808                                 KURHFS 
  5048.609   23.0051     1.349    -5.815                                 KURHFS 
  5048.609   23.0051     1.349    -5.843                                 KURHFS 
  5048.626   23.0051     1.349    -5.580                                 KURHFS 
  5048.626   23.0051     1.349    -5.808                                 KURHFS 
  5048.626   23.0051     1.349    -5.873                                 KURHFS 
  5048.635 607.01214     0.773    -4.783               7.724          0801Qc0465
  5048.646   23.0051     1.349    -5.361                                 KURHFS 
  5048.646   23.0051     1.349    -5.873                                 KURHFS 
  5048.646   23.0051     1.349    -6.077                                 KURHFS 
  5048.657 607.01214     1.529    -3.188               7.724          1406Qc0155
  5048.670   23.0051     1.349    -5.174                                 KURHFS 
  5048.670   23.0051     1.349    -6.077                                 KURHFS 
  5048.684 607.01214     1.529    -2.836               7.724          1406Pa0165
  5048.718 106.00113     1.855    -6.163               3.464            AX34P195
  5048.722 607.01214     0.773    -3.509               7.724          0801Pa0475
  5048.748      24.0     0.982     -3.17                                        
  5048.770      64.1     2.382     -0.57                                        
  5048.792 607.01314     1.440    -4.159               7.724          1406Rd0005
  5048.828      58.0     0.294     -0.43                                        
  5048.838 607.01314     2.674    -2.985               7.724          2111Qc0235
  5048.843      28.0     3.844     -0.38                                        
  5048.869 607.01314     2.674    -2.426               7.724          2111Pa0245
  5048.924 106.00113     0.892    -5.946               3.464            AX01P175
  5048.926 607.01314     0.568    -4.376               7.724          0902Pc0175
  5048.931      23.1     3.800     -1.26                                        
  5048.946 607.01214     2.205    -2.998               7.724          1809Qc0135
  5048.950 607.01214     0.825    -2.801               7.724          0902Qb0365
  5048.952 106.00112     2.399    -3.035               3.464            AX56R215
  5048.953      26.0     4.206     -2.56                                        
  5048.964 607.01214     2.205    -2.739               7.724          1809Pa0145
  5049.018 607.01214     0.825    -4.360               7.724          0902Pd0375
  5049.036       6.0     8.636     -3.28                                        
  5049.044 106.00113     2.041    -6.322               3.464            AX23P265
  5049.060 106.00113     0.871    -6.673               3.464            BX02P105
  5049.069      24.0     4.613     -3.41                                        
  5049.075 607.01314     2.684    -2.415               7.724          2111Pb0245
  5049.081 106.00112     2.399    -5.314               3.464            AX56Q215
  5049.121 607.01314     2.117    -3.984               7.724          1809Rd0005
  5049.127      22.0     3.567     -1.51                                        
  5049.131 106.00112     2.399    -3.032               3.464            AX56R205
  5049.156       6.0     8.636     -3.14                                        
  5049.161 607.01214     2.218    -2.672               7.724          1809Pb0155
  5049.164 106.00113     2.003    -6.561               3.464            AX56P115
  5049.186 106.00113     2.003    -5.677               3.464            AX56P125
  5049.213 112.00124     0.569     0.070               1.340           22R218b24
  5049.229 112.00124     1.008     0.757               1.340           00Q239b24
  5049.317 112.00124     0.569    -2.183               1.340           22Q118b24
  5049.319      25.1     6.640     -2.75                                        
  5049.344      26.0     3.940     -3.51                                        
  5049.388 112.00124     1.008    -3.453               1.340           00R239b24
  5049.395 607.01314     1.491    -3.494               7.724          1406Rd0155
  5049.403 607.01214     2.346    -3.417               7.724          1809Rd0295
  5049.415 112.00124     1.008    -3.453               1.340           00P139b24
  5049.419      23.0     2.503     -8.93                                        
  5049.426 106.00112     1.796    -5.999               3.464            AX12P265
  5049.456 607.01214     0.689    -4.382               7.724          0902Pc0275
  5049.459 607.01314     2.155    -3.308               7.724          1809Rd0135
  5049.487 106.00113     2.003    -6.296               3.464            AX56Q115
  5049.493      62.0     0.036     -1.50                                        
  5049.503 607.01214     0.759    -3.399               7.724          1003Qb0055
  5049.514 607.01214     0.759    -3.930               7.724          1003Pd0065
  5049.524 106.00112     2.307    -6.529               3.464            AX01P355
  5049.528      25.1     6.640     -2.04                                        
  5049.544      23.0     2.576     -4.87                                        
  5049.571 607.01314     1.441    -3.487               7.724          1406Qd0025
  5049.571 607.01314     1.441    -3.748               7.724          1406Rb0015
  5049.574 112.00124     1.008     0.769               1.340           00Q139h24
  5049.576 112.00124     0.569     0.089               1.340           22R118b24
  5049.619 607.01314     1.442    -3.395               7.724          1406Qd0035
  5049.619 607.01314     1.442    -3.575               7.724          1406Rb0025
  5049.628   23.0051     1.852    -8.696                                 KURHFS 
  5049.628   23.0051     1.852    -8.763                                 KURHFS 
  5049.628   23.0051     1.852    -9.395                                 KURHFS 
  5049.633   23.0051     1.852    -8.500                                 KURHFS 
  5049.633   23.0051     1.852    -8.500                                 KURHFS 
  5049.633   23.0051     1.852    -9.240                                 KURHFS 
  5049.639   23.0051     1.852    -8.296                                 KURHFS 
  5049.639   23.0051     1.852    -8.395                                 KURHFS 
  5049.639   23.0051     1.852    -9.240                                 KURHFS 
  5049.645 106.00113     2.111    -6.306               3.464            AX01P335
  5049.648   23.0051     1.852    -8.126                                 KURHFS 
  5049.648   23.0051     1.852    -8.348                                 KURHFS 
  5049.648   23.0051     1.852    -9.337                                 KURHFS 
  5049.650 607.01214     2.797    -2.317               7.724          2111Pa0305
  5049.657 607.01314     1.440    -3.618               7.724          1406Qd0015
  5049.657 607.01314     1.440    -4.022               7.724          1406Rb0005
  5049.659   23.0051     1.852    -7.980                                 KURHFS 
  5049.659   23.0051     1.852    -8.354                                 KURHFS 
  5049.659   23.0051     1.852    -9.541                                 KURHFS 
  5049.666 112.00124     0.444     0.333               1.340           00R225h24
  5049.673   23.0051     1.852    -7.851                                 KURHFS 
  5049.673   23.0051     1.852    -8.427                                 KURHFS 
  5049.673   23.0051     1.852    -9.939                                 KURHFS 
  5049.688   23.0051     1.852    -7.735                                 KURHFS 
  5049.688   23.0051     1.852    -8.638                                 KURHFS 
  5049.699 607.01214     0.785    -3.279               7.724          1003Rb0115
  5049.701      58.1     1.106     -1.85                              Lawler09  
  5049.706   23.0051     1.852    -7.630                                 KURHFS 
  5049.721 607.01214     0.785    -3.564               7.724          1003Qd0125
  5049.726 607.01314     1.381    -3.755               7.724          1305Pc0275
  5049.740      23.0     2.503     -5.93                                        
  5049.770 112.00125     1.007     0.769               1.340           00Q139h25
  5049.784 607.01214     2.762    -3.376               7.724          2111Pc0265
  5049.785 607.01214     1.545    -2.780               7.724          1406Pb0175
  5049.796      27.0     4.110     -1.88                                        
  5049.796      90.1     0.829     -1.40                                        
  5049.809 607.01314     1.444    -3.329               7.724          1406Qd0045
  5049.809 607.01314     1.444    -3.445               7.724          1406Rb0035
  5049.814 112.00124     0.444    -2.272               1.340           00Q125b24
  5049.820      26.0     2.279     -1.35                              NIST/B    
  5049.823 106.00112     1.860    -6.163               3.464            AX34P195
  5049.844 607.01314     0.647    -2.927               7.724          0902Qb0255
  5049.870   27.0059     1.784    -4.755                                 KURHFS 
  5049.870   27.0059     1.784    -5.076                                 KURHFS 
  5049.870   27.0059     1.784    -5.553                                 KURHFS 
  5049.876 112.00125     0.443     0.333               1.340           00R225h25
  5049.890 607.01314     0.647    -4.901               7.724          0902Pd0265
  5049.890 607.01314     1.440    -3.786               7.724          1406Qd0005
  5049.894   27.0059     1.784    -5.076                                 KURHFS 
  5049.894   27.0059     1.784    -5.097                                 KURHFS 
  5049.894   27.0059     1.784    -5.222                                 KURHFS 
  5049.896 112.00124     0.641    -0.107               1.340           33R214b24
  5049.898 607.01214     0.916    -2.987               7.724          0902Ra0425
  5049.904 106.00112     1.650    -5.999               3.464            AX12P245
  5049.913 607.01314     2.119    -3.578               7.724          1809Rb0015
  5049.915 607.01314     2.119    -3.312               7.724          1809Qd0025
  5049.916 112.00124     0.641    -0.084               1.340           33R114b24
  5049.920 607.01314     0.614    -3.346               7.724          0902Pb0225
  5049.921 106.00112     0.841    -5.981               3.464            AX01P165
  5049.952 607.01214     0.854    -3.948               7.724          1003Rd0215
  5049.962 607.01314     2.118    -3.852               7.724          1809Rb0005
  5049.963 112.00126     1.005     0.769               1.340           00Q139h26
  5049.964 607.01314     2.118    -3.444               7.724          1809Qd0015
  5049.975 112.00124     0.641    -2.087               1.340           33Q114b24
  5050.010 607.01214     0.754    -4.021               7.724          1003Pb0035
  5050.017 607.01314     2.120    -3.220               7.724          1809Qd0035
  5050.017 607.01314     2.120    -3.405               7.724          1809Rb0025
  5050.029 607.01214     0.795    -3.524               7.724          0801Pb0475
  5050.056 106.00112     1.290    -5.806               3.464            BX13R145
  5050.062 112.00126     0.443     0.333               1.340           00R225h26
  5050.102 607.01214     2.233    -3.228               7.724          1809Rc0175
  5050.120      26.0     4.253     -4.20                                        
  5050.126 607.01214     2.798    -3.061               7.724          2111Qc0295
  5050.128 607.01214     2.233    -2.240               7.724          1809Qa0185
  5050.131      26.0     3.879     -3.23                                        
  5050.133 607.01314     1.446    -3.340               7.724          1406Rb0045
  5050.137 112.00124     0.444     0.348               1.340           00R125h24
  5050.139 607.01314     1.446    -3.279               7.724          1406Qd0055
  5050.144      22.0     1.501     -3.75                                        
  5050.164 607.01314     2.117    -3.614               7.724          1809Qd0005
  5050.184 106.00113     1.865    -6.041               3.464            AX12P275
  5050.230 607.01214     0.745    -4.054               7.724          0902Qc0315
  5050.232      23.0     3.054     -4.21                                        
  5050.267 607.01314     2.121    -3.276               7.724          1809Rb0035
  5050.271 607.01314     2.121    -3.152               7.724          1809Qd0045
  5050.289 607.01214     0.745    -3.202               7.724          0902Pa0325
  5050.321 607.01214     2.288    -2.387               7.724          1809Rb0235
  5050.346 112.00125     0.443     0.348               1.340           00R125h25
  5050.356 607.01214     2.288    -3.025               7.724          1809Qd0245
  5050.373 106.00113     1.716    -6.034               3.464            AX12P255
  5050.426 112.00124     0.977     0.638               1.340           11Q235h24
  5050.454      23.1     6.160     -4.72                                        
  5050.505   27.0059     2.784    -8.026                                 KURHFS 
  5050.505   27.0059     2.784    -8.222                                 KURHFS 
  5050.519   27.0059     2.784    -8.001                                 KURHFS 
  5050.519   27.0059     2.784    -8.012                                 KURHFS 
  5050.519   27.0059     2.784    -8.222                                 KURHFS 
  5050.540   27.0059     2.784    -7.874                                 KURHFS 
  5050.540   27.0059     2.784    -7.898                                 KURHFS 
  5050.540   27.0059     2.784    -8.001                                 KURHFS 
  5050.541 106.00113     2.406    -7.505               3.464            AX23P315
  5050.541 112.00126     0.443     0.348               1.340           00R125h26
  5050.564      57.0     0.373     -0.75                                        
  5050.567   27.0059     2.784    -7.707                                 KURHFS 
  5050.567   27.0059     2.784    -7.855                                 KURHFS 
  5050.567   27.0059     2.784    -7.898                                 KURHFS 
  5050.569 607.01214     1.581    -2.333               7.724          1406Qb0215
  5050.582 607.01314     2.161    -3.307               7.724          1809Rd0145
  5050.584      26.0     2.196     -4.99                                        
  5050.584 112.00124     0.977    -3.390               1.340           11R235b24
  5050.595 112.00124     0.977    -3.390               1.340           11P135b24
  5050.602   27.0059     2.784    -7.538                                 KURHFS 
  5050.602   27.0059     2.784    -7.855                                 KURHFS 
  5050.602   27.0059     2.784    -7.866                                 KURHFS 
  5050.605 607.01314     1.449    -3.252               7.724          1406Rb0055
  5050.607 607.01214     1.581    -3.479               7.724          1406Pd0225
  5050.613 112.00125     0.976     0.638               1.340           11Q235h25
  5050.613 607.01314     1.498    -3.496               7.724          1406Rd0165
  5050.616 607.01314     1.449    -3.242               7.724          1406Qd0065
  5050.643   27.0059     2.784    -7.379                                 KURHFS 
  5050.643   27.0059     2.784    -7.866                                 KURHFS 
  5050.643   27.0059     2.784    -7.943                                 KURHFS 
  5050.672 106.00112     2.010    -6.275               3.464            AX56Q115
  5050.672 607.01314     2.124    -3.172               7.724          1809Rb0045
  5050.677 607.01314     2.124    -3.102               7.724          1809Qd0055
  5050.678 106.00112     2.010    -6.561               3.464            AX56P115
  5050.691   27.0059     2.784    -7.231                                 KURHFS 
  5050.691   27.0059     2.784    -7.943                                 KURHFS 
  5050.691   27.0059     2.784    -8.158                                 KURHFS 
  5050.725 106.00112     1.294    -3.700               3.464            BX11R245
  5050.746   27.0059     2.784    -7.095                                 KURHFS 
  5050.746   27.0059     2.784    -8.158                                 KURHFS 
  5050.752 112.00124     0.977     0.650               1.340           11Q135b24
  5050.766 607.01314     1.440    -3.786               7.724          1406Qb0005
  5050.769 607.01314     1.440    -4.088               7.724          1406Pd0015
  5050.781 112.00126     0.975     0.638               1.340           11Q235h26
  5050.784      90.0     0.457     -1.90                                        
  5050.787 607.01314     0.604    -4.408               7.724          0902Qc0215
  5050.802 106.00113     2.112    -6.432               3.464            AX23P275
  5050.826 607.01314     0.604    -3.337               7.724          0902Pa0225
  5050.850 106.00112     2.010    -5.676               3.464            AX56P125
  5050.855 607.01214     0.762    -3.317               7.724          1003Qb0065
  5050.868 607.01214     0.762    -3.898               7.724          1003Pd0075
  5050.880      64.1     1.597     -0.75                              DenHarto06
  5050.939      22.0     2.406     -5.32                                        
  5050.982      58.0     0.552     -0.45                                        
  5050.984 607.01214     2.193    -3.404               7.724          1809Pc0115
