a line list in the range:    5529.00   5541.00
  5529.018 106.00113     1.533    -3.691               3.464            AX13P185
  5529.022 607.01214     2.428    -2.414               7.724          1810Ra0145
  5529.057      24.0     5.788     -1.20                                        
  5529.066 607.01214     2.398    -2.456               7.724          1810Qa0085
  5529.069      60.0     0.140     -1.08                                        
  5529.138 607.01214     2.398    -3.050               7.724          1810Rc0075
  5529.160      26.0     3.642     -2.68                              NIST/E    
  5529.179 112.00124     0.360    -1.216               1.340           12R104h24
  5529.222 607.01314     2.939    -1.884               7.724          2112Qb0285
  5529.228 607.01214     1.707    -2.892               7.724          1407Qb0035
  5529.236 607.01214     1.707    -3.312               7.724          1407Pd0045
  5529.244 106.00112     1.877    -5.896               3.464            AX46P065
  5529.278      42.0     3.901     -1.25                                        
  5529.285 607.01314     2.940    -3.156               7.724          2112Pd0295
  5529.367 607.01314     0.735    -4.093               7.724          0903Pb0015
  5529.385      22.0     3.722     -3.12                                        
  5529.424      26.0     4.962     -3.11                                        
  5529.441      24.0     5.500     -4.06                                        
  5529.468 607.01214     2.966    -3.239               7.724          2112Pc0255
  5529.496      26.0     5.060     -2.77                                        
  5529.504 607.01214     2.386    -4.031               7.724          1810Pc0025
  5529.535 607.01314     0.737    -3.363               7.724          0903Qb0025
  5529.553 607.01214     0.864    -3.477               7.724          0903Rc0215
  5529.556 607.01314     0.763    -2.935               7.724          0903Rb0105
  5529.557 106.00113     1.637    -6.078               3.464            AX35P075
  5529.568      24.0     2.542     -4.16                                        
  5529.580 607.01314     0.763    -3.215               7.724          0903Qd0115
  5529.600      24.0     5.524     -2.03                                        
  5529.601 607.01214     0.864    -2.317               7.724          0903Qa0225
  5529.636 607.01314     0.737    -3.741               7.724          0903Pd0035
  5529.721      20.0     5.045     -4.22                                        
  5529.753       6.0     8.636     -2.93                                        
  5529.764 106.00112     1.877    -5.915               3.464            AX46P065
  5529.778   23.0051     1.847    -7.420                                 KURHFS 
  5529.778   23.0051     1.847    -7.700                                 KURHFS 
  5529.778   23.0051     1.847    -7.700                                 KURHFS 
  5529.778   23.0051     1.847    -8.721                                 KURHFS 
  5529.779   23.0051     1.847    -7.282                                 KURHFS 
  5529.779   23.0051     1.847    -7.420                                 KURHFS 
  5529.779   23.0051     1.847    -8.022                                 KURHFS 
  5529.780   23.0051     1.847    -7.216                                 KURHFS 
  5529.780   23.0051     1.847    -7.282                                 KURHFS 
  5529.780   23.0051     1.847    -7.575                                 KURHFS 
  5529.781   23.0051     1.847    -7.209                                 KURHFS 
  5529.781   23.0051     1.847    -7.216                                 KURHFS 
  5529.781   23.0051     1.847    -7.244                                 KURHFS 
  5529.783   23.0051     1.847    -6.981                                 KURHFS 
  5529.783   23.0051     1.847    -7.209                                 KURHFS 
  5529.783   23.0051     1.847    -7.274                                 KURHFS 
  5529.785   23.0051     1.847    -6.762                                 KURHFS 
  5529.785   23.0051     1.847    -7.274                                 KURHFS 
  5529.785   23.0051     1.847    -7.478                                 KURHFS 
  5529.786      20.0     6.009     -4.33                                        
  5529.787   23.0051     1.847    -6.575                                 KURHFS 
  5529.787   23.0051     1.847    -7.478                                 KURHFS 
  5529.790      26.0     2.856     -4.68                                        
  5529.797      68.1     2.602     -1.49                              Lawler08  
  5529.809      24.0     4.851     -4.22                                        
  5529.820 607.01214     1.727    -2.662               7.724          1407Rb0095
  5529.829 607.01314     0.809    -3.942               7.724          0903Rd0185
  5529.840 607.01214     1.727    -2.844               7.724          1407Qd0105
  5529.872      57.0     1.234     -1.05                                        
  5529.937      26.1     6.729     -1.81                                 NIST/D+
  5529.952 112.00124     1.077    -4.849               1.340           02R134b24
  5529.985      22.1     1.581     -3.60                                        
  5530.092      24.1     6.482     -4.49                                        
  5530.132      23.1     5.463     -1.62                                        
  5530.137 607.01214     0.860    -2.691               7.724          0802Pb0385
  5530.152 607.01214     0.836    -2.754               7.724          0903Pb0185
  5530.214 607.01214     1.786    -3.204               7.724          1407Rd0195
  5530.236 106.00112     1.647    -6.423               3.464            AX02Q245
  5530.255 106.00112     1.306    -6.221               3.464            AX24P045
  5530.266 607.01214     2.390    -3.003               7.724          1810Qc0045
  5530.270 607.01214     2.390    -3.183               7.724          1810Pa0055
  5530.272 607.01214     2.372    -3.262               7.724          1709Pc0305
  5530.349 106.00112     1.648    -3.877               3.464            AX02P255
  5530.374 607.01214     0.797    -3.599               7.724          0903Pc0135
  5530.389 106.00113     2.481    -6.722               3.464            AX13P325
  5530.389 607.01214     1.705    -3.479               7.724          1407Pb0025
  5530.400 607.01214     1.648    -3.376               7.724          1306Pc0275
  5530.436 607.01314     1.538    -3.293               7.724          1306Pc0205
  5530.440      22.0     3.348     -0.30                                        
  5530.442 106.00112     2.160    -5.293               3.464            AX46Q155
  5530.469 106.00112     1.647    -3.900               3.464            AX02P245
  5530.512 607.01214     1.709    -2.779               7.724          1407Qb0045
  5530.518 106.00112     2.160    -3.379               3.464            AX46P155
  5530.522 607.01214     1.709    -3.251               7.724          1407Pd0055
  5530.543      26.1     6.724     -4.38                                        
  5530.568 106.00112     1.306    -6.236               3.464            AX24P045
  5530.573 106.00113     2.195    -3.342               3.464            AX46P165
  5530.576 106.00113     2.195    -3.308               3.464            AX46P175
  5530.586 106.00112     2.160    -3.344               3.464            AX46P165
  5530.602 607.01314     1.624    -3.199               7.724          1306Rc0285
  5530.659 607.01314     1.624    -1.929               7.724          1306Qa0295
  5530.661      24.0     3.887     -3.74                                        
  5530.666      20.0     5.177     -4.21                                        
  5530.713 607.01214     2.402    -3.040               7.724          1810Rc0085
  5530.735   27.0059     1.709    -2.860                                 LAWHFS 
  5530.740 607.01314     0.738    -3.220               7.724          0903Qb0035
  5530.741 607.01214     2.402    -2.398               7.724          1810Qa0095
  5530.753   27.0059     1.709    -3.581                                 KURHFS 
  5530.753   27.0059     1.709    -3.836                                 KURHFS 
  5530.753   27.0059     1.709    -3.866                                 KURHFS 
  5530.757   27.0059     1.709    -3.001                                 LAWHFS 
  5530.757   27.0059     1.709    -3.393                                 KURHFS 
  5530.757   27.0059     1.709    -3.448                                 KURHFS 
  5530.757   27.0059     1.709    -3.836                                 KURHFS 
  5530.763   27.0059     1.709    -3.193                                 KURHFS 
  5530.763   27.0059     1.709    -3.302                                 KURHFS 
  5530.763   27.0059     1.709    -3.887                                 KURHFS 
  5530.767   27.0059     1.709    -3.700                                 LAWHFS 
  5530.771   27.0059     1.709    -2.995                                 KURHFS 
  5530.771   27.0059     1.709    -3.280                                 KURHFS 
  5530.771   27.0059     1.709    -4.012                                 KURHFS 
  5530.776   27.0059     1.709    -3.165                                 LAWHFS 
  5530.780   27.0059     1.709    -2.831                                 KURHFS 
  5530.780   27.0059     1.709    -3.334                                 KURHFS 
  5530.780   27.0059     1.709    -4.234                                 KURHFS 
  5530.785   27.0059     1.709    -3.504                                 LAWHFS 
  5530.790   27.0059     1.709    -2.690                                 KURHFS 
  5530.790   27.0059     1.709    -3.530                                 KURHFS 
  5530.790   27.0059     1.709    -4.644                                 KURHFS 
  5530.791   27.0059     1.709    -3.363                                 LAWHFS 
  5530.793 112.00124     1.065    -2.895               1.340           23P230b24
  5530.795   27.0059     1.709    -4.815                                 LAWHFS 
  5530.799   27.0059     1.709    -3.450                                 LAWHFS 
  5530.803   27.0059     1.709    -3.618                                 LAWHFS 
  5530.808   27.0059     1.709    -4.404                                 LAWHFS 
  5530.809   27.0059     1.709    -3.472                                 LAWHFS 
  5530.812   27.0059     1.709    -4.006                                 LAWHFS 
  5530.816   27.0059     1.709    -3.563                                 LAWHFS 
  5530.817   27.0059     1.709    -4.182                                 LAWHFS 
  5530.821   27.0059     1.709    -3.751                                 LAWHFS 
  5530.822   27.0059     1.709    -4.057                                 LAWHFS 
  5530.823 607.01314     0.768    -2.889               7.724          0903Rb0115
  5530.825   27.0059     1.709    -4.006                                 LAWHFS 
  5530.825   27.0059     1.709    -4.036                                 LAWHFS 
  5530.828 112.00124     0.348    -2.131               1.340           12R101b24
  5530.847      20.0     5.485     -4.61                                        
  5530.851 607.01314     0.768    -3.218               7.724          0903Qd0125
  5530.879 607.01214     2.422    -2.252               7.724          1810Qb0125
  5530.879 607.01314     1.637    -1.929               7.724          1306Qb0295
  5530.885 112.00124     1.321    -1.784               1.340           02R240b24
  5530.900 607.01214     2.422    -3.066               7.724          1810Pd0135
  5530.902 607.01314     0.738    -3.660               7.724          0903Pd0045
  5530.915      23.0     3.930     -4.19                                        
  5530.917 106.00113     1.708    -7.743               3.464            BX03Q225
  5530.939 607.01314     1.637    -3.232               7.724          1306Pd0305
  5531.007      44.0     2.593     -1.45                                        
  5531.040 607.01314     2.262    -3.222               7.724          1709Pc0255
  5531.041 607.01314     0.737    -3.814               7.724          0903Pb0025
  5531.046 607.01214     2.434    -2.383               7.724          1810Ra0155
  5531.073 112.00124     1.321    -4.777               1.340           02Q140b24
  5531.097      24.0     3.077     -7.46                                        
  5531.180 106.00113     2.195    -5.305               3.464            AX46Q165
  5531.185 106.00112     1.595    -2.927               3.464            BX13P195
  5531.198      42.0     3.154     -1.76                                        
  5531.211 607.01214     1.732    -2.613               7.724          1407Rb0105
  5531.234 607.01214     1.732    -2.837               7.724          1407Qd0115
  5531.235 607.01214     2.406    -2.750               7.724          1810Pb0095
  5531.242 112.00126     0.419    -0.698               1.340           12Q210h26
  5531.265      92.0     0.974     -1.26                                        
  5531.313 106.00112     1.595    -7.030               3.464            BX13Q195
  5531.359 112.00124     1.321    -1.774               1.340           02R140b24
  5531.380      74.0     2.244     -1.76                                        
  5531.408 607.01214     1.113    -3.175               7.724          0600Qb0685
  5531.428 106.00112     2.402    -8.266               3.464            AX25R255
  5531.450 106.00112     1.595    -2.921               3.464            BX13P205
  5531.463 112.00125     0.419    -0.698               1.340           12Q210h25
  5531.502 112.00124     0.535    -2.253               1.340           23P206b24
  5531.517 607.01314     0.817    -4.001               7.724          0903Rd0195
  5531.521      24.1     6.482     -2.62                                        
  5531.530 106.00112     1.538    -5.927               3.464            AX13Q185
  5531.541 106.00113     1.968    -8.685               3.464            AX03R265
  5531.545 607.01214     2.510    -3.202               7.724          1810Rd0245
  5531.548 607.01314     2.867    -3.198               7.724          2112Pc0215
  5531.561 607.01214     1.113    -5.252               7.724          0600Pd0695
  5531.624      42.0     3.387     -1.67                                        
  5531.628 607.01214     2.387    -3.727               7.724          1810Pc0035
  5531.660      26.0     4.206     -3.95                                        
  5531.667 106.00112     1.538    -3.690               3.464            AX13P185
  5531.683 106.00112     1.538    -3.663               3.464            AX13P195
  5531.704 112.00124     0.420    -0.698               1.340           12Q210h24
  5531.724      42.0     2.521     -2.41                                        
  5531.775 112.00126     0.458    -0.636               1.340           01Q220h26
  5531.779 112.00124     0.420    -3.662               1.340           12P110b24
  5531.785 607.01314     2.896    -2.867               7.724          2112Qc0245
  5531.795 607.01214     2.456    -2.348               7.724          1810Rb0175
  5531.815      23.1     2.370     -2.93                                        
  5531.822 607.01214     2.456    -2.806               7.724          1810Qd0185
  5531.833 112.00126     0.419    -0.655               1.340           12Q110h26
  5531.836      25.0     5.345     -3.12                                        
  5531.840 607.01314     2.896    -2.277               7.724          2112Pa0255
  5531.956      27.0     4.568     -3.98                                        
  5531.960 112.00125     0.458    -0.636               1.340           01Q220h25
  5531.965 607.01214     1.712    -2.684               7.724          1407Qb0055
  5531.975 607.01214     1.712    -3.206               7.724          1407Pd0065
  5531.984      26.0     4.913     -1.60                              NIST/E    
  5531.985      22.0     3.688     -3.33                                        
  5532.011 106.00113     0.908    -6.258               3.464            AX02R115
  5532.015 607.01214     2.392    -2.948               7.724          1810Qc0055
  5532.020 607.01214     2.392    -3.065               7.724          1810Pa0065
  5532.042 106.00113     1.708    -3.510               3.464            BX03R215
  5532.053 112.00125     0.419    -0.655               1.340           12Q110h25
  5532.056 106.00113     0.908    -4.093               3.464            AX02Q115
  5532.082 607.01314     0.741    -3.104               7.724          0903Qb0045
  5532.120      26.0     2.843     -4.55                                        
  5532.133 607.01214     0.819    -5.296               7.724          0600Pc0585
  5532.162 112.00124     0.459    -0.636               1.340           01Q220h24
  5532.172 607.01314     2.906    -2.266               7.724          2112Pb0255
  5532.190 112.00126     0.458    -0.614               1.340           01Q120h26
  5532.217 112.00124     0.420    -3.659               1.340           12R210b24
  5532.252 607.01314     0.774    -2.847               7.724          0903Rb0125
  5532.256      40.0     0.650     -2.37                                        
  5532.265      26.0     5.066     -2.89                                        
  5532.271 607.01214     1.068    -3.710               7.724          0903Rd0375
  5532.278 607.01314     0.774    -3.224               7.724          0903Qd0135
  5532.292 106.00113     0.908    -4.057               3.464            AX02Q125
  5532.292 112.00124     0.420    -0.655               1.340           12Q110h24
  5532.305 112.00124     0.459    -4.273               1.340           01P120b24
  5532.317 607.01214     0.886    -2.294               7.724          0903Qb0235
  5532.323 607.01214     1.795    -3.210               7.724          1407Rd0205
  5532.324 607.01314     0.741    -3.606               7.724          0903Pd0055
  5532.336 106.00113     0.908    -6.060               3.464            AX02P125
  5532.370 607.01214     0.886    -3.526               7.724          0903Pd0245
  5532.375 112.00125     0.458    -0.614               1.340           01Q120h25
  5532.386      22.0     3.587     -3.92                                        
  5532.407      26.0     5.008     -3.98                                        
  5532.410 106.00113     1.477    -5.909               3.464            AX13Q175
  5532.415 607.01314     1.588    -2.331               7.724          1306Pb0255
  5532.419 607.01214     1.707    -3.304               7.724          1407Pb0035
  5532.433 112.00124     0.459    -4.273               1.340           01R220b24
  5532.458 607.01314     0.724    -3.590               7.724          0802Qc0315
  5532.485 112.00126     0.354    -1.349               1.340           12R203h26
  5532.505 607.01214     2.406    -3.033               7.724          1810Rc0095
  5532.526 607.01314     0.725    -2.758               7.724          0802Pa0325
  5532.529 607.01214     2.406    -2.346               7.724          1810Qa0105
  5532.530 106.00113     1.477    -3.722               3.464            AX13P175
  5532.552 106.00113     1.477    -3.694               3.464            AX13P185
  5532.559      27.1     3.457     -5.46                                        
  5532.566      39.0     2.404     -1.44                                        
  5532.577 112.00124     0.459    -0.614               1.340           01Q120h24
  5532.583      22.0     2.152     -2.91                                        
  5532.646 106.00112     1.640    -6.054               3.464            AX35P075
  5532.659 112.00126     0.729    -0.590               1.340           12P224h26
  5532.697      75.0     2.698     -1.00                                        
  5532.715 112.00125     0.355    -1.349               1.340           12R203h25
  5532.716 106.00113     1.708    -3.364               3.464            BX03R225
  5532.728 607.01214     0.827    -3.225               7.724          0903Qc0175
  5532.739 106.00112     2.161    -5.321               3.464            AX46Q155
  5532.747      26.0     3.573     -1.89                              Belmonte17
  5532.766      20.0     5.386     -3.42                                        
  5532.767 106.00112     2.161    -3.344               3.464            AX46P165
  5532.768 607.01214     0.827    -2.773               7.724          0903Pa0185
  5532.779 607.01214     1.737    -2.568               7.724          1407Rb0115
  5532.797 607.01214     0.960    -2.453               7.724          0903Rb0295
  5532.803 607.01214     1.737    -2.833               7.724          1407Qd0125
  5532.814 106.00112     2.161    -3.379               3.464            AX46P155
  5532.854 112.00125     0.729    -0.590               1.340           12P224h25
  5532.862 607.01214     0.960    -3.302               7.724          0903Qd0305
  5532.866      26.0     4.442     -1.48                                        
  5532.868      26.1     6.730     -2.70                                 NIST/D 
  5532.879 607.01314     0.738    -3.638               7.724          0903Pb0035
  5532.890 607.01314     1.578    -2.950               7.724          1306Qc0245
  5532.891 106.00113     1.643    -3.878               3.464            AX02P255
  5532.940 607.01314     1.578    -2.342               7.724          1306Pa0255
  5532.966 112.00124     0.355    -1.349               1.340           12R203h24
  5532.992 112.00124     0.355    -2.434               1.340           12Q103b24
  5532.999 106.00113     2.196    -3.309               3.464            AX46P175
  5533.004 607.01214     0.955    -2.291               7.724          0802Qb0435
  5533.024      27.0     4.237     -1.31                                        
  5533.031      42.0     1.335     -0.07                              NIST/A+   
  5533.033 607.01214     0.947    -2.444               7.724          0903Ra0295
  5533.049 106.00113     1.643    -6.463               3.464            AX02Q245
  5533.061 112.00124     0.730    -0.590               1.340           12P224h24
  5533.100 607.01214     0.955    -4.059               7.724          0802Pd0445
  5533.118 106.00113     2.196    -3.342               3.464            AX46P165
  5533.135      15.0     7.398     -2.50                                        
  5533.165      20.0     4.765     -0.96                                        
  5533.166 607.01214     1.084    -2.520               7.724          0802Rb0495
  5533.180      25.0     4.341     -1.31                                        
  5533.182 112.00126     0.729    -0.570               1.340           12P124h26
  5533.187      24.0     4.407     -1.87                                        
  5533.249      26.0     5.029     -3.08                                        
  5533.263 106.00113     1.643    -3.901               3.464            AX02P245
  5533.269      63.0     1.617     -0.86                                        
  5533.275 607.01214     1.084    -3.325               7.724          0802Qd0505
  5533.303      23.0     3.930     -3.39                                        
  5533.318 607.01214     2.441    -2.355               7.724          1810Ra0165
  5533.320 106.00113     2.397    -8.266               3.464            AX25R255
  5533.347 106.00112     1.641    -6.078               3.464            AX35P075
  5533.361 607.01314     0.826    -4.066               7.724          0903Rd0205
  5533.373      64.0     0.864     -1.30                                        
  5533.383 112.00125     0.729    -0.570               1.340           12P124h25
  5533.416      24.0     5.524     -2.40                                        
  5533.430 112.00124     0.730    -3.027               1.340           12Q224b24
  5533.495 607.01214     1.113    -5.170               7.724          0600Rc0685
  5533.513 607.01314     0.671    -3.916               7.724          0802Pc0275
  5533.520 607.01214     0.875    -3.485               7.724          0903Rc0225
  5533.545       6.0     8.841     -3.13                                        
  5533.549 607.01314     0.743    -3.007               7.724          0903Qb0055
  5533.566       6.0     8.636     -3.88                                        
  5533.570 607.01214     0.875    -2.295               7.724          0903Qa0235
  5533.580 607.01214     1.715    -2.603               7.724          1407Qb0065
  5533.585 112.00124     0.730    -0.570               1.340           12P124h24
  5533.596 607.01214     1.715    -3.173               7.724          1407Pd0075
  5533.634      21.1     7.138     -2.00                                        
  5533.641 607.01214     0.961    -3.561               7.724          0600Pb0635
  5533.648 607.01214     1.113    -3.167               7.724          0600Qa0695
  5533.651 106.00113     0.908    -6.273               3.464            AX02R115
  5533.656 106.00113     0.708    -4.677               3.464            AX02R045
  5533.680      23.0     2.636     -3.43                                        
  5533.683 112.00126     0.354    -1.296               1.340           12R103h26
  5533.695 106.00113     0.908    -4.093               3.464            AX02Q115
  5533.725 106.00113     2.196    -5.335               3.464            AX46Q165
  5533.739 106.00113     2.526    -3.104               3.464            AX35P275
  5533.758 106.00112     1.034    -5.304               3.464            BX03R055
  5533.767      14.0     7.631     -3.97                                        
  5533.787      60.0     0.293     -0.28                                        
  5533.816 106.00113     0.908    -4.057               3.464            AX02Q125
  5533.818      23.0     2.372     -0.67                                        
  5533.820      60.1     0.559     -1.23                              DenHarto03
  5533.842 607.01314     0.780    -2.809               7.724          0903Rb0135
  5533.861 106.00113     0.908    -6.047               3.464            AX02P125
  5533.869 607.01314     0.780    -3.232               7.724          0903Qd0145
  5533.872 607.01214     2.428    -2.212               7.724          1810Qb0135
  5533.894 607.01214     2.428    -3.064               7.724          1810Pd0145
  5533.900 106.00113     2.526    -5.523               3.464            AX35Q265
  5533.901 607.01314     0.743    -3.568               7.724          0903Pd0065
  5533.909 112.00125     0.355    -1.296               1.340           12R103h25
  5533.985 607.01214     2.395    -2.907               7.724          1810Qc0065
  5533.990 607.01214     2.390    -3.562               7.724          1810Pc0045
  5533.995 106.00113     0.708    -4.676               3.464            AX02R045
  5533.997 607.01214     2.395    -2.967               7.724          1810Pa0075
  5534.076 607.01314     2.939    -3.133               7.724          2112Rc0285
  5534.096 607.01214     0.955    -3.720               7.724          0802Rc0435
  5534.139 607.01314     2.940    -1.869               7.724          2112Qa0295
  5534.153 112.00124     0.355    -1.296               1.340           12R103h24
  5534.179 106.00112     0.979    -7.177               3.464            BX03R025
  5534.192      24.0     4.443     -3.31                                        
  5534.192 607.01214     0.955    -2.294               7.724          0802Qa0445
  5534.249      26.0     5.060     -3.41                                        
  5534.250      20.0     5.295     -2.00                                        
  5534.259       6.0     8.634     -3.50                                        
  5534.260 106.00112     2.521    -5.754               3.464            AX03R335
  5534.314      26.0     4.987     -1.47                                        
  5534.325      26.0     3.265     -4.97                                        
  5534.328 106.00112     1.034    -8.521               3.464            BX03Q065
  5534.348 106.00113     2.526    -3.144               3.464            AX35P265
  5534.374 106.00113     0.708    -5.795               3.464            AX02Q055
  5534.385 607.01314     0.739    -2.751               7.724          0802Pb0325
  5534.393 106.00112     1.034    -5.196               3.464            BX03R065
  5534.412 112.00126     0.267    -1.176               1.340           01R211h26
  5534.474 112.00126     0.406    -0.745               1.340           12Q209h26
  5534.504 106.00113     0.708    -4.608               3.464            AX02R055
  5534.505 106.00112     1.576    -1.333               3.464            BX12R235
  5534.514 607.01214     2.411    -3.029               7.724          1810Rc0105
  5534.516      26.0     4.431     -3.43                                        
  5534.524 607.01214     1.742    -2.527               7.724          1407Rb0125
  5534.535 607.01214     2.411    -2.299               7.724          1810Qa0115
  5534.535 607.01214     2.411    -2.694               7.724          1810Pb0105
  5534.550 607.01214     1.743    -2.830               7.724          1407Qd0135
  5534.569      24.0     5.784     -1.29                                        
  5534.578 106.00113     1.013    -5.427               3.464            BX03R045
  5534.598 106.00112     2.521    -7.622               3.464            AX03Q335
  5534.614 106.00112     1.576    -6.054               3.464            BX12Q245
  5534.615 112.00125     0.267    -1.176               1.340           01R211h25
  5534.615 607.01214     1.709    -3.172               7.724          1407Pb0045
  5534.618 607.01214     1.804    -3.217               7.724          1407Rd0215
  5534.636       6.0     8.844     -3.28                                        
  5534.645      21.0     5.553     -2.69                                        
  5534.650      26.0     4.151     -3.88                                        
  5534.656      20.0     5.870     -5.86                                        
  5534.659      26.0     3.637     -2.54                                        
  5534.662 106.00113     0.708    -5.786               3.464            AX02Q055
  5534.673       6.0     8.641     -3.69                                        
  5534.701 112.00125     0.406    -0.745               1.340           12Q209h25
  5534.728 607.01214     0.804    -3.595               7.724          0903Pc0145
  5534.732 106.00112     2.521    -5.654               3.464            AX03R325
  5534.757 607.01214     0.845    -2.726               7.724          0903Pb0195
  5534.764      21.0     5.381     -3.37                                        
  5534.775      20.0     5.296     -2.46                                        
  5534.780      26.0     4.183     -3.54                                        
  5534.783 106.00112     1.576    -0.853               3.464            BX12R245
  5534.792 106.00113     0.708    -4.608               3.464            AX02R055
  5534.794      38.0     2.270     -0.04                                        
  5534.807      22.0     0.899     -4.09                                        
  5534.817       6.0     8.636     -2.74                                        
  5534.835 112.00124     0.267    -1.176               1.340           01R211h24
  5534.847      26.1     3.242     -2.93                                        
  5534.856      23.0     4.084     -4.13                                        
  5534.868 607.01314     0.741    -3.505               7.724          0903Pb0045
  5534.899 607.01214     2.464    -2.321               7.724          1810Rb0185
  5534.916      26.0     4.183     -3.85                                        
  5534.922 112.00124     0.268    -3.134               1.340           01Q111b24
  5534.929 607.01214     2.464    -2.811               7.724          1810Qd0195
  5534.942       6.0     8.844     -3.87                                        
  5534.948 112.00124     0.406    -0.745               1.340           12Q209h24
  5534.987 607.01214     2.521    -3.209               7.724          1810Rd0255
  5534.992 112.00126     0.267    -1.148               1.340           01R111h26
  5535.016 112.00124     0.406    -3.622               1.340           12P109b24
  5535.025      23.0     3.222     -3.36                                        
  5535.029 106.00112     1.539    -3.664               3.464            AX13P195
  5535.031      45.0     3.700      0.33                                        
  5535.040 106.00112     1.539    -5.960               3.464            AX13Q185
  5535.108 112.00126     0.406    -0.697               1.340           12Q109h26
  5535.119      26.0     2.174     -8.16                                        
  5535.145 607.01314     0.746    -2.923               7.724          0903Qb0065
  5535.169      25.1     6.568     -4.22                                        
  5535.170      59.1     0.922     -0.75                                LINOHFS 
  5535.178 106.00112     1.539    -3.690               3.464            AX13P185
  5535.195 112.00125     0.267    -1.148               1.340           01R111h25
  5535.242      58.0     0.384     -0.27                                        
  5535.257 106.00113     1.013    -8.426               3.464            BX03Q055
  5535.310 106.00113     1.013    -5.304               3.464            BX03R055
  5535.320      60.1     1.409     -0.83                              DenHarto03
  5535.334 112.00125     0.406    -0.697               1.340           12Q109h25
  5535.344      23.0     0.017     -3.57                               LAWNOHFS 
  5535.362 607.01314     0.835    -4.138               7.724          0903Rd0215
  5535.364 607.01314     2.951    -1.868               7.724          2112Qb0295
  5535.370 607.01214     1.718    -2.531               7.724          1407Qb0075
  5535.379      24.0     3.889     -4.28                                        
  5535.386 607.01214     1.718    -3.148               7.724          1407Pd0085
  5535.413      26.0     3.249     -8.24                                        
  5535.415 112.00124     0.268    -1.148               1.340           01R111h24
  5535.418      26.0     4.186     -1.16                              NIST/C+   
  5535.429 607.01314     2.951    -3.164               7.724          2112Pd0305
  5535.459 607.01214     0.860    -3.718               7.724          0802Qc0385
  5535.480      56.0     0.000      0.20                                        
  5535.510 112.00124     0.406    -3.619               1.340           12R209b24
  5535.529      26.0     6.153     -1.45                              PK15THEOR 
  5535.544 607.01214     0.860    -2.677               7.724          0802Pa0395
  5535.579 112.00124     0.406    -0.697               1.340           12Q109h24
  5535.587      26.0     5.008     -4.25                                        
  5535.591 607.01314     0.786    -2.772               7.724          0903Rb0145
  5535.619      25.0     5.108     -3.19                                        
  5535.622 607.01314     0.786    -3.244               7.724          0903Qd0155
  5535.632 607.01314     0.746    -3.543               7.724          0903Pd0075
  5535.656      57.1     1.251     -1.25                                        
  5535.699 106.00113     1.892    -5.910               3.464            AX46P075
  5535.741 106.00112     1.650    -3.878               3.464            AX02P255
  5535.773 112.00124     0.857    -0.672               1.340           01P232b24
  5535.777      92.1     0.284     -2.84                                        
  5535.780 607.01214     2.448    -2.328               7.724          1810Ra0175
  5535.835 106.00112     1.650    -6.463               3.464            AX02Q245
  5535.867      22.0     3.724     -3.89                                        
  5535.880      59.1     1.049     -1.97                                LINOHFS 
  5535.951 607.01314     1.637    -3.203               7.724          1306Rc0295
  5535.959 106.00112     2.204    -5.304               3.464            AX46Q165
  5535.967 106.00113     1.478    -3.694               3.464            AX13P185
  5535.967 106.00113     1.478    -5.939               3.464            AX13Q175
  5535.980 607.01314     1.547    -3.296               7.724          1306Pc0215
  5536.001 112.00124     1.031    -3.248               1.340           23P229b24
  5536.005 112.00124     0.544    -2.313               1.340           23P207b24
  5536.011 607.01314     1.637    -1.914               7.724          1306Qa0305
  5536.049 106.00112     2.204    -3.341               3.464            AX46P165
  5536.061      26.0     5.008     -3.62                                        
  5536.069 106.00112     1.650    -3.900               3.464            AX02P245
  5536.081 607.01214     0.961    -4.955               7.724          0600Qc0635
  5536.088 106.00113     1.478    -3.722               3.464            AX13P175
  5536.090 106.00112     2.204    -3.307               3.464            AX46P175
  5536.118 106.00112     0.911    -6.257               3.464            AX02R115
  5536.132 112.00126     0.855    -0.657               1.340           01P132h26
  5536.142 112.00124     0.857    -3.410               1.340           01Q232b24
  5536.155 106.00113     0.670    -6.251               3.464            AX02R025
  5536.164 106.00112     0.911    -4.093               3.464            AX02Q115
  5536.178 607.01214     2.398    -2.877               7.724          1810Qc0075
  5536.181 106.00112     1.716    -3.509               3.464            BX03R215
  5536.193 607.01214     2.398    -2.883               7.724          1810Pa0085
  5536.199 106.00113     0.670    -6.241               3.464            AX02R025
  5536.210 607.01214     0.791    -3.966               7.724          0802Pc0345
  5536.216 106.00112     2.165    -8.228               3.464            AX14R255
  5536.223 607.01214     0.961    -3.554               7.724          0600Pa0645
  5536.244 607.01314     0.743    -3.089               7.724          0903Ra0065
  5536.244 607.01314     0.746    -3.030               7.724          0903Ra0075
  5536.253 112.00125     0.856    -0.657               1.340           01P132h25
  5536.288      25.0     3.370     -4.84                                        
  5536.300 106.00112     1.716    -7.742               3.464            BX03Q225
  5536.337 112.00124     0.857    -0.657               1.340           01P132h24
  5536.351      22.0     2.660     -2.16                                        
  5536.364 106.00113     1.892    -5.933               3.464            AX46P075
  5536.403 106.00112     0.911    -4.057               3.464            AX02Q125
  5536.417 607.01314     0.741    -3.153               7.724          0903Ra0055
  5536.429 106.00112     1.716    -3.363               3.464            BX03R225
  5536.445 607.01314     0.750    -2.977               7.724          0903Ra0085
  5536.447 607.01214     1.749    -2.489               7.724          1407Rb0135
  5536.449 106.00112     0.911    -6.059               3.464            AX02P125
  5536.456      25.0     5.537     -0.46                                        
  5536.475 607.01214     1.749    -2.830               7.724          1407Qd0145
  5536.497      24.0     4.444     -1.51                                        
  5536.509 607.01314     1.650    -1.913               7.724          1306Qb0305
  5536.563 607.01214     2.392    -3.456               7.724          1810Pc0055
  5536.570 607.01314     1.650    -3.234               7.724          1306Pd0315
  5536.580      26.0     2.832     -3.73                              NIST/E    
  5536.595 106.00113     2.240    -3.274               3.464            AX46P185
  5536.626 106.00113     2.240    -3.306               3.464            AX46P175
  5536.647 607.01214     1.061    -2.490               7.724          0802Ra0495
  5536.740 607.01214     2.416    -3.027               7.724          1810Rc0115
  5536.764 607.01214     2.416    -2.255               7.724          1810Qa0125
  5536.785 607.01314     0.738    -3.224               7.724          0903Ra0045
  5536.825 607.01214     0.897    -2.273               7.724          0903Qb0245
  5536.826 607.01314     0.754    -2.928               7.724          0903Ra0095
  5536.868 607.01314     0.750    -2.849               7.724          0903Qb0075
  5536.879 607.01214     0.897    -3.535               7.724          0903Pd0255
  5536.885 112.00126     0.350    -1.453               1.340           12R202h26
  5536.906 607.01214     0.836    -3.231               7.724          0903Qc0185
  5536.948 607.01214     0.836    -2.743               7.724          0903Pa0195
  5536.985 607.01214     1.712    -3.065               7.724          1407Pb0055
  5536.997      22.0     3.177     -2.36                                        
  5537.025 607.01314     0.743    -3.397               7.724          0903Pb0055
  5537.059 607.01214     1.712    -2.770               7.724          1407Ra0065
  5537.059 607.01214     2.434    -2.175               7.724          1810Qb0145
  5537.060      62.1     1.668     -1.35                                        
  5537.082 607.01214     2.434    -3.064               7.724          1810Pd0155
  5537.096 607.01214     1.709    -2.832               7.724          1407Ra0055
  5537.100 607.01214     1.813    -3.224               7.724          1407Rd0225
  5537.106      28.0     3.844     -2.22                              Wood14    
  5537.122 112.00125     0.351    -1.453               1.340           12R202h25
  5537.128 112.00124     1.237    -3.098               1.340           12P238b24
  5537.130      90.1     1.140     -2.49                                        
  5537.144      22.0     3.164     -3.87                                        
  5537.151 607.01214     1.310    -3.382               7.724          0600Rb0745
  5537.196 607.01214     1.085    -3.717               7.724          0903Rd0385
  5537.233      20.0     5.317     -1.69                                        
  5537.236 607.01214     1.715    -2.714               7.724          1407Ra0075
  5537.247      20.0     5.485     -5.16                                        
  5537.268 106.00113     2.240    -5.314               3.464            AX46Q175
  5537.318 607.01214     1.310    -4.956               7.724          0600Qd0755
  5537.329 607.01214     1.722    -2.468               7.724          1407Qb0085
  5537.337 607.01214     1.707    -2.900               7.724          1407Ra0045
  5537.346 607.01314     0.737    -3.303               7.724          0903Ra0035
  5537.348 607.01214     1.722    -3.129               7.724          1407Pd0095
  5537.360 607.01214     0.960    -2.429               7.724          0903Ra0305
  5537.379 112.00126     0.394    -0.798               1.340           12Q208h26
  5537.381 112.00124     0.351    -1.453               1.340           12R202h24
  5537.396 607.01314     0.758    -2.883               7.724          0903Ra0105
  5537.399 112.00124     0.351    -2.370               1.340           12Q102b24
  5537.407 607.01214     1.521    -5.302               7.724          0600Rd0815
  5537.415 607.01214     0.974    -2.437               7.724          0903Rb0305
  5537.429      20.0     6.012     -3.24                                        
  5537.431      40.0     2.158     -0.54                                        
  5537.447 112.00126     0.699    -0.612               1.340           12P223h26
  5537.477 106.00113     2.158    -8.228               3.464            AX14R255
  5537.483 607.01214     0.975    -3.310               7.724          0903Qd0315
  5537.496      23.1     4.017     -3.75                                        
  5537.501 607.01314     0.793    -2.739               7.724          0903Rb0155
  5537.518 607.01314     0.750    -3.529               7.724          0903Pd0085
  5537.524 607.01314     0.844    -4.216               7.724          0903Rd0225
  5537.538      58.0     0.384     -0.71                                        
  5537.539 607.01314     0.793    -3.258               7.724          0903Qd0165
  5537.558 607.01214     1.661    -3.384               7.724          1306Pc0285
  5537.612 112.00125     0.394    -0.798               1.340           12Q208h25
  5537.616 607.01214     1.718    -2.663               7.724          1407Ra0085
  5537.652 112.00125     0.700    -0.612               1.340           12P223h25
  5537.655 607.01314     2.876    -3.202               7.724          2112Pc0225
  5537.675 607.01214     0.886    -3.493               7.724          0903Rc0235
  5537.694   25.0055     2.185    -2.920                                 KURHFS 
  5537.713   25.0055     2.185    -2.807                                 KURHFS 
  5537.726 607.01314     2.273    -3.228               7.724          1709Pc0265
  5537.727 607.01214     0.886    -2.274               7.724          0903Qa0245
  5537.732      74.0     2.386     -1.62                                        
  5537.736      42.0     2.593     -2.49                                        
  5537.740   25.0055     2.185    -3.351                                 KURHFS 
  5537.742   25.0055     2.185    -2.904                                 KURHFS 
  5537.752 607.01314     2.906    -2.874               7.724          2112Qc0255
  5537.767      60.1     0.204     -2.06                                        
  5537.769   25.0055     2.185    -2.807                                 KURHFS 
  5537.779 106.00112     0.912    -6.272               3.464            AX02R115
  5537.798 607.01214     1.705    -2.976               7.724          1407Ra0035
  5537.807   25.0055     2.185    -2.443                                 KURHFS 
  5537.809 607.01314     2.906    -2.256               7.724          2112Pa0265
  5537.826 106.00112     0.912    -4.093               3.464            AX02Q115
  5537.844 106.00113     1.320    -6.195               3.464            AX24P055
  5537.853      22.0     2.675     -2.03                                        
  5537.865 112.00124     0.395    -0.798               1.340           12Q208h24
  5537.866 112.00124     0.701    -0.612               1.340           12P223h24
  5537.871      26.0     3.271     -4.17                                        
  5537.909 106.00112     0.710    -4.676               3.464            AX02R045
  5537.919      23.0     3.281     -0.90                                        
  5537.926 112.00124     0.395    -3.579               1.340           12P108b24
  5537.950 106.00112     0.912    -4.057               3.464            AX02Q125
  5537.977 112.00126     0.699    -0.591               1.340           12P123h26
  5537.996 106.00112     0.912    -6.046               3.464            AX02P125
  5538.008 607.01214     2.416    -2.644               7.724          1810Pb0115
  5538.017      72.0     2.693     -0.59                                        
  5538.032      24.0     2.998     -4.37                                        
  5538.042 112.00124     1.065    -4.301               1.340           13R130b24
  5538.055      26.0     4.984     -1.79                                        
  5538.063 112.00124     0.347    -1.972               1.340           12R100b24
  5538.068 112.00126     0.394    -0.745               1.340           12Q108h26
  5538.100 607.01314     0.735    -3.391               7.724          0903Ra0025
  5538.122 112.00124     0.206    -2.854               1.340           01R106b24
  5538.142 607.01314     1.600    -2.312               7.724          1306Pb0265
  5538.147 607.01314     0.763    -2.841               7.724          0903Ra0115
  5538.161      23.0     1.871     -5.38                                        
  5538.162 607.01214     0.878    -2.680               7.724          0802Pb0395
  5538.186 112.00125     0.700    -0.591               1.340           12P123h25
  5538.203 607.01214     1.722    -2.616               7.724          1407Ra0095
  5538.203 607.01214     2.472    -2.296               7.724          1810Rb0195
  5538.222 112.00126     0.432    -0.659               1.340           01Q219h26
  5538.236 607.01214     2.472    -2.816               7.724          1810Qd0205
  5538.240      24.0     3.548     -2.44                                        
  5538.248 112.00124     0.701    -3.011               1.340           12Q223b24
  5538.250 607.01214     2.385    -3.268               7.724          1709Pc0315
  5538.252 106.00112     0.710    -4.676               3.464            AX02R045
  5538.275 106.00113     1.320    -6.213               3.464            AX24P055
  5538.278      72.0     1.305     -1.90                                        
  5538.300 112.00125     0.394    -0.745               1.340           12Q108h25
  5538.302 106.00112     1.483    -5.908               3.464            AX13Q175
  5538.318 607.01314     1.588    -2.954               7.724          1306Qc0255
  5538.343      64.1     1.287     -1.59                                        
  5538.370 112.00126     0.350    -1.399               1.340           12R102h26
  5538.370 607.01314     1.589    -2.322               7.724          1306Pa0265
  5538.373      59.0     1.082      0.19                                        
  5538.399 112.00124     0.701    -0.591               1.340           12P123h24
  5538.418 112.00125     0.432    -0.659               1.340           01Q219h25
  5538.426 106.00112     1.483    -3.721               3.464            AX13P175
  5538.454 607.01214     2.456    -2.303               7.724          1810Ra0185
  5538.464 607.01214     1.704    -3.061               7.724          1407Ra0025
  5538.466 106.00112     1.483    -3.693               3.464            AX13P185
  5538.489 112.00124     0.395    -3.574               1.340           12R208b24
  5538.506 607.01314     2.917    -2.246               7.724          2112Pb0265
  5538.509 106.00112     2.205    -5.334               3.464            AX46Q165
  5538.515      26.0     3.632     -5.41                                        
  5538.516      26.0     4.220     -1.54                              Ruffoni14 
  5538.518 106.00112     2.205    -3.308               3.464            AX46P175
  5538.522      92.1     1.124     -1.85                                        
  5538.550 112.00124     0.395    -0.745               1.340           12Q108h24
  5538.551 607.01214     1.755    -2.454               7.724          1407Rb0145
  5538.577 106.00113     2.611    -1.185               3.464            AX52P375
  5538.581 607.01214     1.755    -2.831               7.724          1407Qd0155
  5538.589 607.01214     2.402    -2.855               7.724          1810Qc0085
  5538.600 106.00112     2.205    -3.341               3.464            AX46P165
  5538.603 112.00125     0.351    -1.399               1.340           12R102h25
  5538.606 106.00113     1.971    -8.613               3.464            AX03R265
  5538.606 607.01214     2.402    -2.811               7.724          1810Pa0095
  5538.632 106.00112     0.710    -5.794               3.464            AX02Q055
  5538.633 112.00124     0.433    -0.659               1.340           01Q219h24
  5538.634 607.01214     2.532    -3.217               7.724          1810Rd0265
  5538.641 112.00126     0.432    -0.637               1.340           01Q119h26
  5538.652      27.0     4.107     -2.96                                        
  5538.710 607.01314     0.754    -2.783               7.724          0903Qb0085
  5538.762 106.00112     0.710    -4.607               3.464            AX02R055
  5538.771 112.00124     0.433    -4.253               1.340           01P119b24
  5538.784 106.00113     2.327    -5.602               3.464            AX03R315
  5538.818 607.01314     0.739    -3.598               7.724          0802Qc0325
  5538.838 112.00125     0.432    -0.637               1.340           01Q119h25
  5538.852 112.00124     0.351    -1.399               1.340           12R102h24
  5538.888 607.01314     0.739    -2.742               7.724          0802Pa0335
  5538.913 112.00124     0.433    -4.252               1.340           01R219b24
  5538.923 106.00112     0.710    -5.786               3.464            AX02Q055
  5538.927   23.0051     0.040    -8.498                                 KURHFS 
  5538.928   23.0051     0.040    -8.218                                 KURHFS 
  5538.930   23.0051     0.040    -9.519                                 KURHFS 
  5538.931   23.0051     0.040    -8.080                                 KURHFS 
  5538.931   23.0051     0.040    -8.498                                 KURHFS 
  5538.933   23.0051     0.040    -8.820                                 KURHFS 
  5538.935   23.0051     0.040    -8.218                                 KURHFS 
  5538.936   23.0051     0.040    -8.014                                 KURHFS 
  5538.939   23.0051     0.040    -8.373                                 KURHFS 
  5538.941   23.0051     0.040    -8.080                                 KURHFS 
  5538.942   23.0051     0.040    -8.007                                 KURHFS 
  5538.946      24.0     3.367     -4.21                                        
  5538.946   23.0051     0.040    -8.042                                 KURHFS 
  5538.949   23.0051     0.040    -8.014                                 KURHFS 
  5538.950   23.0051     0.040    -8.072                                 KURHFS 
  5538.955   23.0051     0.040    -7.779                                 KURHFS 
  5538.959   23.0051     0.040    -8.007                                 KURHFS 
  5538.960   23.0051     0.040    -8.276                                 KURHFS 
  5538.966   23.0051     0.040    -7.560                                 KURHFS 
  5538.970   23.0051     0.040    -8.072                                 KURHFS 
  5538.978   23.0051     0.040    -7.373                                 KURHFS 
  5538.980      26.0     4.792     -4.17                                        
  5538.984   23.0051     0.040    -8.276                                 KURHFS 
  5538.996 607.01214     1.727    -2.573               7.724          1407Ra0105
  5539.006 106.00113     1.425    -5.888               3.464            AX13Q165
  5539.024   25.0055     3.130    -5.058                                 KURHFS 
  5539.024   25.0055     3.130    -5.950                                 KURHFS 
  5539.027      69.1     3.244     -0.62                                        
  5539.040   25.0055     3.130    -5.008                                 KURHFS 
  5539.040   25.0055     3.130    -5.752                                 KURHFS 
  5539.040   25.0055     3.130    -5.950                                 KURHFS 
  5539.040 106.00113     1.661    -6.072               3.464            AX35P085
  5539.040 607.01314     0.734    -3.489               7.724          0903Ra0015
  5539.051 112.00124     0.433    -0.637               1.340           01Q119h24
  5539.053 106.00112     0.710    -4.608               3.464            AX02R055
  5539.055 106.00113     2.327    -5.560               3.464            AX03R305
  5539.056 106.00113     2.327    -7.612               3.464            AX03Q315
  5539.061   25.0055     3.130    -4.930                                 KURHFS 
  5539.061   25.0055     3.130    -5.699                                 KURHFS 
  5539.061   25.0055     3.130    -5.752                                 KURHFS 
  5539.080 607.01314     0.768    -2.802               7.724          0903Ra0125
  5539.086   25.0055     3.130    -4.837                                 KURHFS 
  5539.086   25.0055     3.130    -5.699                                 KURHFS 
  5539.086   25.0055     3.130    -5.744                                 KURHFS 
  5539.100 106.00112     1.539    -5.946               3.464            BX13P185
  5539.113 106.00113     1.425    -3.756               3.464            AX13P165
  5539.115   25.0055     3.130    -4.740                                 KURHFS 
  5539.115   25.0055     3.130    -5.744                                 KURHFS 
  5539.115   25.0055     3.130    -5.938                                 KURHFS 
  5539.148   25.0055     3.130    -4.641                                 KURHFS 
  5539.148   25.0055     3.130    -5.938                                 KURHFS 
  5539.163 106.00113     1.425    -3.726               3.464            AX13P175
  5539.181 607.01214     2.422    -3.027               7.724          1810Rc0125
  5539.206 607.01214     2.422    -2.215               7.724          1810Qa0135
  5539.220      60.1     0.744     -1.46                                        
  5539.262      90.0     1.215     -0.93                                        
  5539.272 106.00113     2.241    -3.274               3.464            AX46P185
  5539.278 607.01214     0.811    -3.594               7.724          0903Pc0155
  5539.280      26.0     3.642     -2.61                              NIST/E    
  5539.337 607.01314     0.746    -3.307               7.724          0903Pb0065
  5539.343 607.01214     1.703    -3.157               7.724          1407Ra0015
  5539.352      21.0     5.555     -3.70                                        
  5539.363 607.01214     2.395    -3.381               7.724          1810Pc0065
  5539.402      42.0     2.069     -2.02                              NIST/B+   
  5539.428 607.01214     1.310    -3.372               7.724          0600Ra0755
  5539.431 106.00113     2.242    -3.306               3.464            AX46P175
  5539.461 607.01214     1.727    -2.411               7.724          1407Qb0095
  5539.478      74.0     2.600     -1.65                                        
  5539.482 607.01214     1.727    -3.116               7.724          1407Pd0105
  5539.520 607.01214     1.715    -2.975               7.724          1407Pb0065
  5539.538 607.01214     0.854    -2.700               7.724          0903Pb0205
  5539.547      22.0     3.713     -3.05                                        
  5539.558 607.01314     0.754    -3.523               7.724          0903Pd0095
  5539.586 607.01314     0.801    -2.707               7.724          0903Rb0165
  5539.619 607.01314     0.801    -3.274               7.724          0903Qd0175
  5539.684      24.0     5.786     -3.48                                        
  5539.721 106.00113     2.402    -6.644               3.464            AX13P315
  5539.769 607.01214     1.823    -3.231               7.724          1407Rd0235
  5539.789      22.0     2.693     -1.88                                        
  5539.817      26.0     4.291     -2.53                                        
  5539.819      23.0     3.270     -2.96                                        
  5539.825       6.0     8.844     -3.00                                        
  5539.850 607.01314     0.854    -4.304               7.724          0903Rd0235
  5539.902 106.00113     1.662    -6.098               3.464            AX35P085
  5539.910       6.0     8.634     -3.31                                        
  5539.911      90.1     1.188     -1.67                                        
  5539.953 112.00126     0.383    -0.859               1.340           12Q207h26
  5539.994 607.01214     1.732    -2.533               7.724          1407Ra0115
  5540.044      38.0     2.257     -0.06                                        
  5540.066      22.0     3.110     -4.10                                        
  5540.075 106.00113     2.242    -5.345               3.464            AX46Q175
  5540.099 607.01314     2.951    -3.141               7.724          2112Rc0295
  5540.119 607.01314     0.684    -3.925               7.724          0802Pc0285
  5540.164 607.01314     2.951    -1.854               7.724          2112Qa0305
  5540.176 112.00124     0.554    -2.366               1.340           23P208b24
  5540.178 607.01314     0.734    -3.592               7.724          0903Ra0005
  5540.191 112.00125     0.384    -0.859               1.340           12Q207h25
  5540.198 607.01314     0.774    -2.765               7.724          0903Ra0135
  5540.400 106.00113     2.591    -5.443               3.464            AX35Q275
  5540.418 106.00113     2.591    -3.103               3.464            AX35P275
  5540.434 106.00113     2.591    -3.058               3.464            AX35P285
  5540.438 607.01214     1.703    -3.257               7.724          1407Ra0005
  5540.438 607.01214     2.441    -2.141               7.724          1810Qb0155
  5540.449 112.00124     0.384    -0.859               1.340           12Q207h24
  5540.451      23.0     3.224     -1.70                                        
  5540.452 106.00112     0.672    -6.250               3.464            AX02R025
  5540.464 607.01214     2.441    -3.066               7.724          1810Pd0165
  5540.478      26.1     5.253     -4.51                                        
  5540.496 106.00112     0.672    -6.240               3.464            AX02R025
  5540.504 112.00124     0.384    -3.532               1.340           12P107b24
  5540.537      58.0     1.029     -0.17                                        
  5540.581 112.00124     0.998    -2.970               1.340           23P228b24
  5540.641 106.00113     1.570    -6.414               3.464            AX02Q235
  5540.666      23.0     2.503     -9.04                                        
  5540.669      44.0     1.512     -2.13                                        
  5540.679 607.01314     0.758    -2.723               7.724          0903Qb0095
  5540.701      24.0     4.446     -1.44                                        
  5540.711      22.0     3.455     -2.56                                        
  5540.714 112.00126     0.383    -0.798               1.340           12Q107h26
  5540.727 106.00113     1.570    -3.903               3.464            AX02P245
  5540.755       6.0     8.636     -2.39                                        
  5540.815      22.0     3.212     -3.16                                        
  5540.835 112.00126     0.348    -1.584               1.340           12R201h26
  5540.836 607.01214     1.762    -2.421               7.724          1407Rb0155
  5540.845 106.00113     1.570    -3.927               3.464            AX02P235
  5540.868 607.01214     1.762    -2.834               7.724          1407Qd0165
  5540.937 106.00112     1.898    -5.910               3.464            AX46P075
  5540.950 112.00125     0.384    -0.798               1.340           12Q107h25
