a line list in the range:    5179.00   5191.00
  5179.004 112.00124     0.191    -1.432               1.340           11P204b24
  5179.008 607.01214     0.118    -4.902               7.724          0600Rc0215
  5179.014      40.0     0.519     -2.49                                        
  5179.030 112.00124     0.051     0.164               1.340           00Q108h24
  5179.048 607.01214     0.328    -5.131               7.724          0600Rd0375
  5179.050 112.00125     0.051     0.164               1.340           00Q108h25
  5179.052 607.01214     0.118    -3.729               7.724          0600Qa0225
  5179.057   23.0051     2.245    -2.249                                 KURHFS 
  5179.057   23.0051     2.245    -2.270                                 KURHFS 
  5179.057   23.0051     2.245    -2.395                                 KURHFS 
  5179.061   23.0051     2.245    -1.928                                 KURHFS 
  5179.061   23.0051     2.245    -2.249                                 KURHFS 
  5179.061   23.0051     2.245    -2.726                                 KURHFS 
  5179.068 112.00126     0.051     0.164               1.340           00Q108h26
  5179.094      57.0     1.046     -1.06                                        
  5179.119      28.0     3.895     -1.47                                        
  5179.119 607.01214     1.823    -3.298               7.724          1507Rc0225
  5179.136 607.01314     0.004    -5.081               7.724          0600Rd0045
  5179.158 607.01214     1.823    -2.142               7.724          1507Qa0235
  5179.223 607.01214     1.005    -3.387               7.724          1104Qc0065
  5179.236 607.01214     1.005    -3.430               7.724          1104Pa0075
  5179.244 607.01214     1.786    -3.045               7.724          1507Qc0185
  5179.260 607.01314     2.364    -2.701               7.724          1910Rb0105
  5179.277 607.01214     1.786    -2.591               7.724          1507Pa0195
  5179.278 607.01314     2.364    -2.892               7.724          1910Qd0115
  5179.303 112.00124     0.253    -1.867               1.340           11Q210b24
  5179.359 607.01314     0.054    -4.938               7.724          0600Rd0155
  5179.368 112.00126     0.252    -0.188               1.340           11P110h26
  5179.369 112.00125     0.252    -0.188               1.340           11P110h25
  5179.372 112.00124     0.253    -0.188               1.340           11P110h24
  5179.399      42.0     2.932     -2.14                                        
  5179.405 607.01214     1.880    -2.308               7.724          1507Ra0285
  5179.411 106.00113     2.436    -7.773               3.464            AX34P285
  5179.456 112.00124     1.038    -3.360               1.340           12R133b24
  5179.456 607.01214     1.022    -3.159               7.724          1104Pb0105
  5179.473 106.00112     2.281    -7.933               3.464            AX45P225
  5179.490 607.01214     1.893    -2.317               7.724          1507Rb0285
  5179.491      68.1     3.321      0.48                                        
  5179.505 112.00126     0.458     0.093               1.340           11P220h26
  5179.507 112.00125     0.458     0.093               1.340           11P220h25
  5179.510 112.00124     0.459     0.093               1.340           11P220h24
  5179.511 112.00124     0.769    -2.308               1.340           33P220b24
  5179.515 607.01214     1.762    -3.410               7.724          1507Pc0155
  5179.540 607.01214     1.893    -3.101               7.724          1507Qd0295
  5179.567 607.01214     0.999    -4.040               7.724          1104Pc0045
  5179.582 112.00124     0.001    -0.622               1.340           00R101h24
  5179.584 607.01214     1.070    -2.757               7.724          1104Ra0185
  5179.604 112.00125     0.001    -0.622               1.340           00R101h25
  5179.620 607.01214     2.448    -2.557               7.724          1910Pb0165
  5179.625 112.00126     0.001    -0.622               1.340           00R101h26
  5179.626 112.00124     0.420    -1.877               1.340           22P210b24
  5179.650      23.1     3.750     -3.11                                        
  5179.675 607.01214     1.217    -2.612               7.724          1003Rb0445
  5179.676      27.0     4.146     -0.42                                        
  5179.723 607.01314     1.669    -3.487               7.724          1507Rc0005
  5179.730 607.01314     1.669    -3.518               7.724          1507Qa0015
  5179.730 607.01314     1.670    -3.264               7.724          1507Qa0025
  5179.731 607.01314     1.670    -3.432               7.724          1507Rc0015
  5179.754      22.0     3.106     -2.73                                        
  5179.760 607.01214     1.217    -3.758               7.724          1003Qd0455
  5179.762 112.00126     0.267    -0.198               1.340           11P211h26
  5179.768 112.00125     0.267    -0.198               1.340           11P211h25
  5179.774 112.00124     0.267    -0.198               1.340           11P211h24
  5179.776      60.1     0.742     -1.35                                        
  5179.794      23.0     2.357     -2.00                                        
  5179.829      23.0     3.824     -3.22                                        
  5179.833 607.01314     1.726    -2.607               7.724          1507Rb0155
  5179.862 607.01314     1.726    -2.995               7.724          1507Qd0165
  5179.866 112.00124     0.459    -2.106               1.340           11Q220b24
  5179.905 607.01314     0.003    -5.140               7.724          0600Rd0035
  5179.917 607.01314     2.407    -3.228               7.724          1910Rd0185
  5179.920      64.1     1.371     -1.22                              DenHarto06
  5179.923 607.01314     1.671    -3.382               7.724          1507Rc0025
  5179.926 607.01314     1.671    -3.103               7.724          1507Qa0035
  5179.926 607.01314     1.697    -2.547               7.724          1507Qb0105
  5179.944 607.01314     1.697    -3.278               7.724          1507Pd0115
  5179.965      42.0     3.300     -1.55                                        
  5179.973 112.00124     0.040     0.051               1.340           00Q207h24
  5179.978      22.0     3.196     -2.64                                        
  5179.986 112.00126     0.458     0.118               1.340           11P120h26
  5179.988 112.00125     0.040     0.051               1.340           00Q207h25
  5179.991 112.00125     0.458     0.118               1.340           11P120h25
  5179.992 112.00124     0.459     0.118               1.340           11P120h24
  5180.001 112.00126     0.040     0.051               1.340           00Q207h26
  5180.007 607.01314     1.684    -3.085               7.724          1507Pb0075
  5180.025 112.00124     0.040    -2.710               1.340           00P107b24
  5180.029 607.01314     2.348    -2.691               7.724          1910Qb0065
  5180.037 106.00113     1.596    -3.825               3.464            BX11P285
  5180.039 607.01314     2.348    -3.239               7.724          1910Pd0075
  5180.054      24.0     3.885     -4.29                                        
  5180.056      26.0     4.470     -1.26                                        
  5180.088 607.01314     1.702    -2.682               7.724          1507Ra0125
  5180.112 607.01214     0.089    -4.169               7.724          0600Pb0185
  5180.116 106.00113     1.596     0.235               3.464            BX11Q275
  5180.170      26.0     4.987     -1.23                                        
  5180.171 607.01214     2.464    -3.152               7.724          1910Rc0185
  5180.197 607.01314     0.061    -4.941               7.724          0600Rd0165
  5180.198 607.01214     2.464    -2.133               7.724          1910Qa0195
  5180.207      42.0     3.263     -1.27                                        
  5180.228 106.00113     2.336    -3.639               3.464            AX56P205
  5180.247 106.00113     1.867    -6.248               3.464            AX35R155
  5180.276 607.01314     1.785    -3.380               7.724          1507Rd0235
  5180.283 112.00124     0.267    -1.910               1.340           11Q211b24
  5180.299      41.0     0.086     -1.28                                        
  5180.301 607.01314     1.673    -3.341               7.724          1507Rc0035
  5180.304      25.0     4.191     -1.80                                        
  5180.307 607.01314     1.673    -2.981               7.724          1507Qa0045
  5180.316 607.01214     1.047    -2.636               7.724          1104Qb0145
  5180.345 607.01214     1.047    -3.557               7.724          1104Pd0155
  5180.351 112.00126     0.267    -0.147               1.340           11P111h26
  5180.354 112.00125     0.267    -0.147               1.340           11P111h25
  5180.358 112.00124     0.268    -0.147               1.340           11P111h24
  5180.359 607.01314     2.308    -3.395               7.724          1809Pc0295
  5180.367 112.00126     0.432     0.056               1.340           11P219h26
  5180.371 112.00125     0.432     0.056               1.340           11P219h25
  5180.373 112.00124     0.433     0.056               1.340           11P219h24
  5180.412 106.00113     2.337    -3.767               3.464            AX56P195
  5180.417      26.0     4.368     -2.21                                        
  5180.429 106.00112     1.872    -6.248               3.464            AX35R155
  5180.471      22.0     3.548     -2.18                                        
  5180.473 607.01314     2.343    -3.256               7.724          1910Pb0045
  5180.490      22.0     2.238     -6.29                                        
  5180.502      24.0     4.200     -3.46                                        
  5180.507 607.01214     1.028    -3.511               7.724          1104Rc0115
  5180.527 112.00124     0.040    -2.703               1.340           00R207b24
  5180.529      26.1     2.842     -5.43                                        
  5180.530 607.01214     1.028    -2.716               7.724          1104Qa0125
  5180.561 607.01214     0.049    -5.026               7.724          0600Pc0135
  5180.568 112.00126     0.283    -0.155               1.340           11P212h26
  5180.575 112.00125     0.283    -0.155               1.340           11P212h25
  5180.579 112.00124     0.040     0.112               1.340           00Q107h24
  5180.583 112.00124     0.284    -0.155               1.340           11P212h24
  5180.597      22.0     1.967     -6.78                                        
  5180.597 112.00125     0.040     0.112               1.340           00Q107h25
  5180.613 112.00126     0.040     0.112               1.340           00Q107h26
  5180.668   23.0051     2.246    -2.550                                 KURHFS 
  5180.668   23.0051     2.246    -2.726                                 KURHFS 
  5180.684   23.0051     2.246    -2.425                                 KURHFS 
  5180.684   23.0051     2.246    -2.550                                 KURHFS 
  5180.706   23.0051     2.246    -2.425                                 KURHFS 
  5180.706   23.0051     2.246    -2.539                                 KURHFS 
  5180.706   23.0051     2.246    -2.744                                 KURHFS 
  5180.721 607.01214     1.084    -2.992               7.724          0902Pb0495
  5180.732   23.0051     2.246    -2.128                                 KURHFS 
  5180.732   23.0051     2.246    -2.539                                 KURHFS 
  5180.739 112.00124     0.433    -2.168               1.340           11Q219b24
  5180.755   23.0051     2.136    -5.865                                 KURHFS 
  5180.755   23.0051     2.136    -6.317                                 KURHFS 
  5180.755   23.0051     2.136    -7.317                                 KURHFS 
  5180.761      27.0     4.146     -2.77                                        
  5180.767   23.0051     2.136    -5.747                                 KURHFS 
  5180.767   23.0051     2.136    -6.106                                 KURHFS 
  5180.767   23.0051     2.136    -7.110                                 KURHFS 
  5180.768      26.0     5.008     -3.76                                        
  5180.784   23.0051     2.136    -5.629                                 KURHFS 
  5180.784   23.0051     2.136    -6.010                                 KURHFS 
  5180.784   23.0051     2.136    -7.082                                 KURHFS 
  5180.801 607.01314     0.001    -5.223               7.724          0600Rd0025
  5180.805   23.0051     2.136    -5.517                                 KURHFS 
  5180.805   23.0051     2.136    -5.974                                 KURHFS 
  5180.805   23.0051     2.136    -7.162                                 KURHFS 
  5180.830   23.0051     2.136    -5.413                                 KURHFS 
  5180.830   23.0051     2.136    -5.990                                 KURHFS 
  5180.830   23.0051     2.136    -7.354                                 KURHFS 
  5180.843 607.01314     2.369    -2.657               7.724          1910Rb0115
  5180.853 112.00126     0.432     0.083               1.340           11P119h26
  5180.859   23.0051     2.136    -5.317                                 KURHFS 
  5180.859   23.0051     2.136    -6.072                                 KURHFS 
  5180.859   23.0051     2.136    -7.743                                 KURHFS 
  5180.859 112.00125     0.432     0.083               1.340           11P119h25
  5180.860 112.00124     0.433     0.083               1.340           11P119h24
  5180.860 607.01314     2.369    -2.886               7.724          1910Qd0125
  5180.862 607.01314     1.675    -3.308               7.724          1507Rc0045
  5180.870 607.01314     1.675    -2.882               7.724          1507Qa0055
  5180.882      22.0     3.109     -3.90                                        
  5180.884      58.0     0.000     -0.69                                        
  5180.884 112.00124     0.794    -2.338               1.340           33P221b24
  5180.892   23.0051     2.136    -5.227                                 KURHFS 
  5180.892   23.0051     2.136    -6.290                                 KURHFS 
  5180.910 112.00124     0.703     0.355               1.340           00P232b24
  5180.914      27.0     4.172     -3.56                                        
  5180.927      73.0     2.708     -0.74                                        
  5180.929   23.0051     2.136    -5.143                                 KURHFS 
  5180.933      23.0     3.313     -1.21                                        
  5180.934 607.01214     0.217    -3.859               7.724          0600Rb0295
  5180.942 106.00113     2.337    -5.428               3.464            AX56Q195
  5180.994 607.01214     0.217    -4.731               7.724          0600Qd0305
  5181.021 112.00126     0.407     0.033               1.340           11P218h26
  5181.027 112.00125     0.407     0.033               1.340           11P218h25
  5181.030 112.00124     0.408     0.033               1.340           11P218h24
  5181.051      24.1     6.817     -1.98                                        
  5181.060 112.00124     0.284    -1.950               1.340           11Q212b24
  5181.083 607.01214     2.422    -3.308               7.724          1910Pc0125
  5181.104 607.01214     1.009    -3.359               7.724          1104Qc0075
  5181.119 607.01214     0.203    -3.851               7.724          0600Ra0295
  5181.120 607.01214     1.009    -3.347               7.724          1104Pa0085
  5181.132 112.00126     0.283    -0.109               1.340           11P112h26
  5181.137 112.00125     0.283    -0.109               1.340           11P112h25
  5181.142 112.00124     0.284    -0.109               1.340           11P112h24
  5181.160      28.0     4.263     -1.68                                        
  5181.166 112.00126     0.301    -0.117               1.340           11P213h26
  5181.169      60.1     0.859     -0.60                                        
  5181.171 607.01214     1.121    -2.403               7.724          1003Qb0395
  5181.173 112.00125     0.301    -0.117               1.340           11P213h25
  5181.174 607.01314     0.069    -4.945               7.724          0600Rd0175
  5181.181 112.00124     0.301    -0.117               1.340           11P213h24
  5181.195      42.0     3.273     -1.75                                        
  5181.232 112.00124     0.703    -2.384               1.340           00Q232b24
  5181.246 607.01214     1.121    -4.015               7.724          1003Pd0405
  5181.259      22.0     3.317     -3.60                                        
  5181.261 607.01214     0.974    -4.035               7.724          1003Pc0305
  5181.263      24.1     5.867     -2.56                                        
  5181.268 112.00124     0.030    -0.019               1.340           00Q206h24
  5181.280 112.00125     0.030    -0.019               1.340           00Q206h25
  5181.291 112.00126     0.030    -0.019               1.340           00Q206h26
  5181.309 607.01214     2.521    -2.289               7.724          1910Rb0245
  5181.314 106.00112     1.961   -10.244               3.464            CX05P165
  5181.314 112.00124     0.030    -2.658               1.340           00P106b24
  5181.345 607.01214     2.521    -2.950               7.724          1910Qd0255
  5181.366 607.01314     1.707    -2.647               7.724          1507Ra0135
  5181.400 607.01214     0.140    -3.706               7.724          0600Qb0235
  5181.406 112.00124     0.408    -2.141               1.340           11Q218b24
  5181.414 112.00124     0.703     0.370               1.340           00P132h24
  5181.448 607.01214     0.140    -4.954               7.724          0600Pd0245
  5181.454      24.1     6.892     -2.64                                        
  5181.460      24.0     4.436     -1.29                                        
  5181.468 112.00126     0.383     0.007               1.340           11P217h26
  5181.473      22.0     1.995     -5.47                                        
  5181.474 112.00125     0.383     0.007               1.340           11P217h25
  5181.477 112.00125     0.702     0.370               1.340           00P132h25
  5181.479 112.00124     0.384     0.007               1.340           11P217h24
  5181.505      23.1     2.219     -4.46                                        
  5181.514 112.00126     0.407     0.061               1.340           11P118h26
  5181.520 112.00125     0.407     0.061               1.340           11P118h25
  5181.522 112.00124     0.408     0.061               1.340           11P118h24
  5181.525 112.00126     0.702     0.370               1.340           00P132h26
  5181.546 607.01314     1.670    -3.608               7.724          1507Qc0015
  5181.546 607.01314     1.670    -4.099               7.724          1507Pa0025
  5181.555 112.00126     0.319    -0.081               1.340           11P214h26
  5181.562 112.00125     0.320    -0.081               1.340           11P214h25
  5181.567 607.01214     1.097    -2.724               7.724          1104Rb0205
  5181.570 112.00124     0.320    -0.081               1.340           11P214h24
  5181.589 106.00112     1.139    -3.339               3.464            BX13P095
  5181.607 607.01214     1.097    -3.319               7.724          1104Qd0215
  5181.607 607.01314     1.678    -3.283               7.724          1507Rc0055
  5181.617 607.01314     1.678    -2.798               7.724          1507Qa0065
  5181.634 112.00124     0.301    -1.988               1.340           11Q213b24
  5181.644 106.00112     1.139    -7.414               3.464            BX13Q095
  5181.671 607.01314     2.352    -2.620               7.724          1910Qb0075
  5181.684 607.01314     2.352    -3.211               7.724          1910Pd0085
  5181.689 607.01314     0.854    -3.939               7.724          1003Pc0225
  5181.706 112.00126     0.361    -0.020               1.340           11P216h26
  5181.710 112.00126     0.301    -0.074               1.340           11P113h26
  5181.712 112.00125     0.361    -0.020               1.340           11P216h25
  5181.716 112.00125     0.301    -0.074               1.340           11P113h25
  5181.718 112.00124     0.361    -0.020               1.340           11P216h24
  5181.721 112.00124     0.301    -0.074               1.340           11P113h24
  5181.734 112.00126     0.339    -0.049               1.340           11P215h26
  5181.742 112.00125     0.340    -0.049               1.340           11P215h25
  5181.746      75.0     2.745     -2.17                                        
  5181.747      58.0     0.398     -0.81                                        
  5181.749 112.00124     0.340    -0.049               1.340           11P215h24
  5181.752 106.00113     1.908   -10.345               3.464            CX05P155
  5181.772 607.01314     2.928    -3.200               7.724          2212Rc0275
  5181.815 607.01214     1.078    -2.733               7.724          1104Ra0195
  5181.823 607.01314     0.000    -5.350               7.724          0600Rd0015
  5181.825 607.01314     2.928    -1.954               7.724          2212Qa0285
  5181.867 112.00124     0.384    -2.114               1.340           11Q217b24
  5181.870      72.0     0.000     -1.89                                        
  5181.873 607.01214     1.002    -3.935               7.724          1104Pc0055
  5181.902 112.00124     0.030    -2.647               1.340           00R206b24
  5181.924 607.01214     1.035    -3.710               7.724          1003Qc0345
  5181.927      58.0     0.294     -0.62                                        
  5181.935 106.00112     1.139    -3.281               3.464            BX13P105
  5181.948 112.00124     0.030     0.052               1.340           00Q106h24
  5181.952 106.00113     1.868    -6.203               3.464            AX35R155
  5181.960      24.0     3.553     -3.38                                        
  5181.964 112.00125     0.030     0.052               1.340           00Q106h25
  5181.967 112.00126     0.383     0.038               1.340           11P117h26
  5181.973 112.00125     0.383     0.038               1.340           11P117h25
  5181.976 607.01314     2.414    -3.232               7.724          1910Rd0195
  5181.977      26.1     3.195     -5.73                                        
  5181.977 112.00124     0.384     0.038               1.340           11P117h24
  5181.978 112.00126     0.030     0.052               1.340           00Q106h26
  5181.980      26.0     5.029     -2.17                                        
  5181.981      30.0     5.791     -1.61                                        
  5181.991 607.01214     1.035    -2.797               7.724          1003Pa0355
  5181.992 112.00124     0.821    -2.366               1.340           33P222b24
  5182.001      23.1     6.334     -4.28                                        
  5182.002 112.00124     0.320    -2.022               1.340           11Q214b24
  5182.034      67.0     1.038     -0.38                                        
  5182.046 607.01314     1.733    -2.576               7.724          1507Rb0165
  5182.075 607.01314     1.733    -2.998               7.724          1507Qd0175
  5182.084 112.00126     0.319    -0.043               1.340           11P114h26
  5182.089 607.01214     2.510    -2.277               7.724          1910Ra0245
  5182.090 112.00125     0.320    -0.043               1.340           11P114h25
  5182.096 112.00124     0.320    -0.043               1.340           11P114h24
  5182.101 607.01314     1.702    -2.500               7.724          1507Qb0115
  5182.119 112.00124     0.361    -2.085               1.340           11Q216b24
  5182.122 607.01314     1.702    -3.270               7.724          1507Pd0125
  5182.147 607.01214     1.334    -2.817               7.724          0902Rb0595
  5182.164 112.00124     0.340    -2.055               1.340           11Q215b24
  5182.166 607.01214     1.804    -2.547               7.724          1507Pb0205
  5182.213 112.00126     0.361     0.013               1.340           11P116h26
  5182.218 106.00112     1.873    -6.203               3.464            AX35R155
  5182.219 112.00125     0.361     0.013               1.340           11P116h25
  5182.220      26.0     4.984     -2.63                                        
  5182.224 112.00124     0.361     0.013               1.340           11P116h24
  5182.251 112.00126     0.339    -0.014               1.340           11P115h26
  5182.258 112.00125     0.340    -0.014               1.340           11P115h25
  5182.261 607.01214     1.334    -4.197               7.724          0902Qd0605
  5182.264 112.00124     0.340    -0.014               1.340           11P115h24
  5182.293 607.01314     0.077    -4.950               7.724          0600Rd0185
  5182.304 607.01214     2.441    -2.914               7.724          1910Qc0155
  5182.324 607.01214     2.481    -2.106               7.724          1910Qb0205
  5182.327 607.01214     2.441    -2.581               7.724          1910Pa0165
  5182.329 607.01214     0.080    -4.649               7.724          0600Qc0175
  5182.351 607.01214     2.481    -3.195               7.724          1910Pd0215
  5182.357 112.00124     0.021    -0.105               1.340           00Q205h24
  5182.365 607.01214     0.080    -4.189               7.724          0600Pa0185
  5182.367 112.00125     0.021    -0.105               1.340           00Q205h25
  5182.375 112.00126     0.021    -0.105               1.340           00Q205h26
  5182.396 112.00124     0.021    -2.602               1.340           00P105b24
  5182.443 607.01214     1.028    -3.109               7.724          1104Pb0115
  5182.465 607.01314     1.671    -3.399               7.724          1507Qc0025
  5182.465 607.01314     1.671    -3.750               7.724          1507Pa0035
  5182.480 607.01214     0.129    -4.910               7.724          0600Rc0225
  5182.487 607.01214     1.034    -3.512               7.724          1104Rc0125
  5182.487 607.01314     1.688    -3.017               7.724          1507Pb0085
  5182.500      24.0     3.886     -4.38                                        
  5182.512 607.01214     1.034    -2.675               7.724          1104Qa0135
  5182.518 607.01314     2.345    -3.150               7.724          1910Pb0055
  5182.525 607.01214     0.129    -3.707               7.724          0600Qa0235
  5182.527      90.1     2.331     -0.78                                        
  5182.534 607.01314     1.681    -3.264               7.724          1507Rc0065
  5182.546 607.01314     1.681    -2.725               7.724          1507Qa0075
  5182.576      25.1     6.568     -9.12                                        
  5182.590      60.1     0.744     -0.91                              DenHarto03
  5182.590 607.01314     2.374    -2.615               7.724          1910Rb0125
  5182.611 607.01314     2.374    -2.883               7.724          1910Qd0135
  5182.654      26.0     3.298     -4.32                                        
  5182.678      69.0     2.701     -0.13                                        
  5182.693 607.01314     2.867    -3.272               7.724          2212Pc0215
  5182.741      28.0     4.086     -1.38                                        
  5182.778   23.0051     2.241    -2.045                                 KURHFS 
  5182.778   23.0051     2.241    -2.522                                 KURHFS 
  5182.797 106.00113     1.707    -3.839               3.464            AX13R225
  5182.811   23.0051     2.241    -2.045                                 KURHFS 
  5182.811   23.0051     2.241    -2.191                                 KURHFS 
  5182.816 106.00113     1.570    -4.219               3.464            AX02R245
  5182.821 607.01314     1.713    -2.615               7.724          1507Ra0145
  5182.833 112.00124     0.848    -2.394               1.340           33P223b24
  5182.848      21.0     5.401     -3.13                                        
  5182.867      26.0     4.984     -3.83                                        
  5182.878 607.01314     1.795    -3.387               7.724          1507Rd0245
  5182.883 106.00113     1.707    -3.851               3.464            AX13R215
  5182.884 607.01214     1.845    -2.120               7.724          1507Qb0245
  5182.896 106.00113     2.331    -3.240               3.464            AX13Q315
  5182.928 607.01214     1.845    -3.347               7.724          1507Pd0255
  5182.936 106.00113     1.570    -4.232               3.464            AX02R235
  5182.944   27.0059     4.061    -2.516                                 KURHFS 
  5182.944   27.0059     4.061    -2.771                                 KURHFS 
  5182.953      26.0     3.881     -3.81                                        
  5182.962 106.00113     1.707    -5.958               3.464            AX13Q225
  5182.963   27.0059     4.061    -2.317                                 KURHFS 
  5182.963   27.0059     4.061    -2.516                                 KURHFS 
  5182.963   27.0059     4.061    -4.424                                 KURHFS 
  5182.970 607.01314     0.000    -5.578               7.724          0600Rd0005
  5182.991   27.0059     4.061    -2.253                                 KURHFS 
  5182.991   27.0059     4.061    -2.317                                 KURHFS 
  5182.991   27.0059     4.061    -3.181                                 KURHFS 
  5183.012 106.00113     1.570    -6.389               3.464            AX02Q245
  5183.018 106.00113     2.338    -3.640               3.464            AX56P205
  5183.028   27.0059     4.061    -2.253                                 KURHFS 
  5183.028   27.0059     4.061    -2.284                                 KURHFS 
  5183.028   27.0059     4.061    -2.464                                 KURHFS 
  5183.035 607.01314     2.939    -1.953               7.724          2212Qb0285
  5183.075   27.0059     4.061    -2.058                                 KURHFS 
  5183.075   27.0059     4.061    -2.284                                 KURHFS 
  5183.075   27.0059     4.061    -2.465                                 KURHFS 
  5183.090 607.01314     2.940    -3.231               7.724          2212Pd0295
  5183.092 607.01214     1.054    -2.601               7.724          1104Qb0155
  5183.097      24.0     4.437     -1.96                                        
  5183.100 112.00124     0.021    -2.585               1.340           00R205b24
  5183.108 106.00113     2.331    -5.877               3.464            AX13P315
  5183.108 106.00113     2.331    -6.213               3.464            AX13R305
  5183.111 607.01314     0.899    -3.608               7.724          1003Qc0265
  5183.122 607.01214     1.054    -3.560               7.724          1104Pd0165
  5183.131   27.0059     4.061    -1.766                                 KURHFS 
  5183.131   27.0059     4.061    -2.465                                 KURHFS 
  5183.139 112.00124     0.021    -0.017               1.340           00Q105h24
  5183.153 112.00125     0.021    -0.017               1.340           00Q105h25
  5183.161 607.01314     0.899    -2.910               7.724          1003Pa0275
  5183.166 112.00126     0.021    -0.017               1.340           00Q105h26
  5183.169 607.01214     1.013    -3.338               7.724          1104Qc0085
  5183.179      22.0     2.736     -1.04                                        
  5183.186 607.01214     1.013    -3.274               7.724          1104Pa0095
  5183.198      58.0     0.690     -0.34                                        
  5183.203      58.0     0.302     -0.72                                        
  5183.224      21.0     5.055     -1.64                                        
  5183.224      21.0     5.055     -3.40                                        
  5183.226 112.00124     0.014    -0.213               1.340           00Q204h24
  5183.234 112.00125     0.014    -0.213               1.340           00Q204h25
  5183.240 112.00126     0.014    -0.213               1.340           00Q204h26
  5183.244 607.01214     1.834    -3.305               7.724          1507Rc0235
  5183.258 112.00124     0.014    -2.545               1.340           00P104b24
  5183.286 607.01214     1.834    -2.121               7.724          1507Qa0245
  5183.291   57.1139     0.403    -2.172                              Lawle01HFS
  5183.293   57.1139     0.403    -2.649                              Lawle01HFS
  5183.295 607.01214     0.345    -5.138               7.724          0600Rd0385
  5183.297 112.00124     0.000    -0.871               1.340           00R100h24
  5183.303   57.1139     0.403    -1.950                              Lawle01HFS
  5183.305   57.1139     0.403   -20.600                              Lawle01HFS
  5183.307   57.1139     0.403    -2.172                              Lawle01HFS
  5183.314 112.00125     0.000    -0.871               1.340           00R100h25
  5183.319 106.00113     2.331    -3.267               3.464            AX13Q305
  5183.324   57.1139     0.403    -1.851                              Lawle01HFS
  5183.325 106.00113     2.338    -3.767               3.464            AX56P195
  5183.327   57.1139     0.403    -2.795                              Lawle01HFS
  5183.329   57.1139     0.403    -1.950                              Lawle01HFS
  5183.331 112.00126     0.000    -0.871               1.340           00R100h26
  5183.353   57.1139     0.403    -1.825                              Lawle01HFS
  5183.357   57.1139     0.403    -2.165                              Lawle01HFS
  5183.360   57.1139     0.403    -1.851                              Lawle01HFS
  5183.373 607.01214     1.204    -2.603               7.724          0902Qb0545
  5183.391   57.1139     0.403    -1.878                              Lawle01HFS
  5183.396   57.1139     0.403    -1.779                              Lawle01HFS
  5183.399      24.0     1.003     -4.18                                        
  5183.400   57.1139     0.403    -1.825                              Lawle01HFS
  5183.413 607.01214     1.084    -4.174               7.724          0902Qc0495
  5183.415 607.01214     1.795    -3.051               7.724          1507Qc0195
  5183.428 112.00124     0.876    -2.421               1.340           33P224b24
  5183.436      24.1     6.277     -4.01                                        
  5183.438   57.1139     0.403    -2.073                              Lawle01HFS
  5183.441 607.01314     2.343    -2.918               7.724          1910Ra0055
  5183.443   57.1139     0.403    -1.493                              Lawle01HFS
  5183.448   57.1139     0.403    -1.878                              Lawle01HFS
  5183.450 607.01214     1.795    -2.563               7.724          1507Pa0205
  5183.465      26.0     3.109     -4.68                                        
  5183.466      27.0     4.110     -1.19                                        
  5183.478 607.01214     1.204    -4.474               7.724          0902Pd0555
  5183.479 607.01314     2.355    -2.556               7.724          1910Qb0085
  5183.492 607.01314     2.355    -3.190               7.724          1910Pd0095
  5183.500   57.1139     0.403    -1.265                              Lawle01HFS
  5183.504 607.01314     2.341    -2.986               7.724          1910Ra0045
  5183.506   57.1139     0.403    -2.073                              Lawle01HFS
  5183.508 607.01214     1.084    -2.984               7.724          0902Pa0505
  5183.509 112.00124     0.434    -1.922               1.340           22P211b24
  5183.528      68.1     2.542     -1.15                              Lawler08  
  5183.544      26.0     5.060     -2.40                                        
  5183.554 607.01314     0.085    -4.955               7.724          0600Rd0195
  5183.570 607.01314     1.673    -3.283               7.724          1507Qc0035
  5183.570 607.01314     1.673    -3.540               7.724          1507Pa0045
  5183.570 607.01314     2.345    -2.857               7.724          1910Ra0065
  5183.588 106.00113     1.286    -2.797               3.464            BX13Q135
  5183.598      23.1     6.896     -3.57                                        
  5183.604      12.0     2.717     -0.17                              Pehlivan17
  5183.644 607.01314     1.684    -3.249               7.724          1507Rc0075
  5183.658 607.01314     1.684    -2.661               7.724          1507Qa0085
  5183.675 106.00113     1.286    -6.132               3.464            BX13R135
  5183.677 106.00113     1.286    -6.229               3.464            BX13P145
  5183.681 607.01314     0.911    -2.901               7.724          1003Pb0275
  5183.685 106.00112     1.576    -4.219               3.464            AX02R245
  5183.686 607.01214     1.893    -2.291               7.724          1507Ra0295
  5183.695      26.0     3.299     -4.44                                        
  5183.706 112.00124     0.935    -2.474               1.340           33P226b24
  5183.708      40.0     0.632     -1.62                                        
  5183.710 607.01314     0.003    -4.983               7.724          0600Rb0025
  5183.711      22.1     1.890     -2.76                                 LAWLER 
  5183.716 607.01314     0.003    -4.816               7.724          0600Qd0035
  5183.742 607.01314     2.896    -2.936               7.724          2212Qc0245
  5183.762 607.01314     0.001    -5.157               7.724          0600Rb0015
  5183.763 607.01314     2.339    -3.061               7.724          1910Ra0035
  5183.764 106.00113     1.286    -2.743               3.464            BX13Q145
  5183.766 607.01314     0.001    -4.905               7.724          0600Qd0025
  5183.770      26.0     5.828     -1.40                              PK15THEOR 
  5183.779 112.00124     0.905    -2.120               1.340           33P225b24
  5183.784 607.01314     0.004    -4.853               7.724          0600Rb0035
  5183.790 607.01314     2.896    -2.350               7.724          2212Pa0255
  5183.792 607.01314     0.004    -4.752               7.724          0600Qd0045
  5183.796 106.00112     1.576    -4.231               3.464            AX02R235
  5183.803      24.0     5.273     -3.52                                        
  5183.806 607.01214     2.472    -3.158               7.724          1910Rc0195
  5183.810      22.0     1.066     -2.85                                        
  5183.835 607.01214     2.456    -2.525               7.724          1910Pb0175
  5183.835 607.01214     2.472    -2.108               7.724          1910Qa0205
  5183.850      59.1     0.633     -1.06                                LINOHFS 
  5183.851 112.00124     0.009    -0.364               1.340           00Q203h24
  5183.856 106.00113     2.338    -5.462               3.464            AX56Q195
  5183.857 112.00125     0.009    -0.364               1.340           00Q203h25
  5183.861 112.00126     0.008    -0.364               1.340           00Q203h26
  5183.876 112.00124     0.009    -2.500               1.340           00P103b24
  5183.886 607.01314     2.348    -2.802               7.724          1910Ra0075
  5183.893 607.01214     1.770    -3.409               7.724          1507Pc0165
  5183.900 106.00112     1.576    -6.389               3.464            AX02Q245
  5183.907      57.0     0.130     -1.38                                        
  5183.928 106.00112     2.346    -5.427               3.464            AX56Q195
  5183.939 607.01314     0.000    -5.433               7.724          0600Rb0005
  5183.942 607.01314     0.000    -5.035               7.724          0600Qd0015
  5183.963      74.0     2.351     -1.26                                        
  5183.985 607.01314     0.007    -4.748               7.724          0600Rb0045
  5183.990      90.1     1.547     -1.55                                        
  5183.995 607.01314     0.007    -4.704               7.724          0600Qd0055
  5184.014 106.00112     2.346    -3.639               3.464            AX56P205
  5184.034 106.00112     2.346    -3.766               3.464            AX56P195
  5184.054 607.01214     1.906    -2.300               7.724          1507Rb0295
  5184.106 607.01214     1.906    -3.108               7.724          1507Qd0305
  5184.125 112.00124     0.014    -2.514               1.340           00R204b24
  5184.144 607.01314     1.650    -3.595               7.724          1406Pc0305
  5184.146      26.0     5.029     -1.53                                        
  5184.157 112.00124     0.014    -0.101               1.340           00Q104h24
  5184.162      70.1     4.169     -0.77                                        
  5184.170 112.00125     0.014    -0.101               1.340           00Q104h25
  5184.173 112.00124     0.004    -0.617               1.340           00Q202h24
  5184.177      26.0     4.309     -1.95                                        
  5184.177 112.00125     0.004    -0.617               1.340           00Q202h25
  5184.178 607.01214     0.098    -4.142               7.724          0600Pb0195
  5184.179 112.00126     0.004    -0.617               1.340           00Q202h26
  5184.182 112.00126     0.014    -0.101               1.340           00Q104h26
  5184.190      45.0     0.966     -2.28                              DL85/NI/D 
  5184.191 112.00124     0.004    -2.529               1.340           00P102b24
  5184.211 112.00124     0.198    -1.515               1.340           11P205b24
  5184.211 607.01314     2.422    -3.236               7.724          1910Rd0205
  5184.214 607.01314     2.338    -3.146               7.724          1910Ra0025
  5184.221 607.01214     1.087    -2.709               7.724          1104Ra0205
  5184.240 607.01214     1.121    -3.964               7.724          1003Rc0395
  5184.243 607.01314     0.000    -5.201               7.724          0600Qd0005
  5184.254      26.0     4.987     -1.15                                        
  5184.266      26.0     4.283     -0.97                              NIST/D    
  5184.280 607.01314     1.671    -4.235               7.724          1507Pc0025
  5184.296      25.0     4.191     -2.62                                        
  5184.314 607.01314     0.009    -4.659               7.724          0600Rb0055
  5184.315 607.01214     1.121    -2.392               7.724          1003Qa0405
  5184.319 112.00124     0.663     0.343               1.340           00P231b24
  5184.326 607.01314     0.009    -4.669               7.724          0600Qd0065
  5184.365 607.01214     1.005    -3.863               7.724          1104Pc0065
  5184.396 607.01314     2.352    -2.751               7.724          1910Ra0085
  5184.400      26.0     5.066     -2.94                                        
  5184.419 607.01314     1.741    -2.547               7.724          1507Rb0175
  5184.431 607.01214     0.056    -5.023               7.724          0600Pc0145
  5184.431 607.01314     2.906    -2.338               7.724          2212Pb0255
  5184.433 607.01314     1.707    -2.457               7.724          1507Qb0125
  5184.450 607.01314     1.741    -3.001               7.724          1507Qd0185
  5184.455 607.01314     1.719    -2.584               7.724          1507Ra0155
  5184.457 607.01314     1.707    -3.266               7.724          1507Pd0135
  5184.466 607.01214     1.334    -2.806               7.724          0902Ra0605
  5184.479 607.01214     1.107    -2.701               7.724          1104Rb0215
  5184.486      22.0     3.282     -2.98                                        
  5184.512 607.01314     2.380    -2.577               7.724          1910Rb0135
  5184.521 607.01214     1.107    -3.325               7.724          1104Qd0225
  5184.526      26.0     4.984     -1.44                                        
  5184.531 607.01314     2.380    -2.881               7.724          1910Qd0145
  5184.546      14.0     7.481     -4.05                                        
  5184.556      24.0     3.407     -0.39                                 SOBECK 
  5184.557      28.0     3.703     -0.83                                        
  5184.571      92.1     0.670     -1.12                              Nils02/9% 
  5184.595 106.00113     2.333    -7.280               3.464            AX45P235
  5184.643      41.0     0.019     -1.69                                        
  5184.645 607.01214     1.040    -3.515               7.724          1104Rc0135
  5184.646 112.00124     0.663    -2.367               1.340           00Q231b24
  5184.671 607.01214     1.040    -2.638               7.724          1104Qa0145
  5184.720      24.0     3.432     -2.51                                        
  5184.723 607.01314     2.348    -3.061               7.724          1910Pb0065
  5184.772 607.01314     0.013    -4.583               7.724          0600Rb0065
  5184.781 106.00112     2.371    -3.581               3.464            AX02Q345
  5184.786 607.01314     0.013    -4.642               7.724          0600Qd0075
  5184.824 106.00113     1.970    -3.573               3.464            AX24R225
  5184.826 112.00124     0.663     0.359               1.340           00P131h24
  5184.862 607.01314     1.675    -3.205               7.724          1507Qc0045
  5184.862 607.01314     1.675    -3.390               7.724          1507Pa0055
  5184.862 607.01314     2.337    -3.240               7.724          1910Ra0015
  5184.864      26.0     4.952     -1.10                                        
  5184.872 607.01214     0.217    -3.835               7.724          0600Ra0305
  5184.875 112.00125     0.662     0.359               1.340           00P131h25
  5184.906 106.00112     2.371    -6.685               3.464            AX02R335
  5184.914 112.00126     0.662     0.359               1.340           00P131h26
  5184.935 607.01314     1.688    -3.238               7.724          1507Rc0085
  5184.945 106.00113     1.970    -3.593               3.464            AX24R215
  5184.946 607.01214     0.232    -3.843               7.724          0600Rb0305
  5184.950 607.01314     1.688    -2.603               7.724          1507Qa0095
  5184.959 607.01314     0.094    -4.961               7.724          0600Rd0205
  5184.988 112.00124     0.009    -2.436               1.340           00R203b24
  5184.992 607.01214     2.428    -3.298               7.724          1910Pc0135
  5185.007 607.01214     0.232    -4.739               7.724          0600Qd0315
  5185.013 112.00124     0.009    -0.207               1.340           00Q103h24
  5185.021      24.0     3.548     -2.54                                        
  5185.025      45.0     1.576     -2.44                                        
  5185.025 607.01214     1.051    -2.791               7.724          1003Pb0355
  5185.026 112.00125     0.009    -0.207               1.340           00Q103h25
  5185.031 106.00113     1.970    -5.717               3.464            AX24Q225
  5185.037 112.00126     0.009    -0.207               1.340           00Q103h26
  5185.058      56.1     5.247     -1.55                                        
  5185.076 106.00112     2.371    -6.251               3.464            AX02P345
  5185.076 106.00113     2.438    -7.847               3.464            AX34P285
  5185.076 607.01214     0.996    -4.508               7.724          0902Pc0455
  5185.095 607.01314     2.355    -2.704               7.724          1910Ra0095
  5185.108      26.0     4.909     -3.66                                        
  5185.117 607.01314     1.692    -2.956               7.724          1507Pb0095
  5185.177 106.00113     2.361    -6.646               3.464            AX02R335
  5185.183 106.00113     2.361    -3.579               3.464            AX02Q345
  5185.200 106.00112     2.371    -3.598               3.464            AX02Q335
  5185.217 607.01314     0.000    -5.201               7.724          0600Qb0005
  5185.220 607.01314     0.000    -5.503               7.724          0600Pd0015
  5185.244      69.0     1.087     -1.40                                        
  5185.294      66.0     1.488     -0.14                                        
  5185.346 607.01214     0.152    -3.685               7.724          0600Qb0245
  5185.361 607.01314     0.016    -4.515               7.724          0600Rb0075
  5185.377 607.01314     0.016    -4.623               7.724          0600Qd0085
  5185.396 607.01214     0.152    -4.962               7.724          0600Pd0255
  5185.411   23.0051     2.129    -5.579                                 KURHFS 
  5185.411   23.0051     2.129    -5.646                                 KURHFS 
  5185.411   23.0051     2.129    -6.278                                 KURHFS 
  5185.417 607.01214     1.017    -3.323               7.724          1104Qc0095
  5185.418   23.0051     2.129    -5.383                                 KURHFS 
  5185.418   23.0051     2.129    -5.383                                 KURHFS 
  5185.418   23.0051     2.129    -6.123                                 KURHFS 
  5185.423 106.00113     2.361    -3.596               3.464            AX02Q335
  5185.428 106.00113     2.361    -6.285               3.464            AX02P345
  5185.429   23.0051     2.129    -5.179                                 KURHFS 
  5185.429   23.0051     2.129    -5.278                                 KURHFS 
  5185.429   23.0051     2.129    -6.123                                 KURHFS 
  5185.434   27.0059     4.069    -4.325                                 KURHFS 
  5185.434   27.0059     4.069    -4.521                                 KURHFS 
  5185.436 607.01214     1.017    -3.210               7.724          1104Pa0105
  5185.440   27.0059     4.069    -4.300                                 KURHFS 
  5185.440   27.0059     4.069    -4.311                                 KURHFS 
  5185.440   27.0059     4.069    -4.521                                 KURHFS 
  5185.443   23.0051     2.129    -5.009                                 KURHFS 
  5185.443   23.0051     2.129    -5.231                                 KURHFS 
  5185.443   23.0051     2.129    -6.220                                 KURHFS 
  5185.449   27.0059     4.069    -4.173                                 KURHFS 
  5185.449   27.0059     4.069    -4.197                                 KURHFS 
  5185.449   27.0059     4.069    -4.300                                 KURHFS 
  5185.450 607.01314     2.359    -2.499               7.724          1910Qb0095
  5185.460   27.0059     4.069    -4.006                                 KURHFS 
  5185.460   27.0059     4.069    -4.154                                 KURHFS 
  5185.460   27.0059     4.069    -4.197                                 KURHFS 
  5185.461   23.0051     2.129    -4.863                                 KURHFS 
  5185.461   23.0051     2.129    -5.237                                 KURHFS 
  5185.461   23.0051     2.129    -6.424                                 KURHFS 
  5185.465 607.01314     2.359    -3.175               7.724          1910Pd0105
  5185.475   27.0059     4.069    -3.837                                 KURHFS 
  5185.475   27.0059     4.069    -4.154                                 KURHFS 
  5185.475   27.0059     4.069    -4.165                                 KURHFS 
  5185.482   23.0051     2.129    -4.734                                 KURHFS 
  5185.482   23.0051     2.129    -5.310                                 KURHFS 
  5185.482   23.0051     2.129    -6.822                                 KURHFS 
  5185.491   27.0059     4.069    -3.678                                 KURHFS 
  5185.491   27.0059     4.069    -4.165                                 KURHFS 
  5185.491   27.0059     4.069    -4.242                                 KURHFS 
  5185.507   23.0051     2.129    -4.618                                 KURHFS 
  5185.507   23.0051     2.129    -5.521                                 KURHFS 
  5185.509   27.0059     4.069    -3.530                                 KURHFS 
  5185.509   27.0059     4.069    -4.242                                 KURHFS 
  5185.509   27.0059     4.069    -4.457                                 KURHFS 
  5185.519 607.01214     2.532    -2.270               7.724          1910Rb0255
  5185.521 607.01214     1.504    -4.552               7.724          0902Rd0665
  5185.529   27.0059     4.069    -3.394                                 KURHFS 
  5185.529   27.0059     4.069    -4.457                                 KURHFS 
  5185.536   23.0051     2.129    -4.513                                 KURHFS 
  5185.553   27.0059     3.295    -6.779                                 KURHFS 
  5185.553   27.0059     3.295    -6.779                                 KURHFS 
  5185.553   27.0059     3.295    -7.080                                 KURHFS 
  5185.556 607.01214     2.532    -2.956               7.724          1910Qd0265
  5185.558   27.0059     3.295    -6.615                                 KURHFS 
  5185.558   27.0059     3.295    -6.641                                 KURHFS 
  5185.558   27.0059     3.295    -6.955                                 KURHFS 
  5185.563   27.0059     3.295    -6.358                                 KURHFS 
  5185.563   27.0059     3.295    -6.607                                 KURHFS 
  5185.563   27.0059     3.295    -7.205                                 KURHFS 
  5185.571   27.0059     3.295    -6.142                                 KURHFS 
  5185.571   27.0059     3.295    -6.768                                 KURHFS 
  5185.571   27.0059     3.295    -7.633                                 KURHFS 
  5185.585 607.01214     1.034    -3.063               7.724          1104Pb0125
  5185.646 607.01314     1.805    -3.394               7.724          1507Rd0255
  5185.679      22.0     3.427     -3.66                                        
  5185.695 607.01214     1.204    -4.408               7.724          0902Rc0545
  5185.703 607.01314     2.337    -3.339               7.724          1910Ra0005
  5185.715 112.00124     0.004    -2.354               1.340           00R202b24
  5185.725      26.0     3.571     -4.05                                        
  5185.732 112.00124     0.004    -0.348               1.340           00Q102h24
  5185.744 112.00125     0.004    -0.348               1.340           00Q102h25
  5185.756 112.00126     0.004    -0.348               1.340           00Q102h26
  5185.800 607.01214     1.204    -2.594               7.724          0902Qa0555
  5185.879      26.0     4.442     -4.21                                        
  5185.892 607.01314     0.001    -4.962               7.724          0600Qb0015
  5185.896 607.01314     0.001    -5.273               7.724          0600Pd0025
  5185.902      22.1     1.891     -1.41                                 LAWLER 
  5185.923      25.0     4.191     -3.74                                        
  5185.979 607.01214     2.521    -2.259               7.724          1910Ra0255
  5185.984 607.01314     2.359    -2.661               7.724          1910Ra0105
  5185.987 106.00112     1.976    -3.572               3.464            AX24R225
  5186.014 607.01214     0.089    -4.655               7.724          0600Qc0185
  5186.015 106.00112     1.976    -3.593               3.464            AX24R215
  5186.026 607.01214     1.062    -2.569               7.724          1104Qb0165
  5186.028      23.0     2.614     -3.76                                        
  5186.052 607.01214     0.089    -4.159               7.724          0600Pa0195
  5186.058 607.01214     1.062    -3.564               7.724          1104Pd0175
  5186.081 607.01314     0.020    -4.455               7.724          0600Rb0085
  5186.085 607.01214     2.448    -2.916               7.724          1910Qc0165
  5186.090      27.0     4.143     -2.16                                        
  5186.099 607.01314     0.020    -4.609               7.724          0600Qd0095
  5186.113 607.01314     1.673    -3.930               7.724          1507Pc0035
  5186.115 607.01214     0.140    -4.918               7.724          0600Rc0235
  5186.115 607.01214     2.448    -2.547               7.724          1910Pa0175
  5186.119 106.00112     1.976    -5.716               3.464            AX24Q225
  5186.125      24.1     5.869     -3.33                                        
  5186.163 607.01214     0.140    -3.686               7.724          0600Qa0245
  5186.222      27.1     5.462     -5.56                                        
  5186.263 607.01314     1.726    -2.555               7.724          1507Ra0165
  5186.293      26.0     4.291     -2.86                                        
  5186.325      22.0     2.115     -1.05                                        
  5186.340 607.01314     1.678    -3.150               7.724          1507Qc0055
  5186.340 607.01314     1.678    -3.271               7.724          1507Pa0065
  5186.361 112.00124     0.001    -2.307               1.340           00R201b24
  5186.372 112.00124     0.001    -0.563               1.340           00Q101h24
  5186.385 112.00125     0.001    -0.563               1.340           00Q101h25
  5186.397 112.00126     0.001    -0.563               1.340           00Q101h26
  5186.406 607.01314     1.692    -3.231               7.724          1507Rc0095
  5186.424 607.01314     1.692    -2.551               7.724          1507Qa0105
  5186.451      26.0     5.016     -2.85                                        
  5186.481      26.0     4.987     -2.26                                        
  5186.506 607.01314     0.104    -4.968               7.724          0600Rd0215
  5186.523 607.01214     2.490    -2.082               7.724          1910Qb0215
  5186.540      26.0     4.730     -4.39                                        
  5186.553      28.0     3.895     -1.53                                        
  5186.554 607.01214     2.490    -3.201               7.724          1910Pd0225
  5186.584 607.01314     2.337    -3.383               7.724          1910Rc0005
  5186.588 607.01314     2.337    -3.415               7.724          1910Qa0015
  5186.599 607.01314     2.386    -2.541               7.724          1910Rb0145
  5186.620 607.01314     2.431    -3.241               7.724          1910Rd0215
  5186.621 607.01314     2.386    -2.881               7.724          1910Qd0155
  5186.628 607.01314     2.338    -3.327               7.724          1910Rc0015
  5186.630 607.01314     2.338    -3.162               7.724          1910Qa0025
  5186.674      23.1     3.756     -3.44                                        
  5186.691 607.01314     0.003    -4.777               7.724          0600Qb0025
  5186.698 607.01314     0.003    -5.145               7.724          0600Pd0035
  5186.754      26.0     4.298     -2.53                                        
  5186.800 607.01214     1.097    -2.687               7.724          1104Ra0215
  5186.807 106.00112     2.347    -3.639               3.464            AX56P205
  5186.822      72.0     2.837     -0.56                                        
  5186.846 106.00112     2.347    -5.461               3.464            AX56Q195
  5186.847      22.0     3.543     -2.27                                        
  5186.867 607.01314     2.339    -3.276               7.724          1910Rc0025
  5186.870 607.01314     2.339    -3.002               7.724          1910Qa0035
  5186.894 607.01214     1.813    -2.522               7.724          1507Pb0215
  5186.907      64.1     1.574     -1.02                                        
  5186.918 607.01314     0.865    -3.944               7.724          1003Pc0235
  5186.925 607.01314     1.713    -2.416               7.724          1507Qb0135
  5186.934 607.01314     0.025    -4.401               7.724          0600Rb0095
  5186.949 607.01314     1.713    -3.264               7.724          1507Pd0145
  5186.952 106.00112     2.347    -3.766               3.464            AX56P195
  5186.954 607.01314     0.025    -4.599               7.724          0600Qd0105
  5186.956 607.01314     1.749    -2.520               7.724          1507Rb0185
  5186.979 607.01214     1.047    -3.518               7.724          1104Rc0145
  5186.988 607.01314     1.749    -3.005               7.724          1507Qd0195
  5186.990      66.1     2.590      0.00                              Wickliff00
  5187.000      22.0     3.303     -3.55                                        
  5187.008 607.01214     1.047    -2.603               7.724          1104Qa0155
  5187.039      60.0     0.293     -0.91                                        
  5187.045 607.01214     1.009    -3.810               7.724          1104Pc0075
  5187.048      40.0     1.974     -0.80                                        
  5187.061 607.01314     2.364    -2.621               7.724          1910Ra0115
  5187.070 106.00113     1.572    -4.219               3.464            AX02R245
  5187.080      22.0     3.291     -3.02                                        
  5187.087 112.00124     0.000    -0.959               1.340           00Q100h24
  5187.089      62.0     0.185     -1.19                                        
  5187.090 607.01314     2.352    -2.983               7.724          1910Pb0075
  5187.101 112.00125     0.000    -0.959               1.340           00Q100h25
  5187.115 106.00113     1.425    -2.989               3.464            BX13R165
  5187.115 112.00126     0.000    -0.959               1.340           00Q100h26
  5187.162 607.01314     2.939    -3.209               7.724          2212Rc0285
  5187.165 607.01314     0.001    -5.503               7.724          0600Pb0015
  5187.168      28.0     4.534     -2.57                                        
  5187.173 607.01314     2.321    -3.402               7.724          1809Pc0305
  5187.178 112.00124     0.450    -1.965               1.340           22P212b24
  5187.218 607.01314     2.940    -1.937               7.724          2212Qa0295
  5187.220      64.1     1.583     -0.87                              DenHarto06
  5187.220 106.00113     1.138    -7.256               3.464            AX02R175
  5187.230 106.00113     1.563    -6.422               3.464            AX24R145
  5187.252 106.00113     1.425    -7.118               3.464            BX13Q175
  5187.252 106.00113     1.709    -3.839               3.464            AX13R225
  5187.266 106.00113     1.572    -6.351               3.464            AX02Q245
  5187.300 607.01314     2.341    -3.234               7.724          1910Rc0035
  5187.303 607.01314     2.341    -2.880               7.724          1910Qa0045
  5187.349 106.00113     1.562    -9.988               3.464            CX05P035
  5187.363 106.00113     1.425    -2.977               3.464            BX13R175
  5187.389 106.00113     1.572    -4.232               3.464            AX02R235
  5187.398   27.0059     4.069    -2.036                                 KURHFS 
  5187.404   27.0059     4.069    -1.918                                 KURHFS 
  5187.404   27.0059     4.069    -2.488                                 KURHFS 
  5187.413   27.0059     4.069    -1.800                                 KURHFS 
  5187.413   27.0059     4.069    -2.277                                 KURHFS 
  5187.413   27.0059     4.069    -3.488                                 KURHFS 
  5187.418 106.00113     1.709    -5.923               3.464            AX13Q225
  5187.425   27.0059     4.069    -1.688                                 KURHFS 
  5187.425   27.0059     4.069    -2.181                                 KURHFS 
  5187.425   27.0059     4.069    -3.281                                 KURHFS 
  5187.439   27.0059     4.069    -1.584                                 KURHFS 
  5187.439   27.0059     4.069    -2.145                                 KURHFS 
  5187.439   27.0059     4.069    -3.253                                 KURHFS 
  5187.455   27.0059     4.069    -1.488                                 KURHFS 
  5187.455   27.0059     4.069    -2.161                                 KURHFS 
  5187.455   27.0059     4.069    -3.333                                 KURHFS 
  5187.458      58.1     1.211      0.17                              Lawler09  
  5187.468      90.1     0.231     -2.85                              Nils02/27%
  5187.473   27.0059     4.069    -1.398                                 KURHFS 
  5187.473   27.0059     4.069    -2.243                                 KURHFS 
  5187.473   27.0059     4.069    -3.525                                 KURHFS 
  5187.490 106.00113     1.709    -3.851               3.464            AX13R215
  5187.493   27.0059     4.069    -1.314                                 KURHFS 
  5187.493   27.0059     4.069    -2.461                                 KURHFS 
  5187.493   27.0059     4.069    -3.914                                 KURHFS 
  5187.518 607.01214     1.856    -2.100               7.724          1507Qb0255
  5187.529 112.00124     0.624     0.331               1.340           00P230b24
  5187.555 607.01214     1.117    -2.679               7.724          1104Rb0225
  5187.556 607.01214     1.845    -3.312               7.724          1507Rc0245
  5187.563 607.01214     1.856    -3.354               7.724          1507Pd0265
  5187.587 607.01314     2.364    -2.448               7.724          1910Qb0105
  5187.598 607.01214     1.117    -3.332               7.724          1104Qd0235
  5187.599 607.01214     1.845    -2.102               7.724          1507Qa0255
  5187.600      23.0     2.573     -4.19                                        
  5187.605 607.01314     2.364    -3.163               7.724          1910Pd0115
  5187.616 607.01314     0.004    -4.637               7.724          0600Qb0035
  5187.624 607.01314     0.004    -5.061               7.724          0600Pd0045
  5187.638 607.01214     2.481    -3.164               7.724          1910Rc0205
  5187.669 607.01214     2.481    -2.084               7.724          1910Qa0215
  5187.673      23.0     1.871     -5.42                                        
  5187.705 607.01214     0.364    -5.144               7.724          0600Rd0395
  5187.730      72.1     1.869     -1.75                              Lawler07  
  5187.775 607.01214     1.804    -3.057               7.724          1507Qc0205
  5187.812 607.01214     1.804    -2.537               7.724          1507Pa0215
  5187.819      28.0     3.703     -1.91                                        
  5187.847 607.01214     1.022    -3.312               7.724          1104Qc0105
  5187.861 112.00124     0.624    -2.350               1.340           00Q230b24
  5187.868 607.01214     1.022    -3.153               7.724          1104Pa0115
  5187.881      64.0     0.812     -0.89                                        
  5187.901 607.01314     1.697    -2.901               7.724          1507Pb0105
  5187.914      26.0     4.143     -1.37                              NIST/C+   
  5187.921 607.01314     0.030    -4.352               7.724          0600Rb0105
  5187.927 607.01314     2.343    -3.201               7.724          1910Rc0045
  5187.928 607.01314     2.343    -2.781               7.724          1910Qa0055
  5187.943 607.01314     0.030    -4.592               7.724          0600Qd0115
  5187.953 607.01214     1.139    -2.391               7.724          1003Qb0405
  5188.001 607.01314     1.681    -3.108               7.724          1507Qc0065
  5188.001 607.01314     1.681    -3.173               7.724          1507Pa0075
  5188.031 607.01214     1.139    -4.023               7.724          1003Pd0415
  5188.037 112.00124     0.624     0.347               1.340           00P130h24
  5188.041      24.1     4.380     -4.85                                        
  5188.058 607.01314     1.697    -3.226               7.724          1507Rc0105
  5188.075 112.00125     0.623     0.347               1.340           00P130h25
  5188.077 607.01314     1.697    -2.503               7.724          1507Qa0115
  5188.080      24.0     3.102     -4.10                                        
  5188.083 607.01214     0.989    -4.042               7.724          1003Pc0315
  5188.105 112.00126     0.623     0.347               1.340           00P130h26
  5188.132 607.01314     1.675    -3.765               7.724          1507Pc0045
  5188.140 106.00112     1.579    -4.219               3.464            AX02R245
  5188.199 607.01314     0.113    -4.975               7.724          0600Rd0225
  5188.206      57.1     2.447     -0.01                                        
  5188.210 607.01314     0.911    -3.616               7.724          1003Qc0275
  5188.220      59.1     0.922     -1.23                                LINOHFS 
  5188.234 607.01214     2.464    -2.496               7.724          1910Pb0185
  5188.245 607.01314     1.733    -2.527               7.724          1507Ra0175
  5188.262 607.01314     0.911    -2.891               7.724          1003Pa0285
  5188.263 607.01314     2.876    -3.277               7.724          2212Pc0225
  5188.270      27.0     4.501     -1.73                                        
  5188.329 607.01314     2.369    -2.584               7.724          1910Ra0125
  5188.356 607.01314     2.338    -3.503               7.724          1910Qc0015
  5188.357 106.00112     1.579    -6.351               3.464            AX02Q245
  5188.360 607.01314     2.338    -3.997               7.724          1910Pa0025
  5188.361      26.0     4.981     -3.27                                        
  5188.364      26.0     4.442     -2.32                                        
  5188.387 106.00113     1.972    -3.573               3.464            AX24R225
  5188.396 607.01214     0.108    -4.116               7.724          0600Pb0205
  5188.430 106.00112     1.579    -4.232               3.464            AX02R235
  5188.463 607.01214     1.777    -3.409               7.724          1507Pc0175
  5188.467      66.1     2.298     -0.48                                        
  5188.473 607.01214     0.064    -5.022               7.724          0600Pc0155
  5188.556 106.00113     1.972    -5.681               3.464            AX24Q225
  5188.566 106.00113     2.335    -7.343               3.464            AX45P235
  5188.583 607.01314     1.816    -3.400               7.724          1507Rd0265
  5188.619 607.01214     1.051    -3.718               7.724          1003Qc0355
  5188.620 106.00113     1.972    -3.593               3.464            AX24R215
  5188.641      22.0     2.266     -4.09                                        
  5188.667 607.01314     0.007    -4.523               7.724          0600Qb0045
  5188.676 106.00113     1.078    -5.758               3.464            BX13P075
  5188.678 607.01314     0.007    -5.001               7.724          0600Pd0055
  5188.680      22.1     1.581     -1.21                                        
  5188.687 607.01214     1.051    -2.783               7.724          1003Pa0365
  5188.745 607.01314     2.345    -2.698               7.724          1910Qa0065
  5188.748 607.01314     2.345    -3.175               7.724          1910Rc0055
  5188.752 607.01314     2.951    -1.936               7.724          2212Qb0295
  5188.777      24.0     3.110     -4.16                                        
  5188.791 607.01214     0.232    -3.820               7.724          0600Ra0315
  5188.809 607.01314     2.951    -3.239               7.724          2212Pd0305
  5188.814 607.01314     0.003    -5.225               7.724          0600Pb0025
  5188.823      22.0     2.776     -2.69                                        
  5188.843 106.00112     1.555    -9.706               3.464            CX05P025
  5188.850      20.0     2.932     -0.09                              NIST/D    
  5188.853      23.0     1.892     -2.04                               LAWNOHFS 
  5188.856 607.01314     2.392    -2.508               7.724          1910Rb0155
  5188.871 106.00112     1.143    -7.255               3.464            AX02R175
  5188.876 106.00113     1.564    -6.379               3.464            AX24R145
  5188.882 607.01214     1.040    -3.021               7.724          1104Pb0135
  5188.882 607.01314     2.392    -2.883               7.724          1910Qd0165
  5188.893      22.0     1.979     -6.66                                        
  5188.893      26.0     4.987     -3.14                                        
  5188.899      68.1     1.769     -0.28                                        
  5188.919      24.1     6.280     -3.72                                        
  5188.936      73.0     1.594     -2.02                                        
  5189.044 607.01314     0.035    -4.307               7.724          0600Rb0115
  5189.045 106.00112     1.568    -6.422               3.464            AX24R145
  5189.067 607.01314     0.035    -4.588               7.724          0600Qd0125
  5189.070 607.01314     0.924    -2.883               7.724          1003Pb0285
  5189.105 607.01214     2.434    -3.292               7.724          1910Pc0145
  5189.110      22.0     0.825     -5.19                                        
  5189.116 607.01214     0.247    -3.827               7.724          0600Rb0315
  5189.120 607.01214     1.070    -2.539               7.724          1104Qb0175
  5189.146      26.0     4.952     -2.07                                        
  5189.154 607.01214     1.070    -3.569               7.724          1104Pd0185
  5189.180 607.01214     0.247    -4.747               7.724          0600Qd0325
  5189.186      41.0     0.130     -1.37                                        
  5189.206 607.01314     2.440    -3.247               7.724          1910Rd0225
  5189.208      24.0     5.240     -2.56                                        
  5189.226 607.01314     2.906    -2.943               7.724          2212Qc0255
  5189.263      58.0     1.162      0.12                                        
  5189.276 607.01314     2.906    -2.329               7.724          2212Pa0265
  5189.278 112.00124     0.206    -1.590               1.340           11P206b24
  5189.290 607.01314     2.339    -3.293               7.724          1910Qc0025
  5189.290 607.01314     2.339    -3.648               7.724          1910Pa0035
  5189.310      23.0     1.891     -4.48                                        
  5189.449 607.01214     0.164    -3.665               7.724          0600Qb0255
  5189.490 607.01214     1.054    -3.522               7.724          1104Rc0155
  5189.501 607.01214     0.164    -4.971               7.724          0600Pd0265
  5189.521 607.01214     1.054    -2.571               7.724          1104Qa0165
  5189.554 607.01214     1.107    -2.666               7.724          1104Ra0225
  5189.566 106.00112     1.978    -3.573               3.464            AX24R225
  5189.575 607.01314     1.719    -2.379               7.724          1507Qb0145
  5189.578      22.0     2.238     -1.19                                 LAWLER 
  5189.600 607.01314     1.719    -3.263               7.724          1507Pd0155
  5189.624 607.01314     2.355    -2.915               7.724          1910Pb0085
  5189.641      23.0     3.957     -2.96                                        
  5189.656 607.01314     1.757    -2.494               7.724          1507Rb0195
  5189.671 106.00113     1.329    -6.730               3.464            AX13R155
  5189.673      24.0     3.886     -4.13                                        
  5189.677      90.1     2.514     -0.82                                        
  5189.689 607.01314     1.757    -3.010               7.724          1507Qd0205
  5189.698 106.00112     1.978    -5.681               3.464            AX24Q225
  5189.711 106.00113     1.140    -7.203               3.464            AX02R175
  5189.749 106.00112     1.978    -3.593               3.464            AX24R215
  5189.749 607.01314     2.348    -2.625               7.724          1910Qa0075
  5189.761 607.01314     2.348    -3.155               7.724          1910Rc0065
  5189.778 607.01314     2.374    -2.549               7.724          1910Ra0135
  5189.792      25.0     4.422     -1.38                                        
  5189.841 607.01314     1.684    -3.078               7.724          1507Qc0075
  5189.846 607.01314     0.009    -4.428               7.724          0600Qb0055
  5189.855 607.01314     1.684    -3.090               7.724          1507Pa0085
  5189.858 607.01314     0.009    -4.957               7.724          0600Pd0065
  5189.866 607.01214     0.098    -4.662               7.724          0600Qc0195
  5189.885      15.0     6.949     -1.91                                        
  5189.889 607.01314     2.369    -2.401               7.724          1910Qb0115
  5189.890 607.01314     1.702    -3.223               7.724          1507Rc0115
  5189.906 607.01214     0.098    -4.131               7.724          0600Pa0205
  5189.910 607.01214     1.013    -3.771               7.724          1104Pc0085
  5189.911 607.01314     1.702    -2.459               7.724          1507Qa0125
  5189.911 607.01314     2.369    -3.154               7.724          1910Pd0125
  5189.916 607.01214     0.152    -4.926               7.724          0600Rc0245
  5189.920 607.01214     2.543    -2.252               7.724          1910Rb0265
  5189.922 607.01214     1.107    -2.982               7.724          0902Pb0505
  5189.959 607.01214     2.543    -2.963               7.724          1910Qd0275
  5189.965      23.0     3.275     -2.25                                        
  5189.966 607.01214     0.152    -3.666               7.724          0600Qa0255
  5190.037 607.01314     0.124    -4.981               7.724          0600Rd0235
  5190.068 607.01214     2.532    -2.241               7.724          1910Ra0265
  5190.072 607.01214     2.456    -2.920               7.724          1910Qc0175
  5190.098 112.00124     0.977    -3.293               1.340           01R135b24
  5190.098 607.01214     2.456    -2.516               7.724          1910Pa0185
  5190.113      23.1     3.755     -2.67                                        
  5190.181 112.00124     0.001    -0.959               1.340           00Q201b24
  5190.181 112.00124     0.001    -1.260               1.340           00P101h24
  5190.197 112.00125     0.001    -1.260               1.340           00P101h25
  5190.207 112.00126     0.001    -1.260               1.340           00P101h26
  5190.257 607.01314     2.917    -2.318               7.724          2212Pb0265
  5190.296      25.0     5.407     -2.88                                        
  5190.303 607.01314     0.041    -4.266               7.724          0600Rb0125
  5190.328 607.01314     0.041    -4.586               7.724          0600Qd0135
  5190.339 607.01314     1.678    -3.658               7.724          1507Pc0055
  5190.415 607.01314     1.741    -2.501               7.724          1507Ra0185
  5190.415 607.01314     2.341    -3.176               7.724          1910Qc0035
  5190.415 607.01314     2.341    -3.439               7.724          1910Pa0045
  5190.424      15.0     6.954     -1.92                              NIST/E    
  5190.430      62.1     0.543     -2.42                              Lawler06  
  5190.439      25.0     4.422     -1.56                                        
  5190.459 607.01214     1.028    -3.306               7.724          1104Qc0115
  5190.482 607.01214     1.028    -3.102               7.724          1104Pa0125
  5190.539 112.00124     0.586     0.318               1.340           00P229h24
  5190.546 106.00112     1.716    -3.838               3.464            AX13R225
  5190.568 112.00125     0.585     0.318               1.340           00P229h25
  5190.579 112.00126     0.584     0.318               1.340           00P229h26
  5190.590 607.01314     0.004    -5.050               7.724          0600Pb0035
  5190.605 106.00112     1.716    -3.850               3.464            AX13R215
  5190.626 112.00124     0.467    -2.004               1.340           22P213b24
  5190.684      23.0     2.372     -1.62                               LAWNOHFS 
  5190.702 106.00112     1.569    -6.379               3.464            AX24R145
  5190.717 106.00112     1.716    -5.957               3.464            AX13Q225
  5190.734 106.00113     1.865   -10.475               3.464            CX05P145
  5190.765      25.0     4.422     -1.52                                        
  5190.769 106.00112     1.290    -2.796               3.464            BX13Q135
  5190.796 607.01214     1.128    -2.657               7.724          1104Rb0235
  5190.841 607.01214     1.128    -3.339               7.724          1104Qd0245
  5190.842 607.01314     1.702    -2.851               7.724          1507Pb0115
  5190.853 106.00112     1.290    -6.131               3.464            BX13R135
  5190.855 106.00112     1.290    -6.228               3.464            BX13P145
  5190.872      90.1     0.510     -2.06                              Nils02/19%
  5190.874 112.00124     0.586    -2.333               1.340           00Q229b24
  5190.885 607.01314     1.663    -3.602               7.724          1406Pc0315
  5190.888 607.01314     2.352    -2.560               7.724          1910Qa0085
  5190.913 607.01214     2.500    -2.059               7.724          1910Qb0225
  5190.939 106.00112     1.290    -2.742               3.464            BX13Q145
  5190.946 607.01214     2.500    -3.208               7.724          1910Pd0235
  5190.963 607.01214     1.139    -3.971               7.724          1003Rc0405
  5190.966 607.01314     2.352    -3.140               7.724          1910Rc0075
