a line list in the range:    5129.00   5141.00
  5129.018 106.00112     1.034    -7.782               3.464            BX13Q055
  5129.026 607.01314     0.876    -2.889               7.724          1003Rb0245
  5129.041 112.00124     0.641    -0.259               1.340           33P214b24
  5129.050 106.00113     2.327   -10.270               3.464            AX50P385
  5129.071 607.01314     0.876    -3.582               7.724          1003Qd0255
  5129.079 112.00124     0.623    -2.077               1.340           33Q213b24
  5129.087 112.00124     0.367    -0.254               1.340           22Q205b24
  5129.091      63.0     1.667      0.01                                        
  5129.122 112.00124     0.367    -2.582               1.340           22P105b24
  5129.142 607.01314     0.758    -3.987               7.724          1003Pc0095
  5129.155 112.00124     0.623    -0.250               1.340           33P113b24
  5129.156      22.1     1.890     -1.34                                 LAWLER 
  5129.269 607.01314     0.774    -3.544               7.724          1003Qc0125
  5129.293 607.01314     0.774    -3.310               7.724          1003Pa0135
  5129.293 607.01314     2.296    -2.014               7.724          1809Qb0285
  5129.304 112.00124     0.110     0.049               1.340           00R212h24
  5129.306 106.00113     1.903    -3.797               3.464            AX13R255
  5129.336 607.01314     2.296    -3.306               7.724          1809Pd0295
  5129.355 607.01214     2.908    -2.932               7.724          2212Qc0195
  5129.359 607.01314     2.808    -2.677               7.724          2212Pb0135
  5129.359 607.01314     2.827    -2.229               7.724          2212Qb0165
  5129.370      28.0     3.676     -0.63                                        
  5129.373      25.0     4.791     -3.34                                        
  5129.387 112.00124     0.110    -1.975               1.340           00Q112b24
  5129.395 106.00113     2.053    -6.315               3.464            AX35R195
  5129.397 112.00124     0.659    -0.229               1.340           33P215b24
  5129.398 112.00125     0.110     0.049               1.340           00R212h25
  5129.423 607.01214     0.887    -4.615               7.724          0801Pc0515
  5129.425 112.00124     0.641    -2.113               1.340           33Q214b24
  5129.453   59.1141     0.648    -3.721                                 LI/LAW 
  5129.460   59.1141     0.648    -3.403                                 LI/LAW 
  5129.467   59.1141     0.648    -3.331                                 LI/LAW 
  5129.474   59.1141     0.648    -3.499                                 LI/LAW 
  5129.485 112.00126     0.109     0.049               1.340           00R212h26
  5129.489 106.00113     1.903    -5.965               3.464            AX13Q255
  5129.499 607.01214     0.003    -5.002               7.724          0600Rb0025
  5129.501   59.1141     0.648    -1.882                                 LI/LAW 
  5129.501   59.1141     0.648    -2.077                                 LI/LAW 
  5129.502   59.1141     0.648    -1.837                                 LI/LAW 
  5129.503   59.1141     0.648    -1.889                                 LI/LAW 
  5129.503   59.1141     0.648    -2.084                                 LI/LAW 
  5129.505 607.01214     0.089    -5.002               7.724          0600Rd0195
  5129.506 607.01214     0.003    -4.843               7.724          0600Qd0035
  5129.506 607.01214     0.955    -3.054               7.724          0902Pb0435
  5129.507 112.00124     0.641    -0.221               1.340           33P114b24
  5129.508 106.00112     1.034    -3.520               3.464            BX13P065
  5129.522 607.01314     2.827    -3.156               7.724          2212Pd0175
  5129.526   59.1141     0.648    -1.175                                 LI/LAW 
  5129.528      24.0     4.443     -2.56                                        
  5129.532   59.1141     0.648    -1.093                                 LI/LAW 
  5129.534 607.01214     1.709    -3.368               7.724          1507Pb0045
  5129.537   59.1141     0.648    -1.009                                 LI/LAW 
  5129.543   59.1141     0.648    -0.926                                 LI/LAW 
  5129.549   59.1141     0.648    -0.847                                 LI/LAW 
  5129.551 607.01214     0.001    -5.176               7.724          0600Rb0015
  5129.554   59.1141     0.648    -0.771                                 LI/LAW 
  5129.556 607.01214     0.001    -4.931               7.724          0600Qd0025
  5129.558 607.01214     2.908    -2.472               7.724          2212Pa0205
  5129.575      24.0     0.968     -4.50                                        
  5129.577 607.01214     0.005    -4.871               7.724          0600Rb0035
  5129.585 607.01214     0.005    -4.780               7.724          0600Qd0045
  5129.608 106.00113     1.903    -3.813               3.464            AX13R245
  5129.631      26.0     3.940     -1.67                              Ruffoni14 
  5129.650 607.01314     2.792    -3.396               7.724          2111Pc0335
  5129.659 112.00124     0.659    -2.147               1.340           33Q215b24
  5129.671 607.01314     1.637    -2.165               7.724          1406Qb0295
  5129.676      24.1     3.736     -7.03                                        
  5129.722 607.01314     1.637    -3.505               7.724          1406Pd0305
  5129.726 607.01214     1.051    -2.703               7.724          1003Ra0365
  5129.727 106.00112     1.598   -10.983               3.464            CX05R055
  5129.732 607.01214     0.000    -5.453               7.724          0600Rb0005
  5129.735 607.01214     0.000    -5.059               7.724          0600Qd0015
  5129.745 112.00124     0.659    -0.193               1.340           33P115b24
  5129.747 607.01214     0.909    -3.639               7.724          1003Qc0255
  5129.775 607.01314     2.814    -3.119               7.724          2212Rc0145
  5129.784 607.01214     0.007    -4.766               7.724          0600Rb0045
  5129.795 112.00124     0.110     0.076               1.340           00R112h24
  5129.795 607.01214     0.007    -4.734               7.724          0600Qd0055
  5129.795 607.01214     0.909    -2.945               7.724          1003Pa0265
  5129.796 607.01314     2.858    -2.388               7.724          2212Rb0205
  5129.797 106.00112     1.598    -8.247               3.464            CX05Q055
  5129.800 607.01214     2.372    -3.089               7.724          1809Qc0305
  5129.805 607.01314     2.814    -2.263               7.724          2212Qa0155
  5129.817 607.01314     1.578    -3.202               7.724          1406Qc0245
  5129.836 607.01314     2.858    -2.904               7.724          2212Qd0215
  5129.840      66.1     2.410      0.00                              Wickliff00
  5129.846 607.01214     2.372    -2.311               7.724          1809Pa0315
  5129.859 607.01314     1.578    -2.583               7.724          1406Pa0255
  5129.872 112.00124     0.360    -0.364               1.340           22Q204b24
  5129.887 607.01214     1.795    -3.396               7.724          1507Rd0205
  5129.891 112.00125     0.110     0.076               1.340           00R112h25
  5129.900 112.00124     0.360    -2.530               1.340           22P104b24
  5129.915 112.00124     0.411     0.581               1.340           00Q224h24
  5129.923 607.01314     1.588    -2.572               7.724          1406Pb0255
  5129.941 106.00113     1.329    -3.039               3.464            BX13R145
  5129.977 112.00124     0.367    -2.562               1.340           22R205b24
  5129.978 112.00126     0.109     0.076               1.340           00R112h26
  5129.995 106.00112     2.399    -2.914               3.464            AX56Q215
  5130.002      25.0     5.401     -2.78                                        
  5130.009 112.00125     0.410     0.581               1.340           00Q224h25
  5130.011 112.00124     0.367    -0.166               1.340           22Q105b24
  5130.041 607.01214     0.000    -5.223               7.724          0600Qd0005
  5130.046 106.00112     2.399    -5.226               3.464            AX56R205
  5130.049      24.0     5.618     -1.71                                        
  5130.051 112.00124     0.679    -2.153               1.340           33Q216b24
  5130.064 112.00124     0.411    -3.213               1.340           00P124b24
  5130.089      63.0     1.969      0.04                                        
  5130.096 112.00126     0.410     0.581               1.340           00Q224h26
  5130.106 106.00113     1.329    -7.107               3.464            BX13Q155
  5130.112 112.00124     0.679    -0.270               1.340           33P216b24
  5130.115      74.0     2.969     -0.63                                        
  5130.119 106.00112     2.399    -5.636               3.464            AX56P215
  5130.123 112.00124     0.411    -3.212               1.340           00R224b24
  5130.124 607.01214     0.010    -4.677               7.724          0600Rb0055
  5130.136 607.01214     0.010    -4.699               7.724          0600Qd0065
  5130.139 112.00124     0.384     0.365               1.340           11Q217h24
  5130.143 112.00124     0.679    -0.210               1.340           33P116b24
  5130.147      24.1     5.658     -4.82                                        
  5130.159 106.00112     1.598    -8.342               3.464            CX05Q065
  5130.170 106.00112     2.399    -2.963               3.464            AX56Q205
  5130.202 106.00113     1.329    -3.003               3.464            BX13R155
  5130.210 112.00125     0.383     0.365               1.340           11Q217h25
  5130.228 106.00112     1.598   -11.207               3.464            CX05P065
  5130.234      24.0     5.603     -3.12                                        
  5130.247 112.00124     0.384    -3.045               1.340           11P117b24
  5130.270      64.1     1.583     -0.90                              DenHarto06
  5130.272 106.00112     2.300    -3.394               3.464            AX24R275
  5130.272 112.00124     0.411     0.598               1.340           00Q124h24
  5130.275 112.00126     0.383     0.365               1.340           11Q217h26
  5130.310 112.00124     0.347    -1.034               1.340           22R100b24
  5130.313      26.0     4.962     -2.73                                        
  5130.323 106.00112     2.300    -3.445               3.464            AX24R265
  5130.358 607.01214     1.742    -2.721               7.724          1507Rb0125
  5130.359      28.0     3.838     -1.25                                        
  5130.367 112.00125     0.410     0.598               1.340           00Q124h25
  5130.377 607.01214     0.921    -2.936               7.724          1003Pb0265
  5130.380 607.01214     1.743    -3.022               7.724          1507Qd0135
  5130.405 106.00112     2.300    -5.741               3.464            AX24Q275
  5130.417 607.01214     1.718    -2.727               7.724          1507Qb0075
  5130.418 112.00124     0.355    -0.517               1.340           22Q203b24
  5130.424      24.0     3.432     -1.26                                        
  5130.425 112.00124     0.384    -3.044               1.340           11R217b24
  5130.431 607.01214     1.718    -3.342               7.724          1507Pd0085
  5130.440 112.00124     0.355    -2.495               1.340           22P103b24
  5130.452 607.01214     1.179    -2.874               7.724          0902Rb0535
  5130.453 112.00126     0.410     0.598               1.340           00Q124h26
  5130.529      23.0     2.614     -1.59                                        
  5130.534 112.00124     0.384     0.390               1.340           11Q117h24
  5130.553 607.01214     1.179    -4.170               7.724          0902Qd0545
  5130.558      25.0     4.191     -3.79                                        
  5130.582 607.01214     1.177    -4.099               7.724          1003Rd0435
  5130.590      60.1     1.303      0.45                              DenHarto03
  5130.596 607.01214     0.013    -4.600               7.724          0600Rb0065
  5130.600      26.0     5.980     -1.50                              PK15THEOR 
  5130.600 607.01314     2.797    -2.910               7.724          2212Qc0115
  5130.605 112.00125     0.383     0.390               1.340           11Q117h25
  5130.610 607.01214     0.013    -4.674               7.724          0600Qd0075
  5130.622 607.01314     2.797    -2.760               7.724          2212Pa0125
  5130.632 607.01314     0.865    -2.878               7.724          1003Ra0245
  5130.642 607.01314     0.809    -3.772               7.724          1003Rc0175
  5130.666 112.00124     0.351    -0.775               1.340           22Q202b24
  5130.672 112.00126     0.383     0.390               1.340           11Q117h26
  5130.675 607.01314     0.809    -2.766               7.724          1003Qa0185
  5130.682 112.00124     0.351    -2.543               1.340           22P102b24
  5130.686      33.0     6.554      0.50                                        
  5130.692 607.01214     2.392    -3.333               7.724          1910Rd0065
  5130.724 607.01314     2.906    -3.290               7.724          2212Rd0265
  5130.751 607.01214     2.395    -3.308               7.724          1910Rd0075
  5130.760      45.0     1.783     -2.16                              DL85/NI/D+
  5130.766      27.0     4.471     -4.13                                        
  5130.801 607.01214     2.390    -3.367               7.724          1910Rd0055
  5130.871 607.01214     2.333    -3.414               7.724          1809Pc0275
  5130.882 106.00113     1.698    -6.514               3.464            AX24R175
  5130.910      26.0     4.309     -3.13                                        
  5130.945 112.00124     0.360    -2.494               1.340           22R204b24
  5130.961 112.00124     0.964    -2.483               1.340           22Q231b24
  5130.961 607.01214     0.098    -5.008               7.724          0600Rd0205
  5130.965 112.00124     0.964     0.141               1.340           22P231b24
  5130.973 112.00124     0.360    -0.250               1.340           22Q104b24
  5130.981 607.01214     2.398    -3.289               7.724          1910Rd0085
  5130.985 607.01314     0.826    -2.737               7.724          1003Qb0195
  5131.003      27.0     4.107     -1.96                                        
  5131.022 607.01314     0.826    -3.821               7.724          1003Pd0205
  5131.037 607.01214     0.000    -5.223               7.724          0600Qb0005
  5131.040 607.01214     0.000    -5.525               7.724          0600Pd0015
  5131.042      23.0     3.874     -3.48                                        
  5131.072      90.1     1.888     -1.15                                        
  5131.078 607.01214     2.387    -3.411               7.724          1910Rd0045
  5131.116 112.00124     0.964     0.157               1.340           22P131b24
  5131.202 607.01214     0.017    -4.533               7.724          0600Rb0075
  5131.205   27.0059     4.061    -3.173                                 KURHFS 
  5131.210      26.1     7.483     -2.67                                        
  5131.214 112.00124     1.197     0.451               1.340           00P243b24
  5131.217 106.00113     2.102   -10.095               3.464            CX05P195
  5131.218 607.01214     0.017    -4.656               7.724          0600Qd0085
  5131.223   27.0059     4.061    -3.173                                 KURHFS 
  5131.223   27.0059     4.061    -3.349                                 KURHFS 
  5131.251   27.0059     4.061    -3.009                                 KURHFS 
  5131.251   27.0059     4.061    -3.474                                 KURHFS 
  5131.251   27.0059     4.061    -3.599                                 KURHFS 
  5131.288   27.0059     4.061    -3.001                                 KURHFS 
  5131.288   27.0059     4.061    -3.035                                 KURHFS 
  5131.288   27.0059     4.061    -4.027                                 KURHFS 
  5131.308      22.1     1.891     -3.02                                        
  5131.333   27.0059     4.061    -2.752                                 KURHFS 
  5131.333   27.0059     4.061    -3.162                                 KURHFS 
  5131.357 607.01314     0.793    -3.201               7.724          1003Pb0155
  5131.380 607.01214     2.402    -3.275               7.724          1910Rd0095
  5131.388   27.0059     4.061    -2.536                                 KURHFS 
  5131.391 106.00113     2.159    -8.089               3.464            AX45P205
  5131.420      59.1     0.422     -1.64                                LINOHFS 
  5131.420 112.00124     1.197    -2.552               1.340           00Q243b24
  5131.466      26.0     3.265     -4.45                                        
  5131.469      26.0     2.223     -2.52                              NIST/D+   
  5131.490      24.0     5.619     -2.54                                        
  5131.508       6.0     8.634     -3.96                                        
  5131.509      24.0     4.444     -3.05                                        
  5131.522 607.01214     2.386    -3.472               7.724          1910Rd0035
  5131.528      68.0     0.954     -0.34                                        
  5131.531 112.00124     0.527    -1.901               1.340           33P205b24
  5131.534 607.01214     1.068    -2.709               7.724          1003Rb0365
  5131.546 607.01314     2.788    -3.351               7.724          2212Pc0095
  5131.602 607.01214     1.068    -3.708               7.724          1003Qd0375
  5131.612 607.01214     1.712    -3.261               7.724          1507Pb0055
  5131.615 112.00124     1.198     0.461               1.340           00P143b24
  5131.633 607.01314     1.547    -3.541               7.724          1406Pc0215
  5131.648      26.0     5.029     -3.24                                        
  5131.711      23.0     1.802     -3.27                                        
  5131.726 607.01214     0.001    -4.984               7.724          0600Qb0015
  5131.731 607.01214     0.001    -5.297               7.724          0600Pd0025
  5131.747 607.01214     1.709    -3.027               7.724          1507Ra0055
  5131.766      28.0     3.696     -1.35                                        
  5131.769 112.00124     0.355    -2.421               1.340           22R203b24
  5131.785 607.01214     1.712    -2.965               7.724          1507Ra0065
  5131.791 112.00124     0.355    -0.356               1.340           22Q103b24
  5131.808      74.1     2.534     -1.35                                        
  5131.819      22.0     3.173     -3.20                                        
  5131.819 607.01214     0.974    -3.902               7.724          1003Rc0305
  5131.862      20.0     5.295     -5.18                                        
  5131.876 607.01214     0.975    -2.515               7.724          1003Qa0315
  5131.886 607.01314     2.850    -2.372               7.724          2212Ra0205
  5131.896 106.00113     2.054    -6.260               3.464            AX35R195
  5131.897 607.01214     1.707    -3.095               7.724          1507Ra0045
  5131.903       6.0     8.634     -4.53                                        
  5131.917 106.00112     1.443    -4.909               3.464            BX12R225
  5131.943 607.01214     0.021    -4.473               7.724          0600Rb0085
  5131.952 607.01214     2.406    -3.265               7.724          1910Rd0105
  5131.961 607.01214     0.021    -4.643               7.724          0600Qd0095
  5131.989      15.0     7.207     -2.50                                        
  5132.013 607.01214     1.715    -2.909               7.724          1507Ra0075
  5132.027 607.01214     1.061    -2.661               7.724          0902Qb0485
  5132.033 607.01314     0.780    -3.542               7.724          1003Qc0135
  5132.059 607.01314     0.780    -3.267               7.724          1003Pa0145
  5132.083 607.01214     1.804    -3.403               7.724          1507Rd0215
  5132.087      22.0     1.886     -3.02                                        
  5132.118 607.01214     1.061    -4.441               7.724          0902Pd0495
  5132.132 607.01214     2.384    -3.557               7.724          1910Rd0025
  5132.135 112.00124     0.206    -0.273               1.340           11R206h24
  5132.148      23.1     2.542     -2.65                                        
  5132.155 607.01214     1.749    -2.683               7.724          1507Rb0135
  5132.166 607.01314     0.763    -3.965               7.724          1003Pc0105
  5132.177 112.00124     0.206    -1.759               1.340           11Q106b24
  5132.179 607.01214     1.749    -3.021               7.724          1507Qd0145
  5132.186 607.01214     1.722    -2.664               7.724          1507Qb0085
  5132.201 112.00125     0.206    -0.273               1.340           11R206h25
  5132.201 607.01214     1.722    -3.323               7.724          1507Pd0095
  5132.202 106.00112     1.704    -6.514               3.464            AX24R175
  5132.212      62.0     1.542      0.06                                        
  5132.228 106.00112     2.300    -7.602               3.464            AX34P265
  5132.237 607.01214     1.705    -3.171               7.724          1507Ra0035
  5132.262 112.00126     0.206    -0.273               1.340           11R206h26
  5132.282 607.01214     2.891    -3.288               7.724          2212Pc0175
  5132.291 106.00112     1.547    -9.010               3.464            CX05R015
  5132.313      20.0     5.296     -5.59                                        
  5132.321 607.01314     0.887    -2.870               7.724          1003Rb0255
  5132.326 607.01214     2.385    -2.305               7.724          1809Pb0315
  5132.330      60.1     0.559     -0.71                              DenHarto03
  5132.353 607.01314     2.251    -3.012               7.724          1809Qc0245
  5132.368 607.01314     0.887    -3.590               7.724          1003Qd0265
  5132.390 607.01314     2.251    -2.413               7.724          1809Pa0255
  5132.393 607.01214     1.334    -4.534               7.724          0902Rd0605
  5132.427 607.01214     1.718    -2.858               7.724          1507Ra0085
  5132.440      24.0     4.102     -3.65                                        
  5132.458 607.01214     0.955    -4.139               7.724          0902Qc0435
  5132.477 106.00113     2.452    -3.447               3.464            AX45P265
  5132.477 112.00124     0.351    -2.348               1.340           22R202b24
  5132.493 112.00124     0.351    -0.500               1.340           22Q102b24
  5132.541 607.01214     0.955    -3.046               7.724          0902Pa0445
  5132.544 607.01214     0.003    -4.798               7.724          0600Qb0025
  5132.550 607.01214     0.003    -5.170               7.724          0600Pd0035
  5132.565 607.01214     0.108    -5.015               7.724          0600Rd0215
  5132.598 607.01314     2.821    -3.121               7.724          2212Rc0155
  5132.630 607.01314     2.821    -2.231               7.724          2212Qa0165
  5132.669      26.1     2.805     -4.18                                        
  5132.674 607.01314     2.262    -2.402               7.724          1809Pb0255
  5132.696 607.01214     2.411    -3.258               7.724          1910Rd0115
  5132.755      22.0     2.248     -1.98                                        
  5132.768      26.0     5.016     -1.46                                        
  5132.768 607.01214     1.704    -3.257               7.724          1507Ra0025
  5132.771 607.01314     2.221    -3.350               7.724          1809Pc0215
  5132.821 607.01214     0.026    -4.419               7.724          0600Rb0095
  5132.823 112.00124     0.206    -0.232               1.340           11R106h24
  5132.842 607.01214     0.026    -4.634               7.724          0600Qd0105
  5132.892 112.00125     0.206    -0.232               1.340           11R106h25
  5132.908 607.01214     2.384    -3.686               7.724          1910Rd0015
  5132.921 607.01314     2.835    -2.198               7.724          2212Qb0175
  5132.926 607.01214     2.945    -2.034               7.724          2212Qa0245
  5132.929      22.0     2.248     -1.17                                 LAWLER 
  5132.934 607.01214     1.179    -2.861               7.724          0902Ra0545
  5132.940 112.00124     0.928     0.132               1.340           22P230b24
  5132.948 607.01214     2.945    -3.188               7.724          2212Rc0235
  5132.948 607.01314     2.814    -2.638               7.724          2212Pb0145
  5132.955 607.01314     2.835    -3.158               7.724          2212Pd0185
  5132.956 112.00126     0.206    -0.232               1.340           11R106h26
  5132.958      22.0     2.504     -3.06                                        
  5132.963 106.00113     2.452    -3.651               3.464            AX45P255
  5133.027 607.01214     0.001    -5.525               7.724          0600Pb0015
  5133.029 607.01214     1.722    -2.811               7.724          1507Ra0095
  5133.080 106.00113     2.296    -3.395               3.464            AX24R275
  5133.092 112.00124     0.030    -1.648               1.340           00R106b24
  5133.128 112.00124     0.348    -2.321               1.340           22R201b24
  5133.137 112.00124     0.348    -0.716               1.340           22Q101b24
  5133.140      24.0     3.085     -5.03                                        
  5133.155 106.00113     1.699    -6.463               3.464            AX24R175
  5133.165 112.00124     0.361     0.340               1.340           11Q216h24
  5133.168 607.01214     0.875    -3.979               7.724          1003Pc0225
  5133.174 112.00124     0.928    -2.463               1.340           22Q230b24
  5133.216      26.0     3.600     -6.62                                        
  5133.231 112.00125     0.361     0.340               1.340           11Q216h25
  5133.259 607.01214     2.955    -3.226               7.724          2212Pd0255
  5133.268 112.00124     0.361    -3.018               1.340           11P116b24
  5133.269 607.01214     0.989    -2.514               7.724          1003Qb0315
  5133.283 607.01314     2.867    -2.365               7.724          2212Rb0215
  5133.290       6.0     8.634     -3.89                                        
  5133.290 106.00113     2.296    -5.698               3.464            AX24Q275
  5133.292 112.00126     0.361     0.340               1.340           11Q216h26
  5133.293 106.00113     1.088    -6.577               3.464            BX02P155
  5133.305 607.01214     0.878    -4.469               7.724          0902Pc0395
  5133.324 607.01314     2.867    -2.910               7.724          2212Qd0225
  5133.326 112.00124     0.928     0.148               1.340           22P130b24
  5133.329      41.0     0.656     -2.05                                        
  5133.329 607.01214     0.989    -3.952               7.724          1003Pd0325
  5133.335 106.00113     1.536   -10.149               3.464            CX05Q015
  5133.337   27.0059     3.277    -5.883                                 KURHFS 
  5133.351   27.0059     3.277    -6.024                                 KURHFS 
  5133.359 607.01214     2.955    -2.032               7.724          2212Qb0245
  5133.364   27.0059     3.277    -6.188                                 KURHFS 
  5133.374   27.0059     3.277    -6.723                                 KURHFS 
  5133.375   27.0059     3.277    -6.386                                 KURHFS 
  5133.383   27.0059     3.277    -6.527                                 KURHFS 
  5133.383   27.0059     3.927    -1.393                                 KURHFS 
  5133.385   27.0059     3.277    -6.641                                 KURHFS 
  5133.390   27.0059     3.277    -6.473                                 KURHFS 
  5133.392   27.0059     3.927    -1.275                                 KURHFS 
  5133.392   27.0059     3.927    -1.845                                 KURHFS 
  5133.393   27.0059     3.277    -7.029                                 KURHFS 
  5133.395      40.0     0.519     -1.78                                        
  5133.396   27.0059     3.277    -6.495                                 KURHFS 
  5133.400   27.0059     3.277    -6.586                                 KURHFS 
  5133.400 106.00113     2.296    -3.446               3.464            AX24R265
  5133.403   27.0059     3.277    -6.774                                 KURHFS 
  5133.404   27.0059     3.927    -1.157                                 KURHFS 
  5133.404   27.0059     3.927    -1.634                                 KURHFS 
  5133.404   27.0059     3.927    -2.845                                 KURHFS 
  5133.406   27.0059     3.277    -7.837                                 KURHFS 
  5133.409   27.0059     3.277    -7.059                                 KURHFS 
  5133.409   27.0059     3.277    -7.427                                 KURHFS 
  5133.411   27.0059     3.277    -7.029                                 KURHFS 
  5133.411   27.0059     3.277    -7.205                                 KURHFS 
  5133.412   27.0059     3.277    -7.080                                 KURHFS 
  5133.421   27.0059     3.927    -1.045                                 KURHFS 
  5133.421   27.0059     3.927    -1.538                                 KURHFS 
  5133.421   27.0059     3.927    -2.638                                 KURHFS 
  5133.421 106.00113     1.536    -8.981               3.464            CX05R015
  5133.424      59.0     0.000      0.25                                        
  5133.443   27.0059     3.927    -0.941                                 KURHFS 
  5133.443   27.0059     3.927    -1.502                                 KURHFS 
  5133.443   27.0059     3.927    -2.610                                 KURHFS 
  5133.449 607.01314     0.817    -3.778               7.724          1003Rc0185
  5133.465 112.00124     0.361    -3.018               1.340           11R216b24
  5133.469   27.0059     3.927    -0.845                                 KURHFS 
  5133.469   27.0059     3.927    -1.518                                 KURHFS 
  5133.469   27.0059     3.927    -2.690                                 KURHFS 
  5133.478 607.01314     2.296    -3.272               7.724          1809Rc0285
  5133.482      63.0     1.601      0.05                                        
  5133.484 607.01314     0.817    -2.739               7.724          1003Qa0195
  5133.490 607.01214     0.005    -4.656               7.724          0600Qb0035
  5133.492 106.00112     1.547    -8.743               3.464            CX05R025
  5133.492 607.01214     1.703    -3.352               7.724          1507Ra0015
  5133.498 607.01214     0.005    -5.087               7.724          0600Pd0045
  5133.499   27.0059     3.927    -0.755                                 KURHFS 
  5133.499   27.0059     3.927    -1.600                                 KURHFS 
  5133.499   27.0059     3.927    -2.882                                 KURHFS 
  5133.502 607.01314     2.803    -2.903               7.724          2212Qc0125
  5133.521 607.01314     2.296    -1.998               7.724          1809Qa0295
  5133.528 607.01314     2.803    -2.713               7.724          2212Pa0135
  5133.530 106.00112     1.547   -10.567               3.464            CX05Q025
  5133.535   27.0059     3.927    -0.671                                 KURHFS 
  5133.535   27.0059     3.927    -1.818                                 KURHFS 
  5133.535   27.0059     3.927    -3.271                                 KURHFS 
  5133.569 112.00124     0.361     0.367               1.340           11Q116h24
  5133.613 607.01214     2.416    -3.254               7.724          1910Rd0125
  5133.629      22.1     2.596     -3.96                                        
  5133.636 112.00125     0.361     0.367               1.340           11Q116h25
  5133.639 607.01314     0.876    -2.859               7.724          1003Ra0255
  5133.648 106.00113     2.452    -5.422               3.464            AX45Q255
  5133.689      26.0     4.178      0.36                              DenHarto14
  5133.698 112.00126     0.361     0.367               1.340           11Q116h26
  5133.720 607.01314     1.637    -3.466               7.724          1406Rc0295
  5133.772 607.01314     1.637    -2.150               7.724          1406Qa0305
  5133.783 607.01214     2.925    -2.431               7.724          2212Pb0215
  5133.817 607.01214     1.727    -2.768               7.724          1507Ra0105
  5133.830 106.00113     1.169    -2.985               3.464            BX13Q105
  5133.833      68.1     1.769     -0.36                                        
  5133.838 607.01214     0.031    -4.370               7.724          0600Rb0105
  5133.845 607.01214     1.715    -3.172               7.724          1507Pb0065
  5133.849 607.01214     2.383    -3.915               7.724          1910Rd0005
  5133.860 607.01214     0.031    -4.629               7.724          0600Qd0115
  5133.869 112.00124     0.347    -1.103               1.340           22Q100b24
  5133.897      20.0     5.317     -5.85                                        
  5133.898      44.0     1.697     -1.53                                        
  5133.898 106.00113     1.169    -6.104               3.464            BX13R105
  5133.959       6.0     8.634     -4.25                                        
  5134.005 106.00113     1.169    -6.169               3.464            BX13P115
  5134.033      71.0     2.159     -0.12                                        
  5134.073 106.00113     1.169    -2.917               3.464            BX13Q115
  5134.081 607.01214     2.916    -2.938               7.724          2212Qc0205
  5134.113 607.01214     1.727    -2.606               7.724          1507Qb0095
  5134.117 607.01214     1.755    -2.648               7.724          1507Rb0145
  5134.130 607.01214     1.727    -3.310               7.724          1507Pd0105
  5134.143 607.01214     1.755    -3.022               7.724          1507Qd0155
  5134.198   23.0051     1.217    -8.541                                 KURHFS 
  5134.198   23.0051     1.217    -8.796                                 KURHFS 
  5134.200   23.0051     1.217    -8.342                                 KURHFS 
  5134.200   23.0051     1.217    -8.541                                 KURHFS 
  5134.200   23.0051     1.217   -10.449                                 KURHFS 
  5134.203   23.0051     1.217    -8.278                                 KURHFS 
  5134.203   23.0051     1.217    -8.342                                 KURHFS 
  5134.203   23.0051     1.217    -9.206                                 KURHFS 
  5134.207   23.0051     1.217    -8.278                                 KURHFS 
  5134.207   23.0051     1.217    -8.309                                 KURHFS 
  5134.207   23.0051     1.217    -8.489                                 KURHFS 
  5134.208 112.00124     0.379     0.563               1.340           00Q223h24
  5134.212   23.0051     1.217    -8.083                                 KURHFS 
  5134.212   23.0051     1.217    -8.309                                 KURHFS 
  5134.212   23.0051     1.217    -8.490                                 KURHFS 
  5134.218   23.0051     1.217    -7.791                                 KURHFS 
  5134.218   23.0051     1.217    -8.490                                 KURHFS 
  5134.239 607.01214     2.916    -2.446               7.724          2212Pa0215
  5134.295 112.00125     0.379     0.563               1.340           00Q223h25
  5134.304 607.01314     0.835    -2.712               7.724          1003Qb0205
  5134.319 607.01214     0.118    -5.022               7.724          0600Rd0225
  5134.342 607.01314     0.835    -3.827               7.724          1003Pd0215
  5134.353 112.00124     0.379    -3.193               1.340           00P123b24
  5134.376 112.00126     0.378     0.563               1.340           00Q223h26
  5134.385      26.1     7.268     -4.11                                        
  5134.407 607.01214     1.703    -3.453               7.724          1507Ra0005
  5134.422 112.00124     0.379    -3.193               1.340           00R223b24
  5134.449      58.0     1.162      0.33                                        
  5134.450 607.01214     1.813    -3.409               7.724          1507Rd0225
  5134.475   27.0059     3.927    -4.201                                 KURHFS 
  5134.475   27.0059     3.927    -4.397                                 KURHFS 
  5134.475 607.01314     2.917    -3.298               7.724          2212Rd0275
  5134.483   27.0059     3.927    -4.176                                 KURHFS 
  5134.483   27.0059     3.927    -4.187                                 KURHFS 
  5134.483   27.0059     3.927    -4.397                                 KURHFS 
  5134.489 106.00112     1.705    -6.463               3.464            AX24R175
  5134.496   27.0059     3.927    -4.049                                 KURHFS 
  5134.496   27.0059     3.927    -4.073                                 KURHFS 
  5134.496   27.0059     3.927    -4.176                                 KURHFS 
  5134.497      26.0     4.962     -4.01                                        
  5134.513   27.0059     3.927    -3.882                                 KURHFS 
  5134.513   27.0059     3.927    -4.030                                 KURHFS 
  5134.513   27.0059     3.927    -4.073                                 KURHFS 
  5134.529 106.00113     1.562    -8.226               3.464            CX05Q035
  5134.534   27.0059     3.927    -3.713                                 KURHFS 
  5134.534   27.0059     3.927    -4.030                                 KURHFS 
  5134.534   27.0059     3.927    -4.041                                 KURHFS 
  5134.537 607.01214     1.061    -4.380               7.724          0902Rc0485
  5134.547 607.01314     2.308    -1.997               7.724          1809Qb0295
  5134.560   27.0059     3.927    -3.554                                 KURHFS 
  5134.560   27.0059     3.927    -4.041                                 KURHFS 
  5134.560   27.0059     3.927    -4.118                                 KURHFS 
  5134.565 607.01214     0.007    -4.542               7.724          0600Qb0045
  5134.567 112.00124     0.379     0.582               1.340           00Q123h24
  5134.570 112.00124     0.093     0.016               1.340           00R211h24
  5134.572 106.00113     2.161    -8.146               3.464            AX45P205
  5134.576 607.01214     0.007    -5.028               7.724          0600Pd0055
  5134.584      23.0     1.802     -4.19                                        
  5134.591   27.0059     3.927    -3.406                                 KURHFS 
  5134.591   27.0059     3.927    -4.118                                 KURHFS 
  5134.591   27.0059     3.927    -4.333                                 KURHFS 
  5134.591 607.01314     2.308    -3.314               7.724          1809Pd0305
  5134.626   27.0059     3.927    -3.270                                 KURHFS 
  5134.626   27.0059     3.927    -4.333                                 KURHFS 
  5134.629 607.01214     1.061    -2.651               7.724          0902Qa0495
  5134.647      26.0     3.981     -3.54                                        
  5134.647 112.00124     0.093    -1.942               1.340           00Q111b24
  5134.654 112.00125     0.379     0.582               1.340           00Q123h25
  5134.656 112.00125     0.093     0.016               1.340           00R211h25
  5134.684 106.00113     1.562   -10.674               3.464            CX05R035
  5134.703 607.01214     2.384    -3.504               7.724          1910Rb0015
  5134.704 607.01214     2.384    -3.243               7.724          1910Qd0025
  5134.705 607.01214     2.422    -3.252               7.724          1910Rd0135
  5134.709 607.01314     2.793    -3.326               7.724          2212Pc0105
  5134.712 607.01214     0.003    -5.247               7.724          0600Pb0025
  5134.714 607.01314     1.588    -3.209               7.724          1406Qc0255
  5134.734 112.00126     0.378     0.582               1.340           00Q123h26
  5134.736 112.00126     0.093     0.016               1.340           00R211h26
  5134.737      41.0     0.019     -1.39                                        
  5134.745 607.01214     2.384    -3.779               7.724          1910Rb0005
  5134.746 607.01214     2.384    -3.374               7.724          1910Qd0015
  5134.758 607.01314     1.589    -2.563               7.724          1406Pa0265
  5134.774 607.01314     1.650    -2.149               7.724          1406Qb0305
  5134.792 607.01214     1.732    -2.727               7.724          1507Ra0115
  5134.824 607.01214     2.386    -3.331               7.724          1910Rb0025
  5134.827 607.01214     2.386    -3.151               7.724          1910Qd0035
  5134.827 607.01314     1.650    -3.512               7.724          1406Pd0315
  5134.838 607.01214     0.921    -3.647               7.724          1003Qc0265
  5134.873 607.01314     0.801    -3.167               7.724          1003Pb0165
  5134.888 607.01214     0.921    -2.926               7.724          1003Pa0275
  5134.891 607.01214     1.068    -2.690               7.724          1003Ra0375
  5134.952 607.01214     2.383    -3.543               7.724          1910Qd0005
  5134.959      42.0     2.513     -2.13                                        
  5134.964 607.01314     0.786    -3.541               7.724          1003Qc0145
  5134.992 607.01314     0.786    -3.228               7.724          1003Pa0155
  5134.994 607.01214     0.037    -4.325               7.724          0600Rb0115
  5135.006 106.00112     2.302    -3.395               3.464            AX24R275
  5135.017 607.01314     2.858    -2.350               7.724          2212Ra0215
  5135.018 607.01214     0.037    -4.626               7.724          0600Qd0125
  5135.019      66.0     1.055     -0.99                                        
  5135.023 106.00113     1.562   -10.660               3.464            CX05P045
  5135.047      22.0     3.548     -1.09                                        
  5135.048      26.0     4.987     -3.63                                        
  5135.072 112.00124     0.093     0.044               1.340           00R111h24
  5135.082      71.0     0.247     -0.67                                        
  5135.088   59.1141     0.949    -2.235                                 IV/LAW 
  5135.098      25.0     3.769     -5.17                                        
  5135.105   59.1141     0.949    -2.035                                 IV/LAW 
  5135.111      23.0     3.264     -4.54                                        
  5135.111 112.00124     0.892     0.122               1.340           22P229b24
  5135.112 607.01214     2.387    -3.202               7.724          1910Rb0035
  5135.117 607.01214     2.387    -3.085               7.724          1910Qd0045
  5135.119   59.1141     0.949    -1.987                                 IV/LAW 
  5135.127 607.01314     1.600    -2.553               7.724          1406Pb0265
  5135.131   59.1141     0.949    -0.669                                 IV/LAW 
  5135.132      24.0     4.189     -3.67                                        
  5135.133      26.0     4.962     -3.61                                        
  5135.133   59.1141     0.949    -2.038                                 IV/LAW 
  5135.139 106.00112     2.302    -5.698               3.464            AX24Q275
  5135.143   59.1141     0.949    -0.732                                 IV/LAW 
  5135.146   59.1141     0.949    -2.238                                 IV/LAW 
  5135.154   59.1141     0.949    -0.794                                 IV/LAW 
  5135.160 112.00125     0.093     0.044               1.340           00R111h25
  5135.164   59.1141     0.949    -0.852                                 IV/LAW 
  5135.172   59.1141     0.949    -0.902                                 IV/LAW 
  5135.178 106.00113     1.562    -8.212               3.464            CX05Q045
  5135.178 112.00124     0.182    -1.391               1.340           11R102b24
  5135.180   59.1141     0.949    -0.942                                 IV/LAW 
  5135.186   59.1141     0.949    -2.235                                 IV/LAW 
  5135.193   59.1141     0.949    -2.035                                 IV/LAW 
  5135.198   59.1141     0.949    -1.987                                 IV/LAW 
  5135.199      39.0     2.292      0.08                                        
  5135.203   59.1141     0.949    -2.038                                 IV/LAW 
  5135.206   59.1141     0.949    -2.238                                 IV/LAW 
  5135.232 106.00112     2.302    -3.446               3.464            AX24R265
  5135.240 112.00126     0.093     0.044               1.340           00R111h26
  5135.274 106.00113     1.053    -3.521               3.464            BX13P065
  5135.277 607.01214     1.674    -3.625               7.724          1406Pc0295
  5135.312 106.00113     1.053    -7.649               3.464            BX13Q065
  5135.324      58.0     0.547     -0.47                                        
  5135.337 607.01214     1.703    -3.499               7.724          1507Rc0005
  5135.339 607.01214     1.703    -3.528               7.724          1507Qa0015
  5135.351 607.01214     1.704    -3.446               7.724          1507Rc0015
  5135.355 607.01214     1.704    -3.273               7.724          1507Qa0025
  5135.361 607.01314     0.768    -3.948               7.724          1003Pc0115
  5135.435      22.0     2.776     -3.53                                        
  5135.444      25.0     4.791     -4.34                                        
  5135.464 106.00112     1.233    -3.641               3.464            BX10P275
  5135.510 112.00124     0.892    -2.442               1.340           22Q229b24
  5135.536      27.0     4.144     -1.89                                        
  5135.558 607.01214     1.705    -3.396               7.724          1507Rc0025
  5135.565 607.01214     1.705    -3.112               7.724          1507Qa0035
  5135.565 607.01214     2.390    -3.098               7.724          1910Rb0045
  5135.573 112.00124     1.149    -3.745               1.340           01R139b24
  5135.573 607.01214     2.390    -3.036               7.724          1910Qd0055
  5135.579 106.00112     1.233     0.345               3.464            BX10Q265
  5135.582      64.0     2.108      0.48                                        
  5135.616 607.01314     2.827    -3.124               7.724          2212Rc0165
  5135.621 106.00112     1.233     0.734               3.464            BX10Q275
  5135.647 607.01314     2.827    -2.200               7.724          2212Qa0175
  5135.659 112.00124     0.892     0.139               1.340           22P129b24
  5135.690 106.00113     2.240    -3.917               3.464            AX56P185
  5135.699      24.0     3.077     -5.26                                        
  5135.727 106.00113     1.053    -3.459               3.464            BX13P075
  5135.736 106.00112     1.233    -2.889               3.464            BX10R265
  5135.763 607.01214     0.934    -2.917               7.724          1003Pb0275
  5135.771 607.01314     0.899    -2.851               7.724          1003Rb0265
  5135.772 607.01214     0.010    -4.447               7.724          0600Qb0055
  5135.784 607.01214     0.010    -4.985               7.724          0600Pd0065
  5135.790 106.00113     2.240    -4.091               3.464            AX56P175
  5135.820 607.01314     0.899    -3.597               7.724          1003Qd0275
  5135.859 607.01214     2.384    -3.543               7.724          1910Qb0005
  5135.861 607.01214     2.384    -3.844               7.724          1910Pd0015
  5135.876      62.0     1.472     -0.01                                        
  5135.920      24.0     3.373     -1.57                                        
  5135.934 106.00113     2.073    -7.707               3.464            AX56P135
  5135.949 607.01214     1.737    -2.690               7.724          1507Ra0125
  5135.956 607.01214     1.707    -3.356               7.724          1507Rc0035
  5135.962 607.01214     1.707    -2.990               7.724          1507Qa0045
  5135.965      20.0     5.177     -2.60                                        
  5135.973 607.01214     2.428    -3.252               7.724          1910Rd0145
  5135.979      70.1     4.095     -0.78                                        
  5136.014   23.0051     1.847   -10.117                                 KURHFS 
  5136.015   23.0051     1.847    -9.699                                 KURHFS 
  5136.015   23.0051     1.847    -9.837                                 KURHFS 
  5136.015   23.0051     1.847    -9.837                                 KURHFS 
  5136.015   23.0051     1.847   -10.117                                 KURHFS 
  5136.015   23.0051     1.847   -10.439                                 KURHFS 
  5136.015   23.0051     1.847   -11.138                                 KURHFS 
  5136.016   23.0051     1.847    -9.633                                 KURHFS 
  5136.016   23.0051     1.847    -9.699                                 KURHFS 
  5136.016   23.0051     1.847    -9.992                                 KURHFS 
  5136.017   23.0051     1.847    -9.626                                 KURHFS 
  5136.017   23.0051     1.847    -9.633                                 KURHFS 
  5136.017   23.0051     1.847    -9.661                                 KURHFS 
  5136.019   23.0051     1.847    -9.398                                 KURHFS 
  5136.019   23.0051     1.847    -9.626                                 KURHFS 
  5136.019   23.0051     1.847    -9.691                                 KURHFS 
  5136.020   23.0051     1.847    -9.179                                 KURHFS 
  5136.020   23.0051     1.847    -9.691                                 KURHFS 
  5136.020   23.0051     1.847    -9.895                                 KURHFS 
  5136.022   23.0051     1.847    -8.992                                 KURHFS 
  5136.022   23.0051     1.847    -9.895                                 KURHFS 
  5136.025 112.00124     0.340     0.313               1.340           11Q215h24
  5136.036      64.0     0.880     -0.68                                        
  5136.080 112.00124     0.858     0.021               1.340           22P228b24
  5136.087 112.00125     0.340     0.313               1.340           11Q215h25
  5136.093      26.0     4.186     -2.09                              NIST/E    
  5136.123 112.00124     0.340    -2.991               1.340           11P115b24
  5136.144 112.00126     0.339     0.313               1.340           11Q215h26
  5136.176 607.01214     1.197    -4.104               7.724          1003Rd0445
  5136.188 607.01214     2.392    -3.010               7.724          1910Rb0055
  5136.196 607.01214     1.732    -2.555               7.724          1507Qb0105
  5136.197 607.01214     2.392    -2.998               7.724          1910Qd0065
  5136.218 607.01214     1.732    -3.300               7.724          1507Pd0115
  5136.222 607.01214     0.129    -5.029               7.724          0600Rd0235
  5136.229 112.00124     0.535    -1.840               1.340           33P206b24
  5136.234 607.01214     1.718    -3.094               7.724          1507Pb0075
  5136.245 607.01214     1.762    -2.615               7.724          1507Rb0155
  5136.258 112.00124     0.198    -0.336               1.340           11R205h24
  5136.269 106.00113     2.240    -5.552               3.464            AX56Q175
  5136.272 607.01214     1.762    -3.024               7.724          1507Qd0165
  5136.290 607.01214     0.043    -4.283               7.724          0600Rb0125
  5136.293      23.1     3.750     -2.92                                        
  5136.294 112.00124     0.198    -1.705               1.340           11Q105b24
  5136.297 106.00112     1.445    -4.407               3.464            BX11P255
  5136.316 607.01214     0.043    -4.625               7.724          0600Qd0135
  5136.318 112.00125     0.198    -0.336               1.340           11R205h25
  5136.321      26.1     6.212     -3.95                                        
  5136.341 112.00124     0.340    -2.990               1.340           11R215b24
  5136.373 112.00126     0.198    -0.336               1.340           11R205h26
  5136.420 607.01314     0.826    -3.784               7.724          1003Rc0195
  5136.439 112.00124     0.340     0.341               1.340           11Q115h24
  5136.456 607.01314     0.826    -2.714               7.724          1003Qa0205
  5136.461 112.00124     1.149     0.444               1.340           00P242b24
  5136.468      73.0     0.749     -2.27                                        
  5136.502 112.00125     0.340     0.341               1.340           11Q115h25
  5136.511      22.0     2.776     -2.77                                        
  5136.526 607.01214     0.005    -5.071               7.724          0600Pb0035
  5136.536 607.01314     2.842    -2.170               7.724          2212Qb0185
  5136.545 607.01214     1.709    -3.325               7.724          1507Rc0045
  5136.549      44.0     0.997     -0.94                                        
  5136.555 607.01214     1.709    -2.891               7.724          1507Qa0055
  5136.558 607.01214     2.384    -3.306               7.724          1910Qb0015
  5136.560 112.00126     0.339     0.341               1.340           11Q115h26
  5136.563 607.01214     2.384    -3.613               7.724          1910Pd0025
  5136.572 607.01314     2.842    -3.162               7.724          2212Pd0195
  5136.600 607.01314     2.808    -2.898               7.724          2212Qc0135
  5136.610      26.1     6.218     -4.55                                        
  5136.629 607.01314     2.808    -2.670               7.724          2212Pa0145
  5136.640      26.0     3.926     -4.36                                        
  5136.656      26.0     3.926     -3.96                                        
  5136.699 607.01314     2.821    -2.602               7.724          2212Pb0155
  5136.701 112.00124     0.348    -1.105               1.340           22Q201b24
  5136.707 112.00124     1.149    -2.537               1.340           00Q242b24
  5136.710 112.00124     0.348    -1.406               1.340           22P101b24
  5136.737 106.00113     2.436    -2.628               3.464            AX52R355
  5136.751 607.01314     1.557    -3.546               7.724          1406Pc0225
  5136.754 106.00113     2.454    -3.448               3.464            AX45P265
  5136.761      26.0     4.962     -2.95                                        
  5136.802      26.1     2.842     -4.49                                        
  5136.808 607.01314     0.887    -2.841               7.724          1003Ra0265
  5136.818 112.00124     0.858    -2.194               1.340           22Q228b24
  5136.834      60.1     0.630     -1.28                                        
  5136.845 106.00113     1.013    -5.538               3.464            BX13P045
  5136.894      22.0     3.176     -2.48                                        
  5136.901 112.00124     1.149     0.456               1.340           00P142b24
  5136.936 607.01214     1.085    -2.696               7.724          1003Rb0375
  5136.937 607.01214     0.989    -3.910               7.724          1003Rc0315
  5136.943      26.0     4.987     -3.07                                        
  5136.955 607.01314     2.876    -2.342               7.724          2212Rb0225
  5136.965 112.00124     0.858     0.054               1.340           22P128b24
  5136.969      23.0     1.798     -4.16                                        
  5136.978 607.01214     2.395    -2.934               7.724          1910Rb0065
  5136.986 607.01214     2.395    -2.970               7.724          1910Qd0075
  5136.988 607.01214     1.823    -3.416               7.724          1507Rd0235
  5136.997 607.01214     0.989    -2.499               7.724          1003Qa0325
  5136.999 607.01314     2.876    -2.916               7.724          2212Qd0235
  5137.007 607.01214     1.085    -3.714               7.724          1003Qd0385
  5137.021 112.00124     0.198    -0.291               1.340           11R105h24
  5137.046      92.1     0.798     -2.20                                        
  5137.074      28.0     1.675     -1.94                              Wood14    
  5137.085 112.00125     0.198    -0.291               1.340           11R105h25
  5137.088      24.1     6.817     -1.53                                        
  5137.110 607.01214     0.013    -4.365               7.724          0600Qb0065
  5137.114      58.0     1.020      0.10                                        
  5137.125 607.01214     0.013    -4.954               7.724          0600Pd0075
  5137.134 106.00112     2.463    -5.422               3.464            AX45Q255
  5137.141 106.00112     2.302    -7.673               3.464            AX34P265
  5137.143 112.00126     0.198    -0.291               1.340           11R105h26
  5137.164 106.00113     1.250    -7.305               3.464            AX02R195
  5137.191 106.00112     2.463    -3.447               3.464            AX45P265
  5137.205 607.01214     1.704    -3.621               7.724          1507Qc0015
  5137.205 607.01214     1.704    -4.109               7.724          1507Pa0025
  5137.259 607.01214     2.899    -3.289               7.724          2212Pc0185
  5137.290 607.01214     1.743    -2.655               7.724          1507Ra0135
  5137.310 106.00112     2.463    -3.650               3.464            AX45P255
  5137.324 607.01214     1.712    -3.301               7.724          1507Rc0055
  5137.333 607.01214     1.712    -2.806               7.724          1507Qa0065
  5137.346 607.01314     2.806    -3.402               7.724          2111Pc0345
  5137.361      20.0     5.041     -3.20                                        
  5137.382      26.0     4.178     -0.43                              NIST/D    
  5137.392 106.00113     2.454    -3.651               3.464            AX45P255
  5137.418 607.01214     2.434    -3.254               7.724          1910Rd0155
  5137.427 607.01214     2.386    -3.122               7.724          1910Qb0025
  5137.430 607.01214     2.386    -3.483               7.724          1910Pd0035
  5137.481      21.0     4.183     -1.65                                        
  5137.483      26.0     3.651     -8.07                                        
  5137.484 607.01314     2.262    -3.019               7.724          1809Qc0255
  5137.489       6.0     8.636     -3.67                                        
  5137.504 106.00113     2.074    -7.746               3.464            AX56P135
  5137.523 607.01314     2.262    -2.393               7.724          1809Pa0265
  5137.535 607.01214     2.346    -3.421               7.724          1809Pc0285
  5137.576 607.01214     0.975    -3.043               7.724          0902Pb0445
  5137.602      23.0     1.868     -2.01                               LAWNOHFS 
  5137.663      22.0     3.177     -2.03                                        
  5137.664 607.01214     2.384    -3.844               7.724          1910Pb0015
  5137.729 607.01214     0.049    -4.245               7.724          0600Rb0135
  5137.757 607.01214     0.049    -4.626               7.724          0600Qd0145
  5137.775 607.01314     0.844    -2.688               7.724          1003Qb0215
  5137.777 607.01214     2.955    -2.014               7.724          2212Qa0255
  5137.787      58.0     0.719     -0.48                                        
  5137.815 607.01314     0.844    -3.834               7.724          1003Pd0225
  5137.842 106.00113     1.719    -9.310               3.464            CX05P105
  5137.877 607.01214     2.955    -3.195               7.724          2212Rc0245
  5137.931      24.0     3.419     -1.77                                        
  5137.938 607.01214     2.398    -2.867               7.724          1910Rb0075
  5137.948 607.01214     2.398    -2.948               7.724          1910Qd0085
  5137.966 106.00113     1.719    -8.671               3.464            CX05P115
  5137.974      22.0     3.176     -2.58                                        
  5137.993 106.00113     2.241    -3.918               3.464            AX56P185
  5138.003      58.0     0.000     -1.20                                        
  5138.055 607.01314     2.231    -3.354               7.724          1809Pc0225
  5138.061 607.01314     0.793    -3.543               7.724          1003Qc0155
  5138.071 607.01314     2.797    -3.307               7.724          2212Pc0115
  5138.078 106.00113     2.454    -5.464               3.464            AX45Q255
  5138.091 607.01314     0.793    -3.191               7.724          1003Pa0165
  5138.101 106.00113     2.225    -3.445               3.464            AX24R265
  5138.124 607.01314     2.273    -2.383               7.724          1809Pb0265
  5138.149 607.01214     1.705    -3.414               7.724          1507Qc0025
  5138.150 106.00112     1.914    -3.794               3.464            AX13R255
  5138.156 607.01214     1.705    -3.758               7.724          1507Pa0035
  5138.166 106.00112     1.581   -10.818               3.464            CX05R045
  5138.184      26.0     5.980     -2.80                              PK15THEOR 
  5138.185      26.0     5.008     -3.58                                        
  5138.204 106.00113     2.242    -4.091               3.464            AX56P175
  5138.225 106.00112     1.581    -8.210               3.464            CX05Q045
  5138.229 106.00113     1.719   -14.351               3.464            CX05Q105
  5138.245 106.00112     1.914    -3.810               3.464            AX13R245
  5138.263      22.0     2.266     -4.42                                        
  5138.276 607.01214     0.140    -5.037               7.724          0600Rd0245
  5138.293 607.01214     1.715    -3.283               7.724          1507Rc0065
  5138.299 106.00113     2.225    -3.487               3.464            AX24R255
  5138.304 607.01214     1.715    -2.733               7.724          1507Qa0075
  5138.340 106.00112     1.914    -6.003               3.464            AX13Q255
  5138.342 607.01314     2.867    -2.328               7.724          2212Ra0225
  5138.346 112.00124     0.349     0.545               1.340           00Q222h24
  5138.350      23.0     3.244     -4.09                                        
  5138.361 106.00113     2.225    -5.746               3.464            AX24Q265
  5138.400      74.0     3.498     -0.05                                        
  5138.406      23.0     2.267     -0.05                               LAWNOHFS 
  5138.418 607.01314     2.928    -3.307               7.724          2212Rd0285
  5138.421 106.00112     1.255    -7.305               3.464            AX02R195
  5138.427 112.00125     0.348     0.545               1.340           00Q222h25
  5138.447 607.01214     1.737    -2.507               7.724          1507Qb0115
  5138.454 607.01214     2.387    -2.983               7.724          1910Qb0035
  5138.463 607.01214     2.387    -3.397               7.724          1910Pd0045
  5138.467 607.01214     1.737    -3.294               7.724          1507Pd0125
  5138.471 607.01214     0.007    -4.938               7.724          0600Pb0045
  5138.486 112.00124     0.349    -3.173               1.340           00P122b24
  5138.501 112.00126     0.348     0.545               1.340           00Q222h26
  5138.505 106.00112     2.009    -6.305               3.464            AX35R185
  5138.522      24.0     3.373     -2.80                                        
  5138.540 607.01214     1.770    -2.584               7.724          1507Rb0165
  5138.540 607.01314     0.809    -3.135               7.724          1003Pb0175
  5138.556 607.01214     0.886    -3.985               7.724          1003Pc0235
  5138.565 112.00124     0.349    -3.173               1.340           00R222b24
  5138.569 607.01214     1.770    -3.027               7.724          1507Qd0175
  5138.582 607.01214     0.017    -4.293               7.724          0600Qb0075
  5138.589 607.01214     1.204    -2.864               7.724          0902Rb0545
  5138.598 607.01214     0.017    -4.931               7.724          0600Pd0085
  5138.606      24.1     6.863     -3.82                                        
  5138.608 106.00112     2.165    -8.088               3.464            AX45P205
  5138.622 607.01314     2.308    -3.280               7.724          1809Rc0295
  5138.650 607.01214     1.004    -2.498               7.724          1003Qb0325
  5138.657 607.01214     2.966    -2.012               7.724          2212Qb0255
  5138.666 607.01314     2.308    -1.982               7.724          1809Qa0305
  5138.684 106.00113     2.242    -5.583               3.464            AX56Q175
  5138.685 106.00112     1.581    -8.247               3.464            CX05Q055
  5138.691      26.0     4.309     -3.58                                        
  5138.692 607.01214     1.204    -4.175               7.724          0902Qd0555
  5138.695 106.00112     1.758   -13.003               3.464            CX05Q115
  5138.706      24.0     0.982     -3.95                                        
  5138.706 112.00124     0.349     0.565               1.340           00Q122h24
  5138.712 607.01214     1.004    -3.960               7.724          1003Pd0335
  5138.716 112.00124     0.320     0.284               1.340           11Q214h24
  5138.726 607.01314     0.774    -3.936               7.724          1003Pc0125
  5138.729 106.00112     1.092    -6.576               3.464            BX02P155
  5138.744 106.00112     1.581   -10.911               3.464            CX05P055
  5138.773 112.00125     0.320     0.284               1.340           11Q214h25
  5138.781 607.01214     1.722    -3.025               7.724          1507Pb0085
  5138.786      27.0     4.392     -4.44                                        
  5138.787 112.00125     0.348     0.565               1.340           00Q122h25
  5138.791 112.00124     0.351    -1.285               1.340           22Q202b24
  5138.806 112.00124     0.351    -1.041               1.340           22P102b24
  5138.808 112.00124     0.320    -2.962               1.340           11P114b24
  5138.814 106.00112     1.758    -8.276               3.464            CX05P125
  5138.814 106.00112     1.758    -8.668               3.464            CX05P115
  5138.817 607.01214     1.749    -2.622               7.724          1507Ra0145
  5138.826 112.00126     0.319     0.284               1.340           11Q214h26
  5138.829 607.01314     2.835    -3.129               7.724          2212Rc0175
  5138.840      24.0     3.373     -1.75                                        
  5138.855 106.00112     2.080    -7.707               3.464            AX56P135
  5138.862 112.00126     0.348     0.565               1.340           00Q122h26
  5138.862 607.01314     2.835    -2.171               7.724          2212Qa0185
  5138.878       6.0     8.636     -4.16                                        
  5139.000      22.0     3.177     -3.62                                        
  5139.011 106.00112     2.249    -5.551               3.464            AX56Q175
  5139.030 607.01214     2.925    -2.944               7.724          2212Qc0215
  5139.041 607.01214     2.441    -3.256               7.724          1910Rd0165
  5139.050 112.00124     0.320    -2.961               1.340           11R214b24
  5139.068 607.01214     2.402    -2.808               7.724          1910Rb0085
  5139.082 607.01214     2.402    -2.932               7.724          1910Qd0095
  5139.094 106.00112     2.249    -4.091               3.464            AX56P175
  5139.107 106.00112     1.173    -2.984               3.464            BX13Q105
  5139.114 106.00112     2.249    -3.917               3.464            AX56P185
  5139.120 607.01214     2.935    -2.407               7.724          2212Pb0225
  5139.137 607.01214     2.925    -2.421               7.724          2212Pa0225
  5139.142 112.00124     0.320     0.314               1.340           11Q114h24
  5139.147 112.00124     0.355    -1.261               1.340           22P203b24
  5139.153      24.0     5.618     -2.96                                        
  5139.172 106.00112     1.173    -6.103               3.464            BX13R105
  5139.201 112.00125     0.320     0.314               1.340           11Q114h25
  5139.212      24.0     4.183     -3.19                                        
  5139.252      26.0     3.000     -0.73                              Ruffoni14 
  5139.255      28.0     3.655     -1.10                                        
  5139.255 112.00126     0.319     0.314               1.340           11Q114h26
  5139.259      22.0     2.504     -2.93                                        
  5139.267 607.01214     2.386    -3.568               7.724          1910Pb0025
  5139.277 106.00112     1.173    -6.168               3.464            BX13P115
  5139.290 607.01214     1.707    -3.298               7.724          1507Qc0035
  5139.298 607.01214     1.707    -3.549               7.724          1507Pa0045
  5139.311 607.01214     0.056    -4.210               7.724          0600Rb0145
  5139.340 607.01214     0.056    -4.629               7.724          0600Qd0155
  5139.342 106.00112     1.173    -2.916               3.464            BX13Q115
  5139.377 607.01314     0.911    -2.833               7.724          1003Rb0275
  5139.409      23.0     1.798     -6.24                                        
  5139.420      22.0     3.543     -1.18                                        
  5139.428 607.01314     0.911    -3.604               7.724          1003Qd0285
  5139.431      42.0     3.731     -1.54                                        
  5139.450 607.01214     1.718    -3.269               7.724          1507Rc0075
  5139.463      26.0     2.940     -0.51                              NIST/B+   
  5139.464 607.01214     1.718    -2.668               7.724          1507Qa0085
  5139.499   23.0051     2.364    -4.490                                 KURHFS 
  5139.500   23.0051     2.364    -4.227                                 KURHFS 
  5139.500   23.0051     2.364    -4.423                                 KURHFS 
  5139.502   23.0051     2.364    -4.023                                 KURHFS 
  5139.502   23.0051     2.364    -4.227                                 KURHFS 
  5139.502   23.0051     2.364    -5.122                                 KURHFS 
  5139.504   23.0051     2.364    -3.853                                 KURHFS 
  5139.504   23.0051     2.364    -4.122                                 KURHFS 
  5139.504   23.0051     2.364    -4.967                                 KURHFS 
  5139.507   23.0051     2.364    -3.707                                 KURHFS 
  5139.507   23.0051     2.364    -4.075                                 KURHFS 
  5139.507   23.0051     2.364    -4.967                                 KURHFS 
  5139.512   23.0051     2.364    -3.578                                 KURHFS 
  5139.512   23.0051     2.364    -4.081                                 KURHFS 
  5139.512   23.0051     2.364    -5.064                                 KURHFS 
  5139.517   23.0051     2.364    -3.462                                 KURHFS 
  5139.517   23.0051     2.364    -4.154                                 KURHFS 
  5139.517   23.0051     2.364    -5.268                                 KURHFS 
  5139.522   23.0051     2.364    -3.357                                 KURHFS 
  5139.522   23.0051     2.364    -4.365                                 KURHFS 
  5139.522   23.0051     2.364    -5.666                                 KURHFS 
  5139.527 106.00112     2.231    -3.445               3.464            AX24R265
  5139.549       6.0     8.636     -3.32                                        
  5139.554 607.01314     0.835    -3.791               7.724          1003Rc0205
  5139.577 106.00112     2.231    -3.487               3.464            AX24R255
  5139.579 106.00112     1.539    -9.453               3.464            CX05R005
  5139.592 607.01314     0.835    -2.689               7.724          1003Qa0215
  5139.599      66.1     0.000     -2.07                                        
  5139.646      24.0     3.419     -0.46                                        
  5139.657 607.01214     2.390    -2.870               7.724          1910Qb0045
  5139.661 607.01214     2.390    -3.335               7.724          1910Pd0055
  5139.662 106.00112     2.231    -5.745               3.464            AX24Q265
  5139.690 112.00124     0.078    -0.020               1.340           00R210h24
  5139.698 607.01214     1.834    -3.423               7.724          1507Rd0245
  5139.714 607.01214     0.013    -4.475               7.724          0600Ra0075
  5139.728 607.01214     0.010    -4.531               7.724          0600Ra0065
  5139.745      21.0     5.381     -3.59                                        
  5139.758      23.0     3.252     -3.64                                        
  5139.761 112.00124     0.078    -1.907               1.340           00Q110b24
  5139.767 112.00125     0.078    -0.020               1.340           00R210h25
  5139.768      58.0     0.159     -1.12                                        
  5139.787 607.01314     1.600    -3.216               7.724          1406Qc0265
  5139.811      59.0     0.171     -0.09                                        
  5139.833 607.01314     1.600    -2.543               7.724          1406Pa0275
  5139.840 112.00126     0.077    -0.020               1.340           00R210h26
  5139.870 607.01214     0.017    -4.423               7.724          0600Ra0085
  5139.892      24.0     3.419     -4.57                                        
  5139.896 607.01314     2.814    -2.896               7.724          2212Qc0145
  5139.901      24.1     6.798     -3.45                                        
  5139.913 607.01214     0.007    -4.593               7.724          0600Ra0055
  5139.924 607.01314     2.814    -2.630               7.724          2212Pa0155
  5139.981 607.01314     2.321    -1.981               7.724          1809Qb0305
  5140.003 607.01214     1.705    -4.249               7.724          1507Pc0025
  5140.028 607.01314     2.321    -3.322               7.724          1809Pd0315
  5140.035 106.00113     1.550    -8.296               3.464            CX05Q025
  5140.087 106.00113     1.572    -5.786               3.464            BX12P245
  5140.104 607.01214     0.934    -3.655               7.724          1003Qc0275
  5140.105 106.00113     1.251    -7.248               3.464            AX02R195
  5140.113 607.01214     1.084    -2.651               7.724          0902Qb0495
  5140.136      27.1     5.204     -2.56                                        
  5140.139 607.01314     0.899    -2.823               7.724          1003Ra0275
  5140.155 106.00113     1.550   -10.537               3.464            CX05R025
  5140.156 607.01214     0.934    -2.907               7.724          1003Pa0285
  5140.188 607.01214     0.021    -4.229               7.724          0600Qb0085
  5140.194      26.1     6.214     -4.31                                        
  5140.195 607.01214     0.021    -4.376               7.724          0600Ra0095
  5140.199 112.00124     0.191    -0.409               1.340           11R204h24
  5140.206 112.00124     0.078     0.010               1.340           00R110h24
  5140.206 607.01214     0.021    -4.915               7.724          0600Pd0095
  5140.207 106.00113     1.572    -1.802               3.464            BX12Q235
  5140.207 607.01214     1.084    -4.447               7.724          0902Pd0505
  5140.229 112.00124     0.191    -1.645               1.340           11Q104b24
  5140.231 106.00113     1.572    -1.348               3.464            BX12Q245
  5140.232 607.01214     1.085    -2.678               7.724          1003Ra0385
  5140.253 112.00125     0.191    -0.409               1.340           11R204h25
  5140.271 607.01214     0.005    -4.662               7.724          0600Ra0045
  5140.273      69.1     2.945     -0.64                                        
  5140.286 112.00125     0.078     0.010               1.340           00R110h25
  5140.302 112.00126     0.191    -0.409               1.340           11R204h26
  5140.334 607.01314     2.850    -2.143               7.724          2212Qb0195
  5140.351 106.00113     1.572    -4.909               3.464            BX12R235
  5140.359 112.00126     0.077     0.010               1.340           00R110h26
  5140.370 607.01214     2.406    -2.754               7.724          1910Rb0095
  5140.372 607.01314     2.850    -3.167               7.724          2212Pd0205
  5140.381 106.00113     2.294    -7.601               3.464            AX34P265
  5140.385 607.01214     2.406    -2.920               7.724          1910Qd0105
  5140.428 106.00112     2.081    -7.745               3.464            AX56P135
  5140.468 106.00112     1.056    -3.520               3.464            BX13P065
  5140.480 607.01214     0.975    -4.145               7.724          0902Qc0445
  5140.481 607.01214     0.152    -5.044               7.724          0600Rd0255
  5140.500 607.01314     1.612    -2.534               7.724          1406Pb0275
  5140.502 112.00124     0.021    -1.589               1.340           00R105b24
  5140.505 106.00112     1.056    -7.648               3.464            BX13Q065
  5140.507      58.0     0.302     -0.61                                        
  5140.519      26.0     3.045     -4.81                                        
  5140.528 607.01214     1.755    -2.592               7.724          1507Ra0155
  5140.546 607.01214     0.010    -4.831               7.724          0600Pb0055
  5140.565 607.01214     0.975    -3.035               7.724          0902Pa0455
  5140.566      26.0     4.581     -3.29                                        
  5140.575      41.0     1.572     -1.30                                        
  5140.591 106.00112     2.111   -10.093               3.464            CX05P195
  5140.599      24.0     5.619     -1.65                                        
  5140.624 607.01214     1.709    -3.222               7.724          1507Qc0045
  5140.632 607.01314     2.827    -2.568               7.724          2212Pb0165
  5140.634 607.01214     1.709    -3.397               7.724          1507Pa0055
  5140.688 607.01214     0.026    -4.332               7.724          0600Ra0105
  5140.700 112.00124     0.544    -1.775               1.340           33P207b24
  5140.709 106.00113     2.003    -6.304               3.464            AX35R185
  5140.758 607.01214     1.361    -4.537               7.724          0902Rd0615
  5140.770 106.00113     1.550   -10.415               3.464            CX05P035
  5140.774      90.0     0.788     -1.59                                        
  5140.795 607.01214     1.722    -3.260               7.724          1507Rc0085
  5140.802 607.01214     0.003    -4.739               7.724          0600Ra0035
  5140.811 607.01214     1.722    -2.611               7.724          1507Qa0095
  5140.815 607.01314     2.886    -2.321               7.724          2212Rb0235
  5140.830      64.1     1.574     -0.81                              DenHarto06
  5140.842 607.01214     2.448    -3.260               7.724          1910Rd0175
  5140.855 607.01214     1.742    -2.464               7.724          1507Qb0125
  5140.860 607.01314     2.886    -2.923               7.724          2212Qd0245
  5140.877 607.01214     1.743    -3.291               7.724          1507Pd0135
  5140.890 106.00113     1.714    -4.192               3.464            AX02R265
  5140.891 106.00113     1.550    -8.225               3.464            CX05Q035
  5140.895      26.0     2.940     -0.48                              Ruffoni14 
  5140.922 106.00112     2.010    -6.252               3.464            AX35R185
  5140.925 106.00112     1.056    -3.458               3.464            BX13P075
  5140.967 106.00112     1.721    -4.192               3.464            AX02R265
  5140.971 112.00124     0.355    -1.409               1.340           22Q203b24
  5140.993 112.00124     0.355    -0.833               1.340           22P103b24
