a line list in the range:    5399.00   5411.00
  5399.038 607.01314     2.040    -3.304               7.724          1608Pc0255
  5399.044 106.00113     1.835    -3.768               3.464            AX46R045
  5399.056      58.0     0.646     -0.61                                        
  5399.099      60.1     0.932     -1.41                                        
  5399.113 106.00112     1.443    -3.785               3.464            AX02Q225
  5399.113 106.00113     2.180    -3.472               3.464            AX13P285
  5399.146 607.01214     1.545    -3.300               7.724          1306Rd0185
  5399.168 106.00112     1.443    -6.583               3.464            AX02R215
  5399.171 607.01314     2.806    -2.078               7.724          2011Rb0345
  5399.183 607.01314     0.512    -3.833               7.724          0802Rd0095
  5399.223 607.01314     2.806    -3.007               7.724          2011Qd0355
  5399.238 607.01314     0.517    -3.824               7.724          0802Rd0105
  5399.274 607.01314     0.508    -3.846               7.724          0802Rd0085
  5399.299 106.00112     1.567    -4.861               3.464            AX35Q045
  5399.306   21.0045     0.000    -5.066                                 KURHFS 
  5399.306   21.0045     0.000    -5.242                                 KURHFS 
  5399.311 106.00112     1.443    -6.169               3.464            AX02P225
  5399.312 106.00113     1.835    -3.767               3.464            AX46R045
  5399.314   21.0045     0.000    -4.941                                 KURHFS 
  5399.314   21.0045     0.000    -5.066                                 KURHFS 
  5399.323 607.01214     1.468    -2.380               7.724          1205Pb0315
  5399.325   21.0045     0.000    -4.941                                 KURHFS 
  5399.325   21.0045     0.000    -5.055                                 KURHFS 
  5399.325   21.0045     0.000    -5.260                                 KURHFS 
  5399.337   21.0045     0.000    -4.644                                 KURHFS 
  5399.337   21.0045     0.000    -5.055                                 KURHFS 
  5399.367 106.00112     1.443    -3.805               3.464            AX02Q215
  5399.373 106.00113     1.835    -4.825               3.464            AX46Q055
  5399.403 106.00113     2.511    -8.734               3.464            AX14R305
  5399.410 607.01214     1.472    -3.132               7.724          1306Qb0025
  5399.416 607.01214     1.472    -3.498               7.724          1306Pd0035
  5399.435 607.01314     2.740    -3.185               7.724          2011Rc0295
  5399.440 607.01314     0.522    -3.819               7.724          0802Rd0115
  5399.450   25.0055     3.850    -1.345                                 KURHFS 
  5399.455   25.0055     3.850    -1.213                                 KURHFS 
  5399.455 106.00112     1.567    -4.853               3.464            AX35Q045
  5399.461 106.00112     1.567    -3.851               3.464            AX35R045
  5399.461 106.00113     1.789    -5.448               3.464            AX35R125
  5399.465   25.0055     3.850    -1.315                                 KURHFS 
  5399.465   25.0055     3.850    -1.713                                 KURHFS 
  5399.478   25.0055     3.850    -2.922                                 KURHFS 
  5399.479 607.01214     0.512    -4.464               7.724          0701Pc0325
  5399.481 607.01314     2.740    -1.860               7.724          2011Qa0305
  5399.485 106.00113     1.789    -3.286               3.464            AX35Q125
  5399.489 106.00112     1.483    -6.024               3.464            AX13R175
  5399.494   25.0055     3.850    -1.345                                 KURHFS 
  5399.497   25.0055     3.850    -1.387                                 KURHFS 
  5399.508 607.01314     0.505    -3.864               7.724          0802Rd0075
  5399.521   25.0055     3.850    -1.213                                 KURHFS 
  5399.522   25.0055     3.850    -0.838                                 KURHFS 
  5399.536 106.00113     1.789    -3.254               3.464            AX35Q135
  5399.550 607.01214     0.664    -2.789               7.724          0802Ra0265
  5399.555   25.0055     3.850    -1.315                                 KURHFS 
  5399.560      58.0     0.910     -0.56                                        
  5399.561 106.00113     1.789    -5.294               3.464            AX35P135
  5399.594      58.0     0.398     -0.85                                        
  5399.604 106.00113     1.835    -4.816               3.464            AX46Q055
  5399.618 106.00112     1.567    -3.852               3.464            AX35R045
  5399.621 106.00112     1.483    -3.496               3.464            AX13Q175
  5399.624      25.0     4.270     -4.49                                        
  5399.645 106.00112     1.483    -3.475               3.464            AX13Q185
  5399.653      25.0     4.270     -4.29                                        
  5399.667      22.0     3.106     -2.64                                        
  5399.705 607.01214     2.175    -2.913               7.724          1709Qc0075
  5399.719 607.01214     2.175    -2.919               7.724          1709Pa0085
  5399.722 106.00113     1.835    -3.695               3.464            AX46R055
  5399.758      27.0     4.206     -0.38                                        
  5399.776 106.00112     1.483    -5.748               3.464            AX13P185
  5399.787 607.01214     1.489    -2.813               7.724          1306Rb0085
  5399.789 607.01314     0.527    -3.816               7.724          0802Rd0125
  5399.805 607.01214     1.489    -2.958               7.724          1306Qd0095
  5399.821 607.01214     1.471    -3.856               7.724          1306Pb0015
  5399.886 607.01314     0.502    -3.888               7.724          0802Rd0065
  5399.897      20.0     5.177     -1.62                                        
  5399.940      66.1     0.540     -2.42                              Wickliff00
  5399.952 106.00113     1.835    -3.696               3.464            AX46R055
  5400.043      22.0     3.145     -3.50                                        
  5400.067 607.01214     0.558    -3.528               7.724          0802Qc0145
  5400.072 607.01214     2.193    -3.058               7.724          1709Rc0115
  5400.074      26.0     4.412     -4.28                                        
  5400.076      23.0     3.213     -1.56                                        
  5400.088 106.00112     1.809    -5.179               3.464            AX46R025
  5400.093 607.01214     2.193    -2.291               7.724          1709Qa0125
  5400.097 607.01214     2.211    -2.210               7.724          1709Qb0145
  5400.099 607.01214     0.558    -3.170               7.724          0802Pa0155
  5400.117 607.01214     2.169    -3.491               7.724          1709Pc0055
  5400.121 106.00112     1.809    -5.170               3.464            AX46R025
  5400.122 607.01214     2.211    -3.101               7.724          1709Pd0155
  5400.265 607.01214     0.573    -3.112               7.724          0802Pb0165
  5400.288 607.01314     0.533    -3.815               7.724          0802Rd0135
  5400.321   23.0051     2.294    -6.644                                 KURHFS 
  5400.321   23.0051     2.294    -6.711                                 KURHFS 
  5400.321   23.0051     2.294    -7.343                                 KURHFS 
  5400.322   23.0051     2.294    -6.448                                 KURHFS 
  5400.322   23.0051     2.294    -6.448                                 KURHFS 
  5400.322   23.0051     2.294    -7.188                                 KURHFS 
  5400.324   23.0051     2.294    -6.244                                 KURHFS 
  5400.324   23.0051     2.294    -6.343                                 KURHFS 
  5400.324   23.0051     2.294    -7.188                                 KURHFS 
  5400.327   23.0051     2.294    -6.074                                 KURHFS 
  5400.327   23.0051     2.294    -6.296                                 KURHFS 
  5400.327   23.0051     2.294    -7.285                                 KURHFS 
  5400.330   23.0051     2.294    -5.928                                 KURHFS 
  5400.330   23.0051     2.294    -6.302                                 KURHFS 
  5400.330   23.0051     2.294    -7.489                                 KURHFS 
  5400.333   23.0051     2.294    -5.799                                 KURHFS 
  5400.333   23.0051     2.294    -6.375                                 KURHFS 
  5400.333   23.0051     2.294    -7.887                                 KURHFS 
  5400.338   23.0051     2.294    -5.683                                 KURHFS 
  5400.338   23.0051     2.294    -6.586                                 KURHFS 
  5400.343   23.0051     2.294    -5.578                                 KURHFS 
  5400.343 106.00112     1.793    -5.431               3.464            AX35R125
  5400.388 106.00112     1.793    -3.286               3.464            AX35Q125
  5400.399 607.01214     2.310    -3.248               7.724          1709Rd0265
  5400.400      26.0     4.952     -1.80                                        
  5400.406      24.0     3.419     -4.19                                        
  5400.407 607.01314     0.499    -3.920               7.724          0802Rd0055
  5400.414 607.01214     2.829    -3.269               7.724          2112Rd0065
  5400.418      24.1     4.494     -2.90                                        
  5400.450      69.1     2.981     -0.78                              Wickliff97
  5400.459      42.0     2.597     -1.40                              NIST/B+   
  5400.471 607.01214     2.827    -3.303               7.724          2112Rd0055
  5400.478 607.01214     1.474    -2.991               7.724          1306Qb0035
  5400.478 607.01314     1.298    -3.446               7.724          1205Pc0195
  5400.486 607.01214     1.474    -3.412               7.724          1306Pd0045
  5400.492 607.01214     0.595    -3.129               7.724          0701Pb0375
  5400.501      26.0     4.368     -0.16                                        
  5400.503 607.01214     0.766    -3.274               7.724          0600Qb0565
  5400.541 106.00112     1.793    -3.253               3.464            AX35Q135
  5400.543 607.01214     2.832    -3.244               7.724          2112Rd0075
  5400.558      23.0     2.576     -5.51                                        
  5400.586 106.00112     1.793    -5.308               3.464            AX35P135
  5400.596      24.0     3.373     -0.47                                        
  5400.624 607.01214     0.766    -5.196               7.724          0600Pd0575
  5400.628 607.01214     0.689    -2.735               7.724          0701Qb0425
  5400.655      26.0     3.632     -2.59                                        
  5400.675      28.0     5.000     -3.07                                        
  5400.680 106.00112     2.146    -8.242               3.464            AX50R375
  5400.681 607.01214     0.524    -5.228               7.724          0600Pc0465
  5400.696 607.01214     0.599    -3.769               7.724          0802Rc0195
  5400.715 607.01214     2.825    -3.348               7.724          2112Rd0045
  5400.719 607.01214     0.689    -4.403               7.724          0701Pd0435
  5400.738 607.01214     0.599    -2.660               7.724          0802Qa0205
  5400.759 106.00113     1.538    -5.101               3.464            AX35R015
  5400.760 106.00113     1.538    -5.094               3.464            AX35R015
  5400.772      24.0     3.842     -3.46                                        
  5400.785      23.0     3.224     -2.63                                        
  5400.802      22.0     3.332     -3.22                                        
  5400.851      26.0     4.952     -2.43                                        
  5400.860 607.01214     2.835    -3.225               7.724          2112Rd0085
  5400.870 607.01314     2.753    -1.863               7.724          2011Qb0305
  5400.879 106.00112     1.209    -7.267               3.464            BX03R125
  5400.905      92.0     1.275     -0.60                                        
  5400.917 607.01314     2.753    -3.171               7.724          2011Pd0315
  5400.933 112.00124     0.679    -0.663               1.340           23R216b24
  5400.936 607.01214     1.494    -2.759               7.724          1306Rb0095
  5400.936 607.01314     0.539    -3.815               7.724          0802Rd0145
  5400.946      92.1     0.669     -2.09                                        
  5400.956 607.01214     1.494    -2.947               7.724          1306Qd0105
  5400.957 607.01214     1.553    -3.306               7.724          1306Rd0195
  5400.989 106.00113     1.563    -5.640               3.464            AX24R135
  5401.019 607.01214     0.539    -3.924               7.724          0802Pc0115
  5401.034 112.00124     0.679    -2.823               1.340           23Q116b24
  5401.057 106.00113     1.563    -3.387               3.464            AX24Q135
  5401.067 607.01314     0.497    -3.964               7.724          0802Rd0045
  5401.145 607.01214     2.823    -3.408               7.724          2112Rd0035
  5401.148 607.01214     2.250    -2.329               7.724          1709Rb0195
  5401.177 106.00113     1.563    -3.360               3.464            AX24Q145
  5401.182 607.01214     2.250    -2.841               7.724          1709Qd0205
  5401.202      58.0     0.849     -0.32                                        
  5401.206      58.0     0.460     -0.71                                        
  5401.206 106.00112     1.324    -3.952               3.464            AX24R055
  5401.235 106.00112     2.454    -6.136               3.464            AX52R355
  5401.246 106.00113     1.563    -5.459               3.464            AX24P145
  5401.252      21.0     4.602     -3.27                                        
  5401.262      20.0     5.317     -2.48                                        
  5401.269      26.0     4.320     -1.89                              NIST/E    
  5401.274      26.0     5.102     -3.99                                        
  5401.291 607.01214     0.791    -4.019               7.724          0802Rd0355
  5401.352      24.0     2.980     -4.21                                        
  5401.365 607.01214     2.839    -3.211               7.724          2112Rd0095
  5401.379      22.0     0.818     -2.90                                 LAWLER 
  5401.380 607.01214     2.193    -2.681               7.724          1709Pb0115
  5401.398      44.0     1.697     -1.77                                        
  5401.411 112.00124     0.679    -0.642               1.340           23R116b24
  5401.454      20.0     5.295     -6.33                                        
  5401.485 607.01214     2.233    -2.335               7.724          1709Ra0185
  5401.498      28.0     5.016     -3.79                                        
  5401.520      26.0     4.100     -3.80                                        
  5401.615 607.01214     1.472    -3.579               7.724          1306Pb0025
  5401.619      26.0     4.073     -4.42                                        
  5401.622 106.00112     1.324    -3.952               3.464            AX24R055
  5401.700      24.0     4.613     -2.19                                        
  5401.704 607.01214     1.476    -2.878               7.724          1306Qb0045
  5401.705 607.01214     1.113    -5.277               7.724          0600Rd0695
  5401.714 607.01214     1.476    -3.352               7.724          1306Pd0055
  5401.717 106.00112     1.324    -5.172               3.464            AX24Q065
  5401.719 112.00124     0.977    -0.378               1.340           01Q235b24
  5401.736 607.01314     0.545    -3.817               7.724          0802Rd0155
  5401.759 607.01214     2.822    -3.494               7.724          2112Rd0025
  5401.798 106.00112     1.324    -3.897               3.464            AX24R065
  5401.833      23.0     2.682     -2.43                                        
  5401.868 607.01314     0.495    -4.024               7.724          0802Rd0035
  5401.912 112.00124     0.977    -4.495               1.340           01P135b24
  5401.915 112.00124     0.977    -4.495               1.340           01R235b24
  5401.926      23.0     2.357      0.01                                        
  5401.943 106.00112     1.794    -5.448               3.464            AX35R125
  5401.954      20.0     5.296     -4.03                                        
  5401.986      20.0     5.041     -3.11                                        
  5401.987 607.01214     1.413    -3.527               7.724          1205Pc0275
  5401.988 106.00112     1.794    -3.285               3.464            AX35Q125
  5401.990      27.0     4.237     -0.26                                        
  5401.997 607.01314     0.527    -4.275               7.724          0701Rc0345
  5402.005 607.01214     2.179    -2.891               7.724          1709Qc0085
  5402.008      23.1     6.491     -1.63                                        
  5402.021 607.01214     2.179    -2.846               7.724          1709Pa0095
  5402.043      65.1     0.641     -1.48                                        
  5402.044 106.00112     1.794    -3.253               3.464            AX35Q135
  5402.058 607.01214     2.843    -3.201               7.724          2112Rd0105
  5402.069 607.01314     0.527    -2.803               7.724          0701Qa0355
  5402.070      26.0     4.909     -2.17                                        
  5402.080 106.00112     1.324    -5.162               3.464            AX24Q065
  5402.089 106.00112     1.794    -5.293               3.464            AX35P135
  5402.108 112.00124     0.977    -0.366               1.340           01Q135b24
  5402.118 607.01214     0.640    -3.662               7.724          0600Pb0515
  5402.122      25.0     5.392     -1.66                                        
  5402.161 106.00112     1.324    -3.897               3.464            AX24R065
  5402.205 607.01214     0.689    -2.783               7.724          0802Rb0275
  5402.208      20.0     4.677     -2.29                                        
  5402.224 106.00113     2.552    -3.512               3.464            AX53R345
  5402.249      20.0     5.386     -3.92                                        
  5402.251 607.01214     1.498    -2.711               7.724          1306Rb0105
  5402.264 607.01214     0.689    -3.579               7.724          0802Qd0285
  5402.273 607.01214     1.498    -2.940               7.724          1306Qd0115
  5402.334 607.01314     1.347    -2.493               7.724          1205Pb0245
  5402.376 607.01214     2.199    -3.058               7.724          1709Rc0125
  5402.398 607.01214     2.199    -2.251               7.724          1709Qa0135
  5402.483 607.01214     2.161    -3.373               7.724          1608Pc0315
  5402.493 106.00113     2.552    -7.740               3.464            AX03Q345
  5402.518 106.00113     2.552    -5.766               3.464            AX03R335
  5402.525      73.0     0.000     -2.04                                        
  5402.528 607.01214     0.619    -2.634               7.724          0802Qb0215
  5402.542      26.0     5.082     -2.35                                        
  5402.558 106.00112     1.484    -6.046               3.464            AX13R175
  5402.559      58.0     0.684     -0.76                                        
  5402.559 607.01214     2.821    -3.622               7.724          2112Rd0015
  5402.564 106.00112     1.484    -3.476               3.464            AX13Q185
  5402.565 607.01314     0.454    -4.007               7.724          0701Qc0295
  5402.566      71.0     0.000     -1.51                                        
  5402.569   25.0055     2.918    -3.615                                 KURHFS 
  5402.574   25.0055     2.918    -4.393                                 KURHFS 
  5402.574   25.0055     2.918    -4.393                                 KURHFS 
  5402.574 607.01214     0.619    -3.825               7.724          0802Pd0225
  5402.578   25.0055     2.918    -3.878                                 KURHFS 
  5402.581   25.0055     2.918    -4.230                                 KURHFS 
  5402.581   25.0055     2.918    -4.230                                 KURHFS 
  5402.584 607.01314     2.088    -2.984               7.724          1608Qc0295
  5402.585   25.0055     2.918    -4.209                                 KURHFS 
  5402.588   25.0055     2.918    -4.225                                 KURHFS 
  5402.588   25.0055     2.918    -4.225                                 KURHFS 
  5402.590   25.0055     2.918    -4.656                                 KURHFS 
  5402.592   25.0055     2.918    -4.327                                 KURHFS 
  5402.592   25.0055     2.918    -4.327                                 KURHFS 
  5402.594   25.0055     2.918    -5.355                                 KURHFS 
  5402.595   25.0055     2.918    -4.589                                 KURHFS 
  5402.595   25.0055     2.918    -4.589                                 KURHFS 
  5402.627 607.01314     0.454    -3.220               7.724          0701Pa0305
  5402.636 607.01314     2.088    -2.236               7.724          1608Pa0305
  5402.684 106.00113     1.753    -5.395               3.464            AX35R115
  5402.688 607.01314     0.552    -3.821               7.724          0802Rd0165
  5402.689 106.00112     1.484    -3.496               3.464            AX13Q175
  5402.695 106.00112     1.484    -5.728               3.464            AX13P185
  5402.699   21.0045     0.000    -4.336                                 KURHFS 
  5402.703      22.0     0.818     -3.77                                 LAWLER 
  5402.708   21.0045     0.000    -4.315                                 KURHFS 
  5402.708   21.0045     0.000    -4.792                                 KURHFS 
  5402.718   21.0045     0.000    -4.315                                 KURHFS 
  5402.718   21.0045     0.000    -4.461                                 KURHFS 
  5402.731   21.0045     0.000    -3.994                                 KURHFS 
  5402.738 106.00113     1.753    -3.321               3.464            AX35Q115
  5402.754 607.01314     1.336    -3.108               7.724          1205Qc0235
  5402.767      63.0     1.638      0.36                                        
  5402.770      39.1     1.839     -0.31                              Biemont11 
  5402.796 607.01214     2.172    -3.416               7.724          1709Pc0065
  5402.801 607.01314     1.336    -2.505               7.724          1205Pa0245
  5402.808 607.01314     0.494    -4.108               7.724          0802Rd0025
  5402.863 112.00124     0.928    -0.210               1.340           12Q230b24
  5402.871 106.00113     1.564    -5.658               3.464            AX24R135
  5402.884 106.00113     1.753    -3.287               3.464            AX35Q125
  5402.885 607.01214     0.766    -5.127               7.724          0600Rc0565
  5402.890 112.00126     0.643    -0.687               1.340           12R221h26
  5402.913 112.00125     0.644    -0.687               1.340           12R221h25
  5402.930 112.00124     0.645    -0.687               1.340           12R221h24
  5402.938 106.00113     1.753    -5.283               3.464            AX35P125
  5402.941 607.01214     2.848    -3.195               7.724          2112Rd0115
  5402.943 607.01214     1.562    -3.312               7.724          1306Rd0205
  5402.950 106.00113     1.564    -3.360               3.464            AX24Q145
  5402.950 106.00113     1.564    -3.387               3.464            AX24Q135
  5403.004      23.0     1.941     -4.57                                        
  5403.006 607.01214     0.766    -3.265               7.724          0600Qa0575
  5403.028 106.00113     1.564    -5.443               3.464            AX24P145
  5403.031 112.00124     0.928    -3.668               1.340           12P130b24
  5403.065 112.00124     0.645    -3.107               1.340           12Q121b24
  5403.089 607.01214     1.479    -2.783               7.724          1306Qb0055
  5403.091 112.00124     0.928    -3.654               1.340           12R230b24
  5403.101 607.01214     1.479    -3.307               7.724          1306Pd0065
  5403.163 607.01314     2.705    -2.893               7.724          2011Qc0265
  5403.174 607.01214     0.676    -2.772               7.724          0802Ra0275
  5403.187      92.1     0.717     -2.23                                        
  5403.204 607.01314     2.705    -2.250               7.724          2011Pa0275
  5403.210      24.0     3.165     -5.69                                        
  5403.223 607.01314     0.404    -4.335               7.724          0701Pc0255
  5403.245      26.0     5.082     -3.83                                        
  5403.246 106.00112     1.483    -2.948               3.464            BX13P175
  5403.259 112.00124     0.928    -0.195               1.340           12Q130h24
  5403.280      20.0     4.677     -1.94                                        
  5403.281 607.01214     2.218    -2.175               7.724          1709Qb0155
  5403.308 607.01214     2.218    -3.103               7.724          1709Pd0165
  5403.314 112.00125    -0.124    -0.195               1.340           12Q130h25
  5403.316 112.00126    -0.124    -0.195               1.340           12Q130h26
  5403.350      26.0     5.102     -0.90                                        
  5403.356 106.00112     1.483    -7.043               3.464            BX13Q175
  5403.385 112.00126     0.643    -0.670               1.340           12R121h26
  5403.412 112.00125     0.644    -0.670               1.340           12R121h25
  5403.428 112.00124     0.645    -0.670               1.340           12R121h24
  5403.444      76.0     4.503     -0.20                                        
  5403.507 106.00112     1.483    -2.928               3.464            BX13P185
  5403.509      73.0     1.872     -2.09                                        
  5403.522 607.01214     0.565    -3.531               7.724          0802Qc0155
  5403.530 106.00113     2.364    -3.719               3.464            AX02P345
  5403.544 607.01214     2.820    -3.852               7.724          2112Rd0005
  5403.556 607.01214     0.565    -3.134               7.724          0802Pa0165
  5403.567 607.01214     1.474    -3.403               7.724          1306Pb0035
  5403.581 106.00112     1.841    -3.767               3.464            AX46R045
  5403.665 607.01314     2.674    -3.230               7.724          2011Pc0235
  5403.686      42.0     3.922     -0.61                                        
  5403.699      62.0     0.185     -0.87                                        
  5403.704      14.0     5.611     -2.62                                        
  5403.717 607.01214     0.595    -4.097               7.724          0701Qc0375
  5403.733 607.01214     1.504    -2.666               7.724          1306Rb0115
  5403.757 607.01214     1.504    -2.936               7.724          1306Qd0125
  5403.794 607.01314     0.560    -3.825               7.724          0802Rd0175
  5403.798      28.0     5.490     -3.55                                        
  5403.798 607.01214     0.595    -3.123               7.724          0701Pa0385
  5403.822      26.0     4.076     -0.98                              Belmonte17
  5403.827 106.00113     2.364    -6.525               3.464            AX02Q335
  5403.833 106.00112     1.542    -5.100               3.464            AX35R015
  5403.836 106.00112     1.542    -5.094               3.464            AX35R015
  5403.847 607.01214     0.932    -3.480               7.724          0600Rb0625
  5403.849 106.00112     1.841    -3.767               3.464            AX46R045
  5403.871 607.01314     0.468    -3.212               7.724          0701Pb0305
  5403.887 607.01314     0.493    -4.235               7.724          0802Rd0015
  5403.935      14.0     5.611     -3.10                                        
  5403.969 607.01214     2.321    -3.255               7.724          1709Rd0275
  5403.975 607.01314     0.543    -2.803               7.724          0701Qb0355
  5403.977 607.01214     0.689    -4.454               7.724          0701Rc0425
  5403.981 607.01214     0.932    -4.920               7.724          0600Qd0635
  5403.986 106.00113     1.646    -3.672               3.464            BX03R205
  5404.012      22.0     2.332     -1.03                                 LAWLER 
  5404.015 607.01214     2.853    -3.191               7.724          2112Rd0125
  5404.027 106.00113     1.013    -6.170               3.464            AX13R055
  5404.048 607.01314     0.543    -4.324               7.724          0701Pd0365
  5404.068 607.01214     0.689    -2.720               7.724          0701Qa0435
  5404.074 106.00113     1.753    -5.411               3.464            AX35R115
  5404.083 106.00113     1.646    -7.901               3.464            BX03Q215
  5404.087 106.00113     1.753    -3.321               3.464            AX35Q115
  5404.090      21.1     4.846     -2.18                                        
  5404.090 106.00113     2.364    -3.729               3.464            AX02P335
  5404.099      23.0     2.372     -3.42                                        
  5404.101 106.00112     1.842    -4.824               3.464            AX46Q055
  5404.103 106.00112     1.568    -5.640               3.464            AX24R135
  5404.117      26.0     4.309      0.54                                        
  5404.128 607.01214     0.609    -3.776               7.724          0802Rc0205
  5404.152      26.0     4.435      0.52                              NIST/B+   
  5404.167 607.01214     1.626    -2.824               7.724          0902Pb0695
  5404.169 106.00112     1.568    -3.386               3.464            AX24Q135
  5404.173 607.01214     0.609    -2.636               7.724          0802Qa0215
  5404.179 106.00113     1.754    -3.287               3.464            AX35Q125
  5404.192 106.00113     1.754    -5.269               3.464            AX35P125
  5404.195      66.0     0.512     -1.35                                        
  5404.207 607.01214     2.241    -2.311               7.724          1709Ra0195
  5404.215 106.00112     1.842    -3.694               3.464            AX46R055
  5404.229 106.00113     1.646    -3.526               3.464            BX03R215
  5404.266 607.01314     2.717    -2.238               7.724          2011Pb0275
  5404.291 106.00113     1.013    -6.151               3.464            AX13R055
  5404.304 106.00112     1.568    -3.359               3.464            AX24Q145
  5404.332 106.00112     1.842    -4.815               3.464            AX46Q055
  5404.338 106.00113     1.551    -4.042               3.464            AX35R025
  5404.341 607.01214     0.581    -3.081               7.724          0802Pb0175
  5404.352      58.0     0.888     -0.19                                        
  5404.369 106.00112     1.568    -5.458               3.464            AX24P145
  5404.410 607.01314     2.100    -2.229               7.724          1608Pb0305
  5404.414 106.00112     2.521    -3.377               3.464            AX13P335
  5404.420 607.01214     2.822    -3.443               7.724          2112Rb0015
  5404.446 106.00112     1.842    -3.695               3.464            AX46R055
  5404.450 106.00113     1.552    -4.041               3.464            AX35R025
  5404.457 607.01214     2.259    -2.305               7.724          1709Rb0205
  5404.458      72.0     2.452     -1.21                                        
  5404.471 607.01214     2.821    -3.717               7.724          2112Rb0005
  5404.478 112.00124     0.876    -0.195               1.340           23Q224b24
  5404.492 607.01214     2.259    -2.846               7.724          1709Qd0215
  5404.515 607.01214     2.183    -2.874               7.724          1709Qc0095
  5404.516 607.01214     2.822    -3.179               7.724          2112Qd0025
  5404.529 607.01214     2.821    -3.311               7.724          2112Qd0015
  5404.532 607.01214     2.183    -2.782               7.724          1709Pa0105
  5404.541 106.00112     2.521    -6.074               3.464            AX13Q325
  5404.549      26.0     4.730     -2.56                                        
  5404.555 607.01214     2.823    -3.271               7.724          2112Rb0025
  5404.615 112.00124     0.876    -3.812               1.340           23P124b24
  5404.630 106.00112     2.280    -8.806               3.464            AX03R305
  5404.633 607.01214     1.482    -2.702               7.724          1306Qb0065
  5404.635      20.0     5.449     -7.13                                        
  5404.648 607.01214     1.482    -3.274               7.724          1306Pd0075
  5404.665      14.0     5.609     -0.53                                        
  5404.688 607.01214     2.823    -3.087               7.724          2112Qd0035
  5404.718      45.0     3.646      0.20                                        
  5404.726 607.01214     2.820    -3.480               7.724          2112Qd0005
  5404.744 112.00124     0.876    -3.811               1.340           23R224b24
  5404.791 106.00112     2.521    -3.398               3.464            AX13P325
  5404.800      59.1     1.049     -1.34                                LINOHFS 
  5404.828 607.01214     0.545    -3.914               7.724          0802Pc0125
  5404.864 106.00113     0.948    -4.404               3.464            AX02R125
  5404.876 607.01214     2.825    -3.142               7.724          2112Rb0035
  5404.881 112.00124     0.876    -0.177               1.340           23Q124b24
  5404.883 607.01214     2.199    -2.635               7.724          1709Pb0125
  5404.883 607.01214     2.205    -3.058               7.724          1709Rc0135
  5404.887 607.01214     0.640    -4.896               7.724          0600Qc0515
  5404.907 607.01214     2.205    -2.214               7.724          1709Qa0145
  5404.917      73.0     2.134     -1.29                                        
  5404.978 106.00113     2.180    -8.771               3.464            AX03R295
  5404.991      24.0     3.373     -0.99                                        
  5404.998 607.01214     0.640    -3.655               7.724          0600Pa0525
  5405.000      26.1     2.542     -7.28                                        
  5405.027 106.00113     0.948    -4.382               3.464            AX02R135
  5405.045      24.0     4.774     -2.74                                        
  5405.045 607.01214     2.825    -3.021               7.724          2112Qd0045
  5405.048      26.0     5.082     -3.15                                        
  5405.053 607.01314     0.568    -3.830               7.724          0802Rd0185
  5405.066      20.0     5.817     -1.36                                        
  5405.103 607.01314     0.492    -4.463               7.724          0802Rd0005
  5405.105 106.00113     0.948    -6.183               3.464            AX02Q135
  5405.105 607.01214     1.571    -3.319               7.724          1306Rd0215
  5405.133      40.0     0.632     -2.27                                        
  5405.161      26.0     5.066     -3.41                                        
  5405.209      90.1     0.514     -3.27                              Nils02/28%
  5405.218      62.0     0.036     -0.92                                        
  5405.251   27.0059     0.922    -8.877                                 KURHFS 
  5405.255   27.0059     0.922    -8.614                                 KURHFS 
  5405.255   27.0059     0.922    -8.810                                 KURHFS 
  5405.258 106.00113     1.552    -4.752               3.464            AX35Q035
  5405.262   27.0059     0.922    -8.410                                 KURHFS 
  5405.262   27.0059     0.922    -8.614                                 KURHFS 
  5405.262   27.0059     0.922    -9.509                                 KURHFS 
  5405.274   27.0059     0.922    -8.240                                 KURHFS 
  5405.274   27.0059     0.922    -8.509                                 KURHFS 
  5405.274   27.0059     0.922    -9.354                                 KURHFS 
  5405.281 607.01214     2.858    -3.189               7.724          2112Rd0135
  5405.290   27.0059     0.922    -8.094                                 KURHFS 
  5405.290   27.0059     0.922    -8.462                                 KURHFS 
  5405.290   27.0059     0.922    -9.354                                 KURHFS 
  5405.309   27.0059     0.922    -7.965                                 KURHFS 
  5405.309   27.0059     0.922    -8.468                                 KURHFS 
  5405.309   27.0059     0.922    -9.451                                 KURHFS 
  5405.320      63.0     2.058     -0.22                                        
  5405.332   27.0059     0.922    -7.849                                 KURHFS 
  5405.332   27.0059     0.922    -8.541                                 KURHFS 
  5405.332   27.0059     0.922    -9.655                                 KURHFS 
  5405.344 106.00113     1.552    -4.747               3.464            AX35Q035
  5405.350      26.0     4.386     -1.39                              NIST/C    
  5405.358   27.0059     0.922    -7.744                                 KURHFS 
  5405.358   27.0059     0.922    -8.752                                 KURHFS 
  5405.358   27.0059     0.922   -10.053                                 KURHFS 
  5405.361 607.01314     2.753    -3.198               7.724          2011Rc0305
  5405.364 112.00124     0.578    -2.614               1.340           23R110b24
  5405.367 106.00112     1.758    -5.395               3.464            AX35R115
  5405.384 607.01214     1.509    -2.625               7.724          1306Rb0125
  5405.385 607.01214     2.827    -3.038               7.724          2112Rb0045
  5405.395 106.00112     1.758    -3.321               3.464            AX35Q115
  5405.406 607.01314     2.052    -3.311               7.724          1608Pc0265
  5405.407 607.01314     2.753    -1.844               7.724          2011Qa0315
  5405.410 607.01214     1.509    -2.934               7.724          1306Qd0135
  5405.479 106.00113     1.552    -3.916               3.464            AX35R035
  5405.484      20.0     5.957     -3.77                                        
  5405.544 106.00113     2.552    -6.313               3.464            AX56P235
  5405.563 106.00113     1.552    -3.917               3.464            AX35R035
  5405.575   23.0051     0.262    -4.940                                 KURHFS 
  5405.575   23.0051     0.262    -5.417                                 KURHFS 
  5405.587 106.00112     1.758    -3.286               3.464            AX35Q125
  5405.588 607.01214     2.827    -2.971               7.724          2112Qd0055
  5405.601 607.01314     1.307    -3.450               7.724          1205Pc0205
  5405.605   23.0051     0.262    -4.940                                 KURHFS 
  5405.605   23.0051     0.262    -5.086                                 KURHFS 
  5405.616 106.00112     1.758    -5.282               3.464            AX35P125
  5405.672   23.0051     1.929    -3.923                                 KURHFS 
  5405.672   23.0051     1.929    -4.178                                 KURHFS 
  5405.676 607.01214     2.821    -3.480               7.724          2112Qb0005
  5405.677 607.01214     1.476    -3.271               7.724          1306Pb0045
  5405.685   23.0051     1.929    -3.724                                 KURHFS 
  5405.685   23.0051     1.929    -3.923                                 KURHFS 
  5405.685   23.0051     1.929    -5.831                                 KURHFS 
  5405.686 607.01214     2.175    -3.361               7.724          1709Pc0075
  5405.705   23.0051     1.929    -3.660                                 KURHFS 
  5405.705   23.0051     1.929    -3.724                                 KURHFS 
  5405.705   23.0051     1.929    -4.588                                 KURHFS 
  5405.732   23.0051     1.929    -3.660                                 KURHFS 
  5405.732   23.0051     1.929    -3.691                                 KURHFS 
  5405.732   23.0051     1.929    -3.871                                 KURHFS 
  5405.734 607.01214     2.821    -3.781               7.724          2112Pd0015
  5405.765   23.0051     1.929    -3.465                                 KURHFS 
  5405.765   23.0051     1.929    -3.691                                 KURHFS 
  5405.765   23.0051     1.929    -3.872                                 KURHFS 
  5405.770 607.01214     0.808    -4.030               7.724          0802Rd0365
  5405.773      42.0     3.389     -1.43                              NIST/B    
  5405.775      26.0     0.990     -1.84                              NIST/A    
  5405.805   23.0051     1.929    -3.173                                 KURHFS 
  5405.805   23.0051     1.929    -3.872                                 KURHFS 
  5405.846      73.0     2.154     -1.81                                        
  5405.868 106.00113     1.169    -7.303               3.464            BX03R115
  5405.879 106.00112     1.523    -3.942               3.464            BX11P265
  5405.909 607.01314     0.495    -3.872               7.724          0802Rb0025
  5405.916 607.01314     0.495    -3.701               7.724          0802Qd0035
  5405.928      26.0     4.909     -1.73                                        
  5405.953 607.01314     0.494    -4.046               7.724          0802Rb0015
  5405.958 607.01314     0.494    -3.791               7.724          0802Qd0025
  5405.975      92.1     1.040     -1.91                                        
  5405.982   25.0055     2.886    -3.268                                 KURHFS 
  5405.990   25.0055     2.886    -4.364                                 KURHFS 
  5405.996   25.0055     2.886    -5.779                                 KURHFS 
  5405.997   25.0055     2.886    -3.372                                 KURHFS 
  5406.003   25.0055     2.886    -4.176                                 KURHFS 
  5406.004 607.01314     0.497    -3.742               7.724          0802Rb0035
  5406.008   25.0055     2.886    -5.444                                 KURHFS 
  5406.009   25.0055     2.886    -3.485                                 KURHFS 
  5406.013 607.01314     0.497    -3.636               7.724          0802Qd0045
  5406.014   25.0055     2.886    -4.138                                 KURHFS 
  5406.016 106.00112     1.569    -5.658               3.464            AX24R135
  5406.018   25.0055     2.886    -3.607                                 KURHFS 
  5406.018   25.0055     2.886    -5.347                                 KURHFS 
  5406.022   25.0055     2.886    -4.193                                 KURHFS 
  5406.025   25.0055     2.886    -5.478                                 KURHFS 
  5406.026   25.0055     2.886    -3.737                                 KURHFS 
  5406.029   25.0055     2.886    -4.381                                 KURHFS 
  5406.031   25.0055     2.886    -3.870                                 KURHFS 
  5406.082 106.00112     1.569    -3.386               3.464            AX24Q135
  5406.083 607.01214     2.829    -2.950               7.724          2112Rb0055
  5406.101 106.00112     1.569    -3.359               3.464            AX24Q145
  5406.134 607.01314     0.493    -4.321               7.724          0802Rb0005
  5406.137 607.01314     0.493    -3.921               7.724          0802Qd0015
  5406.160      60.1     1.356     -0.84                              DenHarto03
  5406.167 106.00112     1.569    -5.442               3.464            AX24P145
  5406.180      22.0     3.567     -0.05                                        
  5406.185      23.0     3.265     -3.64                                        
  5406.231 106.00113     1.105    -4.065               3.464            AX13R085
  5406.238 607.01314     0.499    -3.638               7.724          0802Rb0045
  5406.249 607.01314     0.499    -3.588               7.724          0802Qd0055
  5406.251 607.01214     0.702    -2.766               7.724          0802Rb0285
  5406.278 607.01214     0.932    -3.469               7.724          0600Ra0635
  5406.279 607.01214     1.626    -4.260               7.724          0902Qc0695
  5406.312 607.01214     0.702    -3.582               7.724          0802Qd0295
  5406.316 106.00113     0.775    -6.882               3.464            AX02R085
  5406.317 607.01214     2.829    -2.933               7.724          2112Qd0065
  5406.335      26.0     4.073     -2.01                                        
  5406.340 607.01214     1.485    -2.630               7.724          1306Qb0075
  5406.356 607.01214     1.485    -3.250               7.724          1306Pd0085
  5406.376      42.0     2.757     -1.55                              NIST/B    
  5406.399      24.0     3.844     -2.51                                        
  5406.423 607.01214     1.626    -2.818               7.724          0902Pa0705
  5406.428 607.01214     2.822    -3.244               7.724          2112Qb0015
  5406.446 106.00112     2.281    -6.474               3.464            AX02Q325
  5406.454 607.01314     0.492    -4.088               7.724          0802Qd0005
  5406.468 607.01314     0.576    -3.835               7.724          0802Rd0195
  5406.478 607.01214     0.630    -2.611               7.724          0802Qb0225
  5406.503 106.00113     1.821    -3.843               3.464            AX46R035
  5406.524 607.01214     2.822    -3.550               7.724          2112Pd0025
  5406.526 607.01214     0.630    -3.833               7.724          0802Pd0235
  5406.541 106.00112     2.281    -3.731               3.464            AX02P335
  5406.569      22.0     3.713     -3.13                                        
  5406.582 106.00113     1.105    -5.585               3.464            AX13Q095
  5406.585 106.00113     1.105    -4.031               3.464            AX13R095
  5406.604   27.0059     1.881    -5.813                                 KURHFS 
  5406.604   27.0059     1.881    -6.068                                 KURHFS 
  5406.612 607.01314     0.502    -3.549               7.724          0802Rb0055
  5406.625   27.0059     1.881    -5.614                                 KURHFS 
  5406.625   27.0059     1.881    -5.813                                 KURHFS 
  5406.625   27.0059     1.881    -7.721                                 KURHFS 
  5406.625 607.01314     0.502    -3.552               7.724          0802Qd0065
  5406.650 607.01214     2.225    -2.143               7.724          1709Qb0165
  5406.658   27.0059     1.881    -5.550                                 KURHFS 
  5406.658   27.0059     1.881    -5.614                                 KURHFS 
  5406.658   27.0059     1.881    -6.478                                 KURHFS 
  5406.663 106.00112     2.438    -6.041               3.464            AX13Q315
  5406.667      58.1     1.642     -1.11                                        
  5406.667 106.00113     0.949    -4.404               3.464            AX02R125
  5406.679 607.01214     2.225    -3.106               7.724          1709Pd0175
  5406.682 106.00113     1.822    -3.843               3.464            AX46R035
  5406.701   27.0059     1.881    -5.550                                 KURHFS 
  5406.701   27.0059     1.881    -5.581                                 KURHFS 
  5406.701   27.0059     1.881    -5.761                                 KURHFS 
  5406.712 106.00113     0.949    -4.382               3.464            AX02R135
  5406.720      22.0     2.504     -2.13                                        
  5406.739 607.01214     2.864    -3.189               7.724          2112Rd0145
  5406.750 106.00112     2.281    -3.743               3.464            AX02P325
  5406.756   27.0059     1.881    -5.355                                 KURHFS 
  5406.756   27.0059     1.881    -5.581                                 KURHFS 
  5406.756   27.0059     1.881    -5.762                                 KURHFS 
  5406.758 106.00112     1.758    -5.410               3.464            AX35R115
  5406.759 106.00112     2.438    -3.399               3.464            AX13P325
  5406.775      26.0     4.368     -1.72                                        
  5406.786 106.00112     1.758    -3.321               3.464            AX35Q115
  5406.790 106.00113     0.949    -6.161               3.464            AX02Q135
  5406.823   27.0059     1.881    -5.063                                 KURHFS 
  5406.823   27.0059     1.881    -5.762                                 KURHFS 
  5406.887 106.00112     1.758    -3.287               3.464            AX35Q125
  5406.904 106.00112     2.438    -3.417               3.464            AX13P315
  5406.916 106.00112     1.758    -5.269               3.464            AX35P125
  5406.946 607.01214     0.528    -4.475               7.724          0701Pc0335
  5406.970 607.01214     2.832    -2.875               7.724          2112Rb0065
  5406.986 607.01214     0.689    -2.755               7.724          0802Ra0285
  5406.994 106.00113     1.822    -4.737               3.464            AX46Q045
  5406.996 106.00113     0.776    -6.855               3.464            AX02R085
  5407.060 607.01314     2.766    -1.848               7.724          2011Qb0315
  5407.108 607.01314     2.766    -3.175               7.724          2011Pd0325
  5407.127 607.01314     0.505    -3.473               7.724          0802Rb0065
  5407.130 607.01214     2.250    -2.288               7.724          1709Ra0205
  5407.135 106.00113     1.105    -4.065               3.464            AX13R085
  5407.142 607.01314     0.505    -3.524               7.724          0802Qd0075
  5407.143 106.00113     1.822    -4.729               3.464            AX46Q045
  5407.160 607.01214     0.573    -3.535               7.724          0802Qc0165
  5407.181      26.0     5.064     -1.98                                        
  5407.186      24.0     3.847     -2.64                                        
  5407.196 607.01214     0.573    -3.100               7.724          0802Pa0175
  5407.205 607.01214     1.516    -2.587               7.724          1306Rb0135
  5407.212      24.0     3.548     -4.01                                        
  5407.233 607.01214     1.516    -2.934               7.724          1306Qd0145
  5407.233 607.01214     2.188    -2.862               7.724          1709Qc0105
  5407.234 607.01214     2.832    -2.904               7.724          2112Qd0075
  5407.239      26.0     3.684     -4.84                                        
  5407.252 607.01214     2.188    -2.725               7.724          1709Pa0115
  5407.273 106.00113     2.184    -3.458               3.464            AX13P295
  5407.299 106.00113     1.425    -5.993               3.464            AX13R165
  5407.325   25.0055     2.141    -3.139                                 BOOKUR 
  5407.332   25.0055     2.141    -3.394                                 BOOKUR 
  5407.333   25.0055     2.141    -3.394                                 BOOKUR 
  5407.341   25.0055     2.141    -3.075                                 BOOKUR 
  5407.348 106.00113     1.822    -3.750               3.464            AX46R045
  5407.353   25.0055     2.141    -3.196                                 BOOKUR 
  5407.354   25.0055     2.141    -3.196                                 BOOKUR 
  5407.360 106.00113     1.720    -5.354               3.464            AX35R105
  5407.366   25.0055     2.141    -2.900                                 BOOKUR 
  5407.366 607.01214     2.823    -3.060               7.724          2112Qb0025
  5407.382      26.0     3.544     -2.83                                        
  5407.382   25.0055     2.141    -3.131                                 BOOKUR 
  5407.384   25.0055     2.141    -3.131                                 BOOKUR 
  5407.391 106.00113     1.720    -3.360               3.464            AX35Q105
  5407.400   25.0055     2.141    -2.708                                 BOOKUR 
  5407.402 106.00112     1.555    -4.041               3.464            AX35R025
  5407.412 106.00112     1.016    -6.169               3.464            AX13R055
  5407.414 106.00113     1.425    -3.519               3.464            AX13Q165
  5407.417 106.00113     1.105    -5.569               3.464            AX13Q095
  5407.419 106.00113     1.105    -4.031               3.464            AX13R095
  5407.420   25.0055     2.141    -3.162                                 BOOKUR 
  5407.422   25.0055     2.141    -3.162                                 BOOKUR 
  5407.442   25.0055     2.141    -2.523                                 BOOKUR 
  5407.445 607.01214     1.581    -3.326               7.724          1306Rd0225
  5407.449 106.00113     1.425    -3.497               3.464            AX13Q175
  5407.468   25.0055     2.141    -3.344                                 BOOKUR 
  5407.469   25.0055     2.141    -3.344                                 BOOKUR 
  5407.471 106.00113     2.184    -6.105               3.464            AX13Q285
  5407.481      26.0     4.073     -2.44                                        
  5407.494   25.0055     2.141    -2.352                                 BOOKUR 
  5407.496 106.00113     1.822    -3.750               3.464            AX46R045
  5407.496 607.01314     0.493    -4.088               7.724          0802Qb0005
  5407.499 607.01214     2.823    -3.419               7.724          2112Pd0035
  5407.499 607.01314     0.493    -4.390               7.724          0802Pd0015
  5407.516      27.0     4.172     -1.70                                        
  5407.516 106.00112     1.555    -4.041               3.464            AX35R025
  5407.539      27.1     3.405     -5.05                                        
  5407.563 106.00113     1.425    -5.732               3.464            AX13P175
  5407.569      23.0     2.579     -4.48                                        
  5407.574      40.0     0.730     -1.63                                        
  5407.586 106.00113     1.720    -3.322               3.464            AX35Q115
  5407.592 607.01214     2.211    -3.060               7.724          1709Rc0145
  5407.611 607.01214     2.822    -3.781               7.724          2112Pb0015
  5407.615      24.1     3.827     -2.18                              Lawler17  
  5407.616 106.00113     1.720    -5.254               3.464            AX35P115
  5407.618 607.01214     2.211    -2.179               7.724          1709Qa0155
  5407.653      90.0     1.387     -1.05                                        
  5407.669      58.0     0.396     -0.94                                        
  5407.677 106.00112     1.016    -6.150               3.464            AX13R055
  5407.684 607.01314     1.358    -2.473               7.724          1205Pb0255
  5407.687 106.00113     2.184    -3.472               3.464            AX13P285
  5407.730 607.01214     2.333    -3.263               7.724          1709Rd0285
  5407.740 607.01214     0.619    -3.782               7.724          0802Rc0215
  5407.761 607.01314     1.347    -3.116               7.724          1205Qc0245
  5407.785 607.01314     0.508    -3.406               7.724          0802Rb0075
  5407.786 607.01214     0.619    -2.614               7.724          0802Qa0225
  5407.802 607.01314     0.508    -3.504               7.724          0802Qd0085
  5407.810 607.01314     1.347    -2.484               7.724          1205Pa0255
  5407.816 106.00113     1.589    -6.482               3.464            BX13P205
  5407.857 106.00113     1.589    -2.662               3.464            BX13Q195
  5407.895 607.01214     1.479    -2.869               7.724          1306Ra0065
  5407.896 112.00124     1.321    -4.929               1.340           02R140b24
  5407.925 607.01214     1.788    -2.439               7.724          0902Qb0745
  5407.941 607.01214     0.613    -3.116               7.724          0701Pb0385
  5407.944 607.01214     1.476    -2.930               7.724          1306Ra0055
  5407.946 607.01214     1.479    -3.165               7.724          1306Pb0055
  5407.949 106.00113     1.589    -2.648               3.464            BX13Q205
  5407.956 607.01214     2.268    -2.282               7.724          1709Rb0215
  5407.961      27.0     4.392     -3.58                                        
  5407.991 106.00113     1.589    -6.354               3.464            BX13R195
  5407.993 607.01214     2.268    -2.851               7.724          1709Qd0225
  5408.004      33.0     6.583      0.40                                        
  5408.029      20.0     4.438     -3.40                                        
  5408.039 607.01314     0.585    -3.841               7.724          0802Rd0205
  5408.041 607.01214     0.710    -2.723               7.724          0701Qb0435
  5408.045 607.01214     1.482    -2.813               7.724          1306Ra0075
  5408.047 106.00112     0.952    -4.403               3.464            AX02R125
  5408.048 607.01214     2.835    -2.808               7.724          2112Rb0075
  5408.066   27.0059     2.278    -3.407                                 LAWHFS 
  5408.080 607.01214     1.788    -4.556               7.724          0902Pd0755
  5408.083   27.0059     2.278    -2.996                                 LAWHFS 
  5408.099      20.0     5.295     -2.86                                        
  5408.103   27.0059     2.278    -3.218                                 KURHFS 
  5408.103   27.0059     2.278    -3.394                                 KURHFS 
  5408.112   27.0059     2.278    -3.093                                 KURHFS 
  5408.112   27.0059     2.278    -3.218                                 KURHFS 
  5408.114   27.0059     2.278    -3.293                                 LAWHFS 
  5408.125   27.0059     2.278    -3.093                                 KURHFS 
  5408.125   27.0059     2.278    -3.207                                 KURHFS 
  5408.125   27.0059     2.278    -3.412                                 KURHFS 
  5408.127   27.0059     2.278    -3.612                                 LAWHFS 
  5408.134 607.01214     0.710    -4.411               7.724          0701Pd0445
  5408.142   27.0059     2.278    -2.796                                 KURHFS 
  5408.142   27.0059     2.278    -3.207                                 KURHFS 
  5408.144   27.0059     2.278    -3.407                                 LAWHFS 
  5408.155   27.0059     2.278    -3.418                                 LAWHFS 
  5408.164   27.0059     2.278    -9.390                                 LAWHFS 
  5408.176   27.0059     2.278    -3.293                                 LAWHFS 
  5408.181 106.00113     1.710    -6.433               3.464            BX03R225
  5408.191      24.0     4.447     -3.79                                        
  5408.191   27.0059     2.278    -3.594                                 LAWHFS 
  5408.192 607.01214     1.474    -2.999               7.724          1306Ra0045
  5408.200   27.0059     2.278    -3.418                                 LAWHFS 
  5408.208 607.01214     1.489    -2.567               7.724          1306Qb0085
  5408.212 106.00112     0.952    -4.381               3.464            AX02R135
  5408.222 607.01314     0.494    -3.850               7.724          0802Qb0015
  5408.226 607.01214     1.489    -3.231               7.724          1306Pd0095
  5408.227 607.01314     0.494    -4.160               7.724          0802Pd0025
  5408.294 106.00112     0.952    -6.182               3.464            AX02Q135
  5408.338 607.01214     2.835    -2.882               7.724          2112Qd0085
  5408.342 607.01314     0.468    -4.015               7.724          0701Qc0305
  5408.346 106.00112     1.556    -4.752               3.464            AX35Q035
  5408.362      58.0     0.802     -0.64                                        
  5408.373      22.0     3.111     -3.25                                        
  5408.388 607.01314     2.129    -3.222               7.724          1709Rd0075
  5408.392 607.01214     2.870    -3.190               7.724          2112Rd0155
  5408.393 607.01214     1.485    -2.762               7.724          1306Ra0085
  5408.399 112.00126     0.605    -0.874               1.340           01R225h26
  5408.403 112.00124     0.607    -0.874               1.340           01R225h24
  5408.405 112.00125     0.606    -0.874               1.340           01R225h25
  5408.406 607.01314     0.468    -3.204               7.724          0701Pa0315
  5408.433 106.00112     1.556    -4.746               3.464            AX35Q035
  5408.445      22.0     0.835     -5.76                                        
  5408.454 607.01314     2.126    -3.248               7.724          1709Rd0065
  5408.488 607.01314     2.132    -3.202               7.724          1709Rd0085
  5408.489 607.01214     2.825    -2.921               7.724          2112Qb0035
  5408.548 106.00113     1.720    -3.360               3.464            AX35Q105
  5408.550 106.00113     1.720    -5.368               3.464            AX35R105
  5408.565 112.00124     0.607    -3.479               1.340           01Q125b24
  5408.567 106.00112     1.556    -3.916               3.464            AX35R035
  5408.568 607.01214     2.205    -2.593               7.724          1709Pb0135
  5408.583 607.01214     0.590    -3.051               7.724          0802Pb0185
  5408.587 607.01314     0.512    -3.346               7.724          0802Rb0085
  5408.600      20.0     5.296     -5.46                                        
  5408.606 607.01314     0.512    -3.489               7.724          0802Qd0095
  5408.642 607.01214     1.472    -3.075               7.724          1306Ra0035
  5408.655 106.00112     1.556    -3.916               3.464            AX35R035
  5408.659 607.01214     2.825    -3.332               7.724          2112Pd0045
  5408.687 106.00113     1.720    -5.242               3.464            AX35P115
  5408.687 607.01314     2.124    -3.282               7.724          1709Rd0055
  5408.688 106.00113     1.720    -3.323               3.464            AX35Q115
  5408.732 106.00113     1.371    -6.536               3.464            AX02R205
  5408.757 607.01314     2.136    -3.188               7.724          1709Rd0095
  5408.788 607.01214     2.179    -3.320               7.724          1709Pc0085
  5408.803      25.1     6.124     -3.33                                        
  5408.805 112.00124     0.408    -3.319               1.340           01R118b24
  5408.811      26.1     5.952     -2.39                                        
  5408.812      23.0     3.275     -2.80                                        
  5408.825 607.01214     0.551    -3.908               7.724          0802Pc0135
  5408.832 607.01214     1.426    -3.534               7.724          1205Pc0285
  5408.838 112.00124     0.659    -0.687               1.340           23R215b24
  5408.845 106.00113     1.371    -3.807               3.464            AX02Q215
  5408.906 106.00113     1.371    -3.828               3.464            AX02Q205
  5408.912 607.01314     2.100    -2.993               7.724          1608Qc0305
  5408.933 106.00113     1.523    -5.602               3.464            AX24R125
  5408.935 112.00124     0.607    -0.859               1.340           01R125h24
  5408.935 112.00124     0.659    -2.796               1.340           23Q115b24
  5408.937 112.00125     0.606    -0.859               1.340           01R125h25
  5408.938 607.01214     1.489    -2.715               7.724          1306Ra0095
  5408.940      22.0     0.000     -3.84                                        
  5408.941 112.00126     0.605    -0.859               1.340           01R125h26
  5408.960      24.0     3.847     -3.97                                        
  5408.966 607.01314     2.100    -2.220               7.724          1608Pa0315
  5408.986 106.00113     1.523    -3.417               3.464            AX24Q125
  5409.005 106.00113     1.302    -4.008               3.464            AX24R045
  5409.019 106.00113     1.371    -6.185               3.464            AX02P215
  5409.085 607.01314     2.121    -3.327               7.724          1709Rd0045
  5409.086 607.01314     0.495    -3.666               7.724          0802Qb0025
  5409.093 607.01314     0.495    -4.031               7.724          0802Pd0035
  5409.134      26.0     4.371     -1.27                              NIST/D    
  5409.136      26.0     4.792     -2.90                                        
  5409.142 106.00113     1.523    -3.388               3.464            AX24Q135
  5409.181 106.00112     2.458    -6.038               3.464            AX52R355
  5409.181 607.01314     2.717    -2.897               7.724          2011Qc0275
  5409.195 106.00113     1.523    -5.435               3.464            AX24P135
  5409.195 607.01314     2.140    -3.177               7.724          1709Rd0105
  5409.197 607.01214     1.522    -2.551               7.724          1306Rb0145
  5409.206      26.0     5.928     -2.57                              PK15THEOR 
  5409.217 607.01314     0.416    -4.343               7.724          0701Pc0265
  5409.220      69.1     3.309     -0.84                              Wickliff97
  5409.223 607.01314     2.717    -2.231               7.724          2011Pa0285
  5409.226 607.01214     1.522    -2.935               7.724          1306Qd0155
  5409.229      58.1     1.102     -0.29                              Lawler09  
  5409.266      24.1     3.851     -5.09                                        
  5409.293 607.01214     1.471    -3.161               7.724          1306Ra0025
  5409.300 106.00113     1.303    -4.008               3.464            AX24R045
  5409.318 607.01214     2.839    -2.749               7.724          2112Rb0085
  5409.338 607.01214     2.823    -3.505               7.724          2112Pb0025
  5409.345 112.00124     0.659    -0.665               1.340           23R115b24
  5409.402 106.00113     1.797    -4.944               3.464            AX46R015
  5409.403 106.00113     1.797    -4.938               3.464            AX46R015
  5409.534 607.01314     0.517    -3.292               7.724          0802Rb0095
  5409.555 607.01314     0.517    -3.478               7.724          0802Qd0105
  5409.575 607.01314     0.494    -4.390               7.724          0802Pb0015
  5409.591 106.00112     1.108    -4.065               3.464            AX13R085
  5409.591 106.00113     1.267    -5.501               3.464            AX24R025
  5409.605 106.00112     0.778    -6.882               3.464            AX02R085
  5409.608      22.0     1.886     -0.73                                 LAWLER 
  5409.611 106.00113     1.303    -5.097               3.464            AX24Q055
  5409.628 106.00113     1.267    -5.492               3.464            AX24R025
  5409.630 607.01214     2.839    -2.865               7.724          2112Qd0095
  5409.648 607.01314     2.120    -3.389               7.724          1709Rd0035
  5409.678 607.01214     1.494    -2.671               7.724          1306Ra0105
  5409.680 112.00124     0.485    -2.915               1.340           12R114b24
  5409.709 106.00113     2.554    -6.374               3.464            AX56P235
  5409.730 106.00113     1.303    -3.939               3.464            AX24R055
  5409.766      14.0     5.611     -1.52                                        
  5409.767 607.01314     0.594    -3.848               7.724          0802Rd0215
  5409.783      24.0     1.029     -0.67                                 SOBECK 
  5409.800 607.01214     2.827    -2.808               7.724          2112Qb0045
  5409.804 607.01314     2.145    -3.170               7.724          1709Rd0115
  5409.851      14.0     5.611     -0.69                                        
  5409.861      26.0     4.590     -2.68                                        
  5409.864 106.00113     1.303    -5.088               3.464            AX24Q055
  5409.874 106.00112     0.952    -4.403               3.464            AX02R125
  5409.900 607.01314     2.684    -3.237               7.724          2011Pc0245
  5409.910      23.0     2.682     -4.00                                        
  5409.922 106.00112     0.952    -4.382               3.464            AX02R135
  5409.935 607.01214     1.788    -4.482               7.724          0902Rc0745
  5409.935 607.01314     0.482    -3.197               7.724          0701Pb0315
  5409.949 106.00112     1.108    -5.584               3.464            AX13Q095
  5409.950 106.00112     1.108    -4.031               3.464            AX13R095
  5409.964 607.01214     1.591    -3.333               7.724          1306Rd0235
  5409.967 106.00112     2.150    -8.143               3.464            AX50R375
  5409.974      28.0     5.493     -3.44                                        
  5409.983 106.00113     1.303    -3.939               3.464            AX24R055
  5410.003 607.01214     2.827    -3.270               7.724          2112Pd0055
  5410.004 106.00112     0.952    -6.161               3.464            AX02Q135
  5410.005   23.0051     1.944    -5.933                                 KURHFS 
  5410.005   23.0051     1.944    -6.188                                 KURHFS 
  5410.011   23.0051     1.944    -5.734                                 KURHFS 
  5410.011   23.0051     1.944    -5.933                                 KURHFS 
  5410.011   23.0051     1.944    -7.841                                 KURHFS 
  5410.020   23.0051     1.944    -5.670                                 KURHFS 
  5410.020   23.0051     1.944    -5.734                                 KURHFS 
  5410.020   23.0051     1.944    -6.598                                 KURHFS 
  5410.028   25.0055     2.939    -4.943                                 KURHFS 
  5410.029   25.0055     2.939    -4.846                                 KURHFS 
  5410.029   25.0055     2.939    -4.959                                 KURHFS 
  5410.032   23.0051     1.944    -5.670                                 KURHFS 
  5410.032   23.0051     1.944    -5.701                                 KURHFS 
  5410.032   23.0051     1.944    -5.881                                 KURHFS 
  5410.035   25.0055     2.939    -4.482                                 KURHFS 
  5410.035   25.0055     2.939    -4.846                                 KURHFS 
  5410.036   25.0055     2.939    -5.390                                 KURHFS 
  5410.047   23.0051     1.944    -5.475                                 KURHFS 
  5410.047   23.0051     1.944    -5.701                                 KURHFS 
  5410.047   23.0051     1.944    -5.882                                 KURHFS 
  5410.065   23.0051     1.944    -5.183                                 KURHFS 
  5410.065   23.0051     1.944    -5.882                                 KURHFS 
  5410.087 607.01314     0.497    -3.525               7.724          0802Qb0035
  5410.090 607.01214     1.788    -2.431               7.724          0902Qa0755
  5410.096 607.01314     0.497    -3.946               7.724          0802Pd0045
  5410.129      26.0     4.984     -1.98                                        
  5410.148 607.01214     1.470    -3.256               7.724          1306Ra0015
  5410.160 607.01214     2.193    -2.854               7.724          1709Qc0115
  5410.181 607.01214     2.193    -2.674               7.724          1709Pa0125
  5410.190 106.00112     1.724    -5.353               3.464            AX35R105
  5410.200 106.00112     1.724    -3.359               3.464            AX35Q105
  5410.203 607.01214     2.233    -2.113               7.724          1709Qb0175
  5410.233      92.0     0.530     -1.74                                        
  5410.234 607.01214     2.233    -3.110               7.724          1709Pd0185
  5410.241 607.01214     1.494    -2.509               7.724          1306Qb0095
  5410.241 607.01214     2.877    -3.193               7.724          2112Rd0165
  5410.255 607.01214     2.259    -2.266               7.724          1709Ra0215
  5410.258 607.01214     0.792    -3.265               7.724          0600Qb0575
  5410.261 607.01214     1.494    -3.218               7.724          1306Pd0105
  5410.294 106.00112     0.778    -6.854               3.464            AX02R085
  5410.342 106.00113     1.426    -6.014               3.464            AX13R165
  5410.343   23.0051     2.364    -3.447                                 KURHFS 
  5410.344   23.0051     2.364    -3.167                                 KURHFS 
  5410.344   23.0051     2.364    -3.447                                 KURHFS 
  5410.344   23.0051     2.364    -4.468                                 KURHFS 
  5410.346   23.0051     2.364    -3.029                                 KURHFS 
  5410.346   23.0051     2.364    -3.167                                 KURHFS 
  5410.346   23.0051     2.364    -3.769                                 KURHFS 
  5410.349   23.0051     2.364    -2.963                                 KURHFS 
  5410.349   23.0051     2.364    -3.029                                 KURHFS 
  5410.349   23.0051     2.364    -3.322                                 KURHFS 
  5410.352   23.0051     2.364    -2.956                                 KURHFS 
  5410.352   23.0051     2.364    -2.963                                 KURHFS 
  5410.352   23.0051     2.364    -2.991                                 KURHFS 
  5410.357   23.0051     2.364    -2.728                                 KURHFS 
  5410.357   23.0051     2.364    -2.956                                 KURHFS 
  5410.357   23.0051     2.364    -3.021                                 KURHFS 
  5410.362   23.0051     2.364    -2.509                                 KURHFS 
  5410.362   23.0051     2.364    -3.021                                 KURHFS 
  5410.362   23.0051     2.364    -3.225                                 KURHFS 
  5410.363 106.00113     1.426    -3.498               3.464            AX13Q175
  5410.369   23.0051     2.364    -2.322                                 KURHFS 
  5410.369   23.0051     2.364    -3.225                                 KURHFS 
  5410.375 607.01314     2.119    -3.474               7.724          1709Rd0025
  5410.376 607.01214     1.482    -3.075               7.724          1306Pb0065
  5410.382 607.01214     0.792    -5.202               7.724          0600Pd0585
  5410.436 106.00112     1.724    -3.322               3.464            AX35Q115
  5410.442 106.00112     2.563    -6.312               3.464            AX56P235
  5410.446 106.00112     1.724    -5.254               3.464            AX35P115
  5410.457 106.00113     1.426    -3.519               3.464            AX13Q165
  5410.457 607.01214     0.825    -4.042               7.724          0802Rd0375
  5410.460      23.0     2.576     -7.43                                        
  5410.469 607.01214     0.716    -2.750               7.724          0802Rb0295
  5410.478 106.00113     1.426    -5.713               3.464            AX13P175
  5410.490      26.0     3.637     -4.10                                        
  5410.494 607.01214     0.547    -5.234               7.724          0600Pc0475
  5410.499 106.00112     1.108    -4.064               3.464            AX13R085
  5410.504 607.01214     2.218    -3.063               7.724          1709Rc0155
  5410.532 607.01214     0.716    -3.584               7.724          0802Qd0305
  5410.532 607.01214     2.218    -2.147               7.724          1709Qa0165
  5410.565      73.0     1.202     -2.31                                        
  5410.574      24.1     3.861     -3.61                                        
  5410.583 607.01314     2.149    -3.166               7.724          1709Rd0125
  5410.585      20.0     5.045     -3.19                                        
  5410.591 106.00113     1.524    -5.618               3.464            AX24R125
  5410.597 607.01214     0.640    -2.590               7.724          0802Qb0235
  5410.598 607.01214     1.504    -4.615               7.724          0902Pc0655
  5410.614 607.01214     1.498    -2.631               7.724          1306Ra0115
  5410.627 607.01314     0.522    -3.243               7.724          0802Rb0105
  5410.642 607.01314     2.728    -2.220               7.724          2011Pb0285
  5410.648 607.01214     0.641    -3.841               7.724          0802Pd0245
  5410.650 607.01314     0.522    -3.471               7.724          0802Qd0115
  5410.651 106.00113     1.524    -3.417               3.464            AX24Q125
  5410.697 106.00113     1.524    -3.388               3.464            AX24Q135
  5410.714      26.0     4.981     -3.17                                        
  5410.757 106.00113     1.524    -5.420               3.464            AX24P135
  5410.769      90.0     0.788     -1.70                                        
  5410.775 106.00112     1.109    -5.569               3.464            AX13Q095
  5410.776 106.00112     1.109    -4.031               3.464            AX13R095
  5410.781 607.01214     2.843    -2.696               7.724          2112Rb0095
  5410.864      23.1     4.002     -3.31                                        
  5410.908 607.01314     1.316    -3.454               7.724          1205Pc0215
  5410.910      26.0     4.473      0.40                              NIST/B+   
  5410.950      22.0     3.158     -3.65                                        
  5410.981 106.00112     2.283    -8.727               3.464            AX03R305
  5410.981 607.01214     0.581    -3.540               7.724          0802Qc0175
  5410.987 607.01214     0.702    -2.739               7.724          0802Ra0295
