a line list in the range:    5849.00   5861.00
  5849.019      24.0     3.847     -1.62                                        
  5849.024 607.01314     2.126    -2.611               7.724          1609Qb0055
  5849.025      42.0     3.558     -1.00                                        
  5849.028      14.0     5.858     -3.02                                        
  5849.034 607.01314     2.126    -3.119               7.724          1609Pd0065
  5849.040 607.01214     0.766    -2.995               7.724          0500Rb0565
  5849.044 106.00113     2.053    -4.779               3.464            AX25R195
  5849.053 607.01314     2.767    -3.180               7.724          2012Ra0015
  5849.065 607.01314     2.784    -2.646               7.724          2012Ra0095
  5849.147 106.00113     2.053    -4.751               3.464            AX25R185
  5849.182 607.01214     0.766    -4.357               7.724          0500Qd0575
  5849.184      26.0     3.265     -4.57                                        
  5849.243 607.01214     0.528    -3.469               7.724          0702Rd0105
  5849.252 106.00113     2.053    -6.627               3.464            AX25Q195
  5849.301 106.00113     2.591    -8.248               3.464            AX25R275
  5849.308 607.01214     0.524    -3.477               7.724          0702Rd0095
  5849.338 106.00113     2.591    -4.601               3.464            AX25Q285
  5849.345 607.01314     0.381    -3.730               7.724          0601Rc0235
  5849.347 607.01214     0.533    -3.464               7.724          0702Rd0115
  5849.403 607.01314     0.381    -2.521               7.724          0601Qa0245
  5849.412 607.01214     2.925    -2.260               7.724          2012Ra0225
  5849.450      24.0     3.847     -3.39                                        
  5849.461 607.01314     2.121    -3.227               7.724          1609Pb0035
  5849.467 106.00112     2.010    -7.111               3.464            AX36R125
  5849.478 607.01214     2.899    -2.093               7.724          2012Qb0185
  5849.480 106.00113     2.241    -6.493               3.464            AX36Q185
  5849.512 607.01214     1.801    -2.056               7.724          0903Rb0675
  5849.540 607.01214     0.519    -3.489               7.724          0702Rd0085
  5849.551 607.01314     2.788    -2.438               7.724          2012Qb0095
  5849.556 607.01314     2.858    -3.205               7.724          2012Rd0215
  5849.565      24.0     5.900     -1.16                                        
  5849.573 106.00113     2.591    -4.490               3.464            AX25Q275
  5849.577 607.01314     2.788    -3.117               7.724          2012Pd0105
  5849.610 106.00113     2.591    -6.754               3.464            AX25P285
  5849.621 607.01214     0.539    -3.462               7.724          0702Rd0125
  5849.631 607.01314     2.127    -2.059               7.724          1508Pb0325
  5849.632      26.0     3.632     -4.71                                        
  5849.651      73.0     1.324     -2.30                                        
  5849.670 607.01314     0.482    -2.668               7.724          0601Rb0315
  5849.673 607.01214     1.801    -3.528               7.724          0903Qd0685
  5849.683      26.0     3.692     -2.99                                        
  5849.686 607.01314     0.301    -3.833               7.724          0601Pc0145
  5849.707      42.0     3.560     -0.33                              NIST/B    
  5849.747 607.01314     0.482    -3.555               7.724          0601Qd0325
  5849.788 607.01214     2.899    -3.111               7.724          2012Pd0195
  5849.851 607.01214     0.961    -4.728               7.724          0500Rd0645
  5849.864 607.01314     1.347    -3.111               7.724          1105Rc0245
  5849.873 607.01214     0.482    -4.311               7.724          0500Qc0445
  5849.882 106.00113     2.438    -4.504               3.464            AX14Q295
  5849.897 607.01214     2.848    -3.266               7.724          2012Pc0105
  5849.920 607.01314     1.347    -1.900               7.724          1105Qa0255
  5849.925      25.0     6.122     -3.07                                        
  5849.929 106.00113     2.633    -4.799               3.464            AX03P355
  5849.938 607.01214     0.516    -3.505               7.724          0702Rd0075
  5849.947 106.00112     2.597    -4.602               3.464            AX25Q285
  5849.955      25.0     4.270     -3.50                                        
  5849.985 607.01214     0.482    -3.174               7.724          0500Pa0455
  5850.018 607.01314     0.468    -2.661               7.724          0601Ra0315
  5850.042 106.00113     2.438    -7.796               3.464            AX14R285
  5850.068 607.01214     0.545    -3.462               7.724          0702Rd0135
  5850.070      68.0     0.624     -0.87                                        
  5850.073 607.01214     1.456    -3.218               7.724          1004Qc0445
  5850.083 607.01314     0.462    -4.484               7.724          0500Rc0445
  5850.089 106.00112     2.597    -8.282               3.464            AX25R275
  5850.092      26.0     4.984     -3.41                                        
  5850.100 607.01314     2.204    -3.106               7.724          1609Rd0205
  5850.114 607.01314     2.766    -3.278               7.724          2012Ra0005
  5850.114 607.01314     2.788    -2.603               7.724          2012Ra0105
  5850.118 607.01314     2.149    -2.499               7.724          1609Rb0115
  5850.120 106.00112     2.597    -6.724               3.464            AX25P285
  5850.141 106.00113     2.438    -6.826               3.464            AX14P295
  5850.147 607.01314     2.149    -2.736               7.724          1609Qd0125
  5850.179 607.01214     1.456    -2.106               7.724          1004Pa0455
  5850.191 607.01314     0.462    -2.816               7.724          0500Qa0455
  5850.192      26.0     4.590     -3.74                                        
  5850.224   23.0051     1.929    -2.306                                 KURHFS 
  5850.224   23.0051     1.929    -2.561                                 KURHFS 
  5850.224 607.01314     2.814    -2.491               7.724          2012Rb0145
  5850.236       6.0     8.764     -2.29                                        
  5850.240   23.0051     1.929    -2.107                                 KURHFS 
  5850.240   23.0051     1.929    -2.306                                 KURHFS 
  5850.240   23.0051     1.929    -4.214                                 KURHFS 
  5850.261 607.01314     2.814    -2.815               7.724          2012Qd0155
  5850.262 106.00112     2.597    -4.491               3.464            AX25Q275
  5850.263   23.0051     1.929    -2.043                                 KURHFS 
  5850.263   23.0051     1.929    -2.107                                 KURHFS 
  5850.263   23.0051     1.929    -2.971                                 KURHFS 
  5850.274 106.00113     2.633    -7.809               3.464            AX03Q345
  5850.294   23.0051     1.929    -2.043                                 KURHFS 
  5850.294   23.0051     1.929    -2.074                                 KURHFS 
  5850.294   23.0051     1.929    -2.254                                 KURHFS 
  5850.302 106.00113     2.438    -4.471               3.464            AX14Q285
  5850.333   23.0051     1.929    -1.848                                 KURHFS 
  5850.333   23.0051     1.929    -2.074                                 KURHFS 
  5850.333   23.0051     1.929    -2.255                                 KURHFS 
  5850.346      22.0     3.176     -2.13                                        
  5850.347 106.00113     1.426    -7.332               3.464            BX03P165
  5850.369 106.00112     2.059    -4.779               3.464            AX25R195
  5850.375 106.00113     2.242    -4.745               3.464            AX36R175
  5850.380   23.0051     1.929    -1.556                                 KURHFS 
  5850.380   23.0051     1.929    -2.255                                 KURHFS 
  5850.385 106.00112     2.059    -4.751               3.464            AX25R185
  5850.400 607.01214     0.650    -2.563               7.724          0601Rb0405
  5850.473 106.00113     2.241    -4.808               3.464            AX36R185
  5850.490 607.01214     2.188    -3.181               7.724          1609Pc0105
  5850.500 607.01214     0.512    -3.528               7.724          0702Rd0065
  5850.502 607.01214     0.650    -3.665               7.724          0601Qd0415
  5850.518 106.00112     2.059    -6.627               3.464            AX25Q195
  5850.536 607.01214     2.233    -2.999               7.724          1609Rc0175
  5850.572 607.01214     2.233    -1.997               7.724          1609Qa0185
  5850.575 607.01214     0.528    -3.852               7.724          0601Rc0335
  5850.578 112.00124     1.357    -3.782               1.340           13P238b24
  5850.582 607.01214     2.218    -2.424               7.724          1609Pb0155
  5850.587 106.00113     2.633    -4.783               3.464            AX03P345
  5850.626 607.01314     0.366    -3.218               7.724          0500Pb0395
  5850.630      28.0     4.161     -4.01                                        
  5850.644      59.1     0.422     -1.28                                        
  5850.660 607.01214     0.528    -2.370               7.724          0601Qa0345
  5850.678 607.01314     0.332    -3.465               7.724          0601Qc0185
  5850.687 607.01214     0.551    -3.463               7.724          0702Rd0145
  5850.724 607.01314     0.332    -2.991               7.724          0601Pa0195
  5850.747 607.01314     2.129    -2.530               7.724          1609Qb0065
  5850.761 607.01214     1.395    -3.831               7.724          0903Pc0525
  5850.762 607.01314     2.129    -3.084               7.724          1609Pd0075
  5850.801      23.0     4.062     -2.67                                        
  5850.838 607.01214     0.616    -2.785               7.724          0500Qb0505
  5850.866 607.01314     0.786    -4.667               7.724          0500Rd0595
  5850.918 106.00112     2.010    -7.074               3.464            AX36R125
  5850.965 607.01214     0.616    -4.617               7.724          0500Pd0515
  5851.020      58.0     0.159     -1.07                                        
  5851.047 607.01214     2.205    -2.761               7.724          1609Qc0135
  5851.048       6.0     8.764     -2.74                                        
  5851.075 607.01214     2.205    -2.491               7.724          1609Pa0145
  5851.100      58.0     1.114     -0.21                                        
  5851.104 112.00124     0.525    -4.455               1.340           02R116b24
  5851.181 607.01214     1.989    -3.885               7.724          0903Rd0745
  5851.199      92.1     0.942     -1.95                              Nils02/17%
  5851.205      26.0     4.952     -2.98                                        
  5851.209      28.1     6.324     -2.58                                        
  5851.215 607.01314     2.767    -3.322               7.724          2012Rc0005
  5851.219 607.01314     2.767    -3.355               7.724          2012Qa0015
  5851.226 607.01214     0.510    -3.559               7.724          0702Rd0055
  5851.255 607.01314     2.768    -3.267               7.724          2012Rc0015
  5851.261 607.01314     2.768    -3.102               7.724          2012Qa0025
  5851.304 607.01214     2.299    -2.132               7.724          1609Rb0245
  5851.305      23.0     4.076     -2.68                                        
  5851.323 607.01214     2.864    -2.844               7.724          2012Qc0135
  5851.335 607.01214     2.877    -2.519               7.724          2012Pb0155
  5851.346      21.0     5.007     -3.13                                        
  5851.353 607.01214     2.299    -2.805               7.724          1609Qd0255
  5851.392 607.01314     2.793    -2.564               7.724          2012Ra0115
  5851.454      22.0     1.748     -4.60                                        
  5851.476   27.0059     3.772    -4.830                                 KURHFS 
  5851.476 607.01214     2.250    -1.968               7.724          1609Qb0195
  5851.481 607.01214     0.558    -3.466               7.724          0702Rd0155
  5851.500      24.0     3.090     -5.20                                        
  5851.501   27.0059     3.772    -4.809                                 KURHFS 
  5851.501   27.0059     3.772    -5.286                                 KURHFS 
  5851.503      42.0     3.560     -0.40                              NIST/B    
  5851.514 607.01314     2.781    -2.922               7.724          2012Pb0075
  5851.516 607.01214     2.250    -3.035               7.724          1609Pd0205
  5851.517 607.01314     1.273    -3.203               7.724          1105Pc0165
  5851.532 607.01314     2.769    -3.216               7.724          2012Rc0025
  5851.533   27.0059     3.772    -4.809                                 KURHFS 
  5851.533   27.0059     3.772    -4.955                                 KURHFS 
  5851.539      24.0     4.614     -4.00                                        
  5851.540 607.01314     2.769    -2.941               7.724          2012Qa0035
  5851.568      74.0     3.267     -0.52                                        
  5851.573   27.0059     3.772    -4.488                                 KURHFS 
  5851.593 607.01314     1.316    -2.317               7.724          1105Pb0215
  5851.624      42.0     2.834     -2.09                                        
  5851.630      64.0     0.124     -1.08                                        
  5851.746 607.01214     2.864    -2.588               7.724          2012Pa0145
  5851.785 607.01314     2.124    -3.096               7.724          1609Pb0045
  5851.865 106.00113     2.322    -4.488               3.464            AX50Q395
  5852.003      92.0     0.552     -1.89                                        
  5852.004 607.01314     2.155    -2.458               7.724          1609Rb0125
  5852.033 607.01314     2.155    -2.733               7.724          1609Qd0135
  5852.040 607.01314     0.613    -3.023               7.724          0500Rb0515
  5852.044 607.01314     2.770    -3.174               7.724          2012Rc0035
  5852.055 607.01314     2.770    -2.820               7.724          2012Qa0045
  5852.083      24.0     0.982     -4.84                                        
  5852.086 607.01214     0.766    -2.983               7.724          0500Ra0575
  5852.112 607.01214     0.507    -3.601               7.724          0702Rd0045
  5852.129 112.00124     0.821    -1.246               1.340           13Q222b24
  5852.147 607.01214     1.801    -2.047               7.724          0903Ra0685
  5852.151      23.0     4.228     -3.39                                        
  5852.156 607.01314     2.793    -2.386               7.724          2012Qb0105
  5852.166 607.01314     0.613    -4.287               7.724          0500Qd0525
  5852.184 607.01314     2.793    -3.106               7.724          2012Pd0115
  5852.204 607.01314     0.282    -4.547               7.724          0500Pc0345
  5852.219      26.0     4.549     -1.30                              NIST/E    
  5852.245      22.0     3.212     -2.17                                        
  5852.260      57.0     0.951     -1.12                                        
  5852.281 112.00124     0.821    -4.875               1.340           13P122b24
  5852.314      26.0     5.096     -4.04                                        
  5852.326      22.0     1.052     -2.44                                        
  5852.349 607.01314     0.404    -2.501               7.724          0601Qb0255
  5852.385 607.01314     2.075    -3.184               7.724          1508Pc0285
  5852.411 607.01314     0.404    -3.777               7.724          0601Pd0265
  5852.435 607.01214     2.945    -2.910               7.724          2012Qd0245
  5852.439 106.00113     2.054    -4.779               3.464            AX25R195
  5852.441 112.00124     0.821    -4.875               1.340           13R222b24
  5852.450 607.01214     0.565    -3.469               7.724          0702Rd0165
  5852.464 607.01214     2.945    -2.252               7.724          2012Rb0235
  5852.479 607.01214     2.891    -3.093               7.724          2012Rc0175
  5852.578 607.01314     2.212    -3.113               7.724          1609Rd0215
  5852.580 607.01314     0.350    -2.947               7.724          0601Pb0205
  5852.593 112.00124     0.821    -1.226               1.340           13Q122b24
  5852.598 607.01314     2.867    -3.209               7.724          2012Rd0225
  5852.616 106.00113     2.054    -6.596               3.464            AX25Q195
  5852.627      59.1     1.253     -0.62                                        
  5852.630 607.01214     0.544    -2.370               7.724          0601Qb0345
  5852.656 607.01314     2.132    -2.459               7.724          1609Qb0075
  5852.671 112.00124     1.065    -1.282               1.340           13P230b24
  5852.672 607.01314     2.132    -3.057               7.724          1609Pd0085
  5852.678 106.00113     2.054    -4.751               3.464            AX25R185
  5852.681      90.0     1.290     -1.75                                        
  5852.718 607.01214     0.544    -3.896               7.724          0601Pd0355
  5852.740      25.1     6.172     -3.94                                        
  5852.791 607.01314     2.772    -3.141               7.724          2012Rc0045
  5852.804 607.01314     2.772    -2.722               7.724          2012Qa0055
  5852.829 607.01214     2.891    -2.094               7.724          2012Qa0185
  5852.897 607.01314     2.797    -2.527               7.724          2012Ra0125
  5852.932 607.01314     2.821    -2.458               7.724          2012Rb0155
  5852.943 607.01214     1.379    -3.536               7.724          1004Pc0405
  5852.972 607.01314     2.821    -2.816               7.724          2012Qd0165
  5852.983 112.00124     1.065    -3.921               1.340           13Q230b24
  5852.985 607.01214     2.288    -2.121               7.724          1609Ra0245
  5852.996      24.0     5.645     -1.10                                        
  5853.060      58.0     0.646     -0.50                                        
  5853.078      22.0     3.177     -1.52                                        
  5853.111 106.00112     2.249    -4.806               3.464            AX36R185
  5853.111 607.01214     0.454    -3.583               7.724          0601Qc0285
  5853.132 106.00112     2.249    -4.744               3.464            AX36R175
  5853.150      26.0     1.484     -5.28                                        
  5853.159 607.01214     0.506    -3.659               7.724          0702Rd0035
  5853.165 112.00124     1.065    -1.267               1.340           13P130b24
  5853.184 607.01214     0.454    -2.786               7.724          0601Pa0295
  5853.265 106.00112     2.249    -6.522               3.464            AX36Q185
  5853.342 106.00113     1.911    -5.016               3.464            AX14R215
  5853.345      58.0     0.396     -0.93                                        
  5853.361      22.0     3.168     -3.80                                        
  5853.387 106.00112     1.368    -4.148               3.464            BX14P075
  5853.424 106.00113     1.911    -5.001               3.464            AX14R205
  5853.424 607.01314     2.768    -3.442               7.724          2012Qc0015
  5853.430 607.01314     2.768    -3.936               7.724          2012Pa0025
  5853.443 106.00112     1.368    -7.840               3.464            BX14Q075
  5853.454   23.0051     1.944   -10.506                                 KURHFS 
  5853.461   23.0051     1.944   -10.506                                 KURHFS 
  5853.461   23.0051     1.944   -10.682                                 KURHFS 
  5853.463      24.0     4.446     -3.06                                        
  5853.471      26.0     5.066     -3.60                                        
  5853.472   23.0051     1.944   -10.342                                 KURHFS 
  5853.472   23.0051     1.944   -10.807                                 KURHFS 
  5853.472   23.0051     1.944   -10.932                                 KURHFS 
  5853.486   23.0051     1.944   -10.334                                 KURHFS 
  5853.486   23.0051     1.944   -10.368                                 KURHFS 
  5853.486   23.0051     1.944   -11.360                                 KURHFS 
  5853.492 106.00112     2.632    -5.310               3.464            AX52R365
  5853.503   23.0051     1.944   -10.085                                 KURHFS 
  5853.503   23.0051     1.944   -10.495                                 KURHFS 
  5853.524   23.0051     1.944    -9.869                                 KURHFS 
  5853.542 106.00113     1.911    -6.941               3.464            AX14Q215
  5853.560 607.01214     2.935    -2.241               7.724          2012Ra0235
  5853.581 607.01314     1.307    -2.851               7.724          1105Qc0205
  5853.597 607.01214     0.573    -3.474               7.724          0702Rd0175
  5853.603      25.0     5.083     -3.46                                        
  5853.614 106.00112     2.632    -1.043               3.464            AX52Q375
  5853.629 607.01314     1.307    -2.332               7.724          1105Pa0215
  5853.641 106.00112     2.495    -1.584               3.464            AX51Q385
  5853.657 607.01314     0.392    -3.738               7.724          0601Rc0245
  5853.670      58.0     0.295     -0.84                                        
  5853.671   56.1137     0.604    -1.966                              McWhfsNI/B
  5853.672   23.0051     1.892    -2.705                                 KURHFS 
  5853.672   56.1135     0.604    -1.966                              McWhfsNI/B
  5853.672   56.1137     0.604    -1.908                              McWhfsNI/B
  5853.673   56.1135     0.604    -1.908                              McWhfsNI/B
  5853.674   56.1135     0.604    -2.112                              McWhfsNI/B
  5853.674   56.1137     0.604    -2.112                              McWhfsNI/B
  5853.675   56.1134     0.604    -0.908                              McWhfsNI/B
  5853.675   56.1135     0.604    -1.364                              McWhfsNI/B
  5853.675   56.1135     0.604    -1.811                              McWhfsNI/B
  5853.675   56.1135     0.604    -2.510                              McWhfsNI/B
  5853.675   56.1136     0.604    -0.908                              McWhfsNI/B
  5853.675   56.1137     0.604    -1.364                              McWhfsNI/B
  5853.675   56.1137     0.604    -1.811                              McWhfsNI/B
  5853.675   56.1137     0.604    -2.510                              McWhfsNI/B
  5853.675   56.1138     0.604    -0.908                              McWhfsNI/B
  5853.677   56.1135     0.604    -2.112                              McWhfsNI/B
  5853.677   56.1137     0.604    -2.112                              McWhfsNI/B
  5853.678   56.1135     0.604    -1.908                              McWhfsNI/B
  5853.678   56.1137     0.604    -1.908                              McWhfsNI/B
  5853.679   56.1135     0.604    -1.966                              McWhfsNI/B
  5853.679   56.1137     0.604    -1.966                              McWhfsNI/B
  5853.683      26.0     4.188     -2.35                                        
  5853.699   23.0051     1.892    -2.684                                 KURHFS 
  5853.699   23.0051     1.892    -3.161                                 KURHFS 
  5853.718 607.01314     0.392    -2.502               7.724          0601Qa0255
  5853.725      26.1     2.674     -8.21                                        
  5853.736   23.0051     1.892    -2.684                                 KURHFS 
  5853.736   23.0051     1.892    -2.830                                 KURHFS 
  5853.773 607.01314     2.775    -3.115               7.724          2012Rc0055
  5853.782   23.0051     1.892    -2.363                                 KURHFS 
  5853.789 607.01314     2.775    -2.639               7.724          2012Qa0065
  5853.794 106.00112     2.495    -4.694               3.464            AX51R375
  5853.800 106.00112     2.060    -4.779               3.464            AX25R195
  5853.845 106.00112     2.632    -1.283               3.464            AX52Q365
  5853.888 106.00112     1.368    -4.088               3.464            BX14P085
  5853.897 607.01214     1.377    -3.267               7.724          1105Pc0245
  5853.903      92.1     0.217     -2.71                                        
  5853.948 106.00112     2.060    -6.596               3.464            AX25Q195
  5853.956 607.01214     0.616    -4.563               7.724          0500Rc0505
  5853.968 106.00112     2.632    -3.888               3.464            AX52P375
  5853.973 106.00112     2.060    -4.751               3.464            AX25R185
  5854.005 106.00112     2.495    -4.844               3.464            AX51P385
  5854.032 607.01314     1.369    -1.880               7.724          1105Qb0265
  5854.070 607.01314     2.161    -2.420               7.724          1609Rb0135
  5854.084 607.01214     0.616    -2.775               7.724          0500Qa0515
  5854.093 607.01314     1.369    -3.155               7.724          1105Pd0275
  5854.099 607.01314     2.161    -2.732               7.724          1609Qd0145
  5854.148      23.0     3.096     -1.38                                        
  5854.158 106.00112     2.495    -1.867               3.464            AX51Q375
  5854.165 607.01214     2.908    -2.067               7.724          2012Qb0195
  5854.195 607.01214     2.853    -3.249               7.724          2012Pc0115
  5854.225 607.01214     1.655    -1.828               7.724          0903Qb0625
  5854.253 607.01214     1.519    -2.203               7.724          0903Pb0575
  5854.292   21.1045     1.356    -6.825                                 KURHFS 
  5854.292   21.1045     1.356    -6.983                                 KURHFS 
  5854.293   21.1045     1.356    -6.836                                 KURHFS 
  5854.293   21.1045     1.356    -7.009                                 KURHFS 
  5854.294      42.0     3.393     -1.73                                        
  5854.294 607.01314     2.126    -2.989               7.724          1609Pb0055
  5854.297   21.1045     1.356    -7.185                                 KURHFS 
  5854.298   21.1045     1.356    -7.507                                 KURHFS 
  5854.298   21.1045     1.356    -8.933                                 KURHFS 
  5854.300   21.1045     1.356    -6.811                                 KURHFS 
  5854.301   21.1045     1.356    -6.413                                 KURHFS 
  5854.301   21.1045     1.356    -7.009                                 KURHFS 
  5854.303   21.1045     1.356    -6.836                                 KURHFS 
  5854.306   21.1045     1.356    -6.825                                 KURHFS 
  5854.309   21.1045     1.356    -6.983                                 KURHFS 
  5854.331 607.01214     0.650    -2.547               7.724          0601Ra0415
  5854.349      24.0     3.119     -7.57                                        
  5854.364 607.01214     0.504    -3.742               7.724          0702Rd0025
  5854.375 607.01214     1.655    -3.800               7.724          0903Pd0635
  5854.412 607.01314     0.308    -3.831               7.724          0601Pc0155
  5854.423 607.01214     2.241    -3.005               7.724          1609Rc0185
  5854.428 607.01214     2.908    -3.118               7.724          2012Pd0205
  5854.431 607.01314     2.753    -3.256               7.724          1911Pc0305
  5854.455 607.01214     0.468    -2.779               7.724          0601Pb0295
  5854.460 607.01214     2.241    -1.970               7.724          1609Qa0195
  5854.516      70.0     3.204     -0.58                                        
  5854.530 607.01314     0.497    -2.653               7.724          0601Rb0325
  5854.560      24.0     5.651     -3.60                                        
  5854.570 607.01314     2.769    -3.233               7.724          2012Qc0025
  5854.578 607.01314     2.769    -3.586               7.724          2012Pa0035
  5854.580 607.01314     0.482    -2.646               7.724          0601Ra0325
  5854.609 607.01314     0.497    -3.563               7.724          0601Qd0335
  5854.615 607.01314     2.784    -2.854               7.724          2012Pb0085
  5854.621 607.01314     0.482    -2.816               7.724          0500Qb0455
  5854.630 607.01314     2.803    -2.493               7.724          2012Ra0135
  5854.695 607.01314     1.358    -3.119               7.724          1105Rc0255
  5854.726 607.01214     2.193    -3.164               7.724          1609Pc0115
  5854.732 607.01314     0.482    -4.537               7.724          0500Pd0465
  5854.746 607.01314     2.136    -2.396               7.724          1609Qb0085
  5854.749 607.01314     2.127    -2.871               7.724          1508Qc0325
  5854.754 607.01314     1.358    -1.881               7.724          1105Qa0265
  5854.765 607.01314     2.136    -3.037               7.724          1609Pd0095
  5854.772 607.01214     0.817    -4.067               7.724          0601Rd0495
  5854.811 607.01314     0.366    -4.227               7.724          0500Qc0395
  5854.817 607.01314     2.127    -2.051               7.724          1508Pa0335
  5854.908 607.01314     0.366    -3.210               7.724          0500Pa0405
  5854.921 607.01214     0.581    -3.479               7.724          0702Rd0185
  5854.960 607.01314     2.797    -2.339               7.724          2012Qb0115
  5854.977 607.01214     0.404    -3.911               7.724          0601Pc0245
  5854.988 607.01314     2.777    -3.095               7.724          2012Rc0065
  5854.990 607.01314     2.797    -3.099               7.724          2012Pd0125
  5855.006 607.01314     2.778    -2.566               7.724          2012Qa0075
  5855.010 607.01214     2.211    -2.761               7.724          1609Qc0145
  5855.040 607.01214     2.211    -2.451               7.724          1609Pa0155
  5855.065      22.0     3.556     -3.93                                        
  5855.077      26.0     4.608     -1.48                              NIST/B    
  5855.120 607.01314     0.341    -3.471               7.724          0601Qc0195
  5855.168 607.01314     0.341    -2.963               7.724          0601Pa0205
  5855.178      22.0     3.164     -2.86                                        
  5855.210      64.1     1.597     -1.01                              DenHarto06
  5855.255 607.01314     2.221    -3.120               7.724          1609Rd0225
  5855.259      25.1     6.172     -6.30                                        
  5855.265 607.01314     2.126    -2.698               7.724          1609Ra0065
  5855.280      23.0     2.606     -4.21                                        
  5855.294 607.01314     2.124    -2.759               7.724          1609Ra0055
  5855.304      68.0     0.000     -1.61                                        
  5855.327 607.01214     2.225    -2.390               7.724          1609Pb0165
  5855.376 607.01314     0.613    -3.011               7.724          0500Ra0525
  5855.431 106.00113     2.593    -4.601               3.464            AX25Q285
  5855.435 607.01214     2.870    -2.843               7.724          2012Qc0145
  5855.459 607.01314     2.129    -2.643               7.724          1609Ra0075
  5855.469      23.0     1.941     -1.67                                        
  5855.533 106.00112     1.917    -5.016               3.464            AX14R215
  5855.546 607.01314     2.121    -2.827               7.724          1609Ra0045
  5855.575      57.0     0.373     -1.32                                        
  5855.575 106.00113     1.834    -2.819               3.464            BX13P235
  5855.592   23.0051     2.113    -6.170                                 KURHFS 
  5855.592   23.0051     2.113    -6.311                                 KURHFS 
  5855.592   23.0051     2.113    -6.475                                 KURHFS 
  5855.592   23.0051     2.113    -6.673                                 KURHFS 
  5855.592   23.0051     2.113    -6.760                                 KURHFS 
  5855.592   23.0051     2.113    -6.782                                 KURHFS 
  5855.592   23.0051     2.113    -6.814                                 KURHFS 
  5855.592   23.0051     2.113    -6.873                                 KURHFS 
  5855.592   23.0051     2.113    -6.928                                 KURHFS 
  5855.592   23.0051     2.113    -7.010                                 KURHFS 
  5855.592   23.0051     2.113    -7.061                                 KURHFS 
  5855.592   23.0051     2.113    -7.316                                 KURHFS 
  5855.592   23.0051     2.113    -7.316                                 KURHFS 
  5855.592   23.0051     2.113    -7.346                                 KURHFS 
  5855.592   23.0051     2.113    -7.367                                 KURHFS 
  5855.592   23.0051     2.113    -7.492                                 KURHFS 
  5855.592   23.0051     2.113    -7.714                                 KURHFS 
  5855.592   23.0051     2.113    -8.124                                 KURHFS 
  5855.599 106.00112     1.917    -5.001               3.464            AX14R205
  5855.620 106.00113     2.594    -8.281               3.464            AX25R275
  5855.717 106.00113     1.834    -6.691               3.464            BX13Q235
  5855.727 607.01214     0.503    -3.867               7.724          0702Rd0015
  5855.739 106.00112     1.917    -6.940               3.464            AX14Q215
  5855.788 106.00113     2.593    -6.723               3.464            AX25P285
  5855.793 106.00113     1.834    -2.618               3.464            BX13P245
  5855.819 607.01214     0.503    -3.171               7.724          0500Pb0455
  5855.846      23.1     2.513     -6.36                                        
  5855.848 607.01314     2.827    -2.428               7.724          2012Rb0165
  5855.849 607.01314     2.876    -3.214               7.724          2012Rd0235
  5855.852 607.01214     2.870    -2.548               7.724          2012Pa0155
  5855.854 106.00113     2.323    -7.116               3.464            AX50R385
  5855.869 607.01314     2.132    -2.592               7.724          1609Ra0085
  5855.870      24.0     5.457     -4.20                                        
  5855.873      22.0     3.291     -0.33                                        
  5855.889 607.01314     2.827    -2.819               7.724          2012Qd0175
  5855.949 607.01214     2.310    -2.114               7.724          1609Rb0255
  5855.955 607.01314     2.770    -3.116               7.724          2012Qc0035
  5855.966 607.01314     2.770    -3.377               7.724          2012Pa0045
  5855.978 106.00113     2.594    -4.490               3.464            AX25Q275
  5856.000 607.01214     2.310    -2.813               7.724          1609Qd0265
  5856.019 607.01314     2.120    -2.902               7.724          1609Ra0035
  5856.050 607.01214     2.259    -1.943               7.724          1609Qb0205
  5856.088      26.0     4.294     -1.33                              NIST/C    
  5856.091 607.01214     2.259    -3.041               7.724          1609Pd0215
  5856.101 106.00112     1.529    -3.505               3.464            BX14Q125
  5856.103 106.00112     2.250    -4.807               3.464            AX36R185
  5856.104 106.00113     1.477    -8.483               3.464            AX03R185
  5856.201 106.00112     1.529    -6.808               3.464            BX14R125
  5856.218      64.0     0.124     -0.97                                        
  5856.219 112.00124     0.659    -1.765               1.340           13R215b24
  5856.234 106.00112     1.529    -6.947               3.464            BX14P135
  5856.257 106.00112     2.250    -6.492               3.464            AX36Q185
  5856.268 106.00112     2.250    -4.744               3.464            AX36R175
  5856.277 607.01214     2.884    -2.485               7.724          2012Pb0165
  5856.332 112.00124     0.659    -3.918               1.340           13Q115b24
  5856.332 607.01314     2.167    -2.385               7.724          1609Rb0145
  5856.333 106.00112     1.529    -3.428               3.464            BX14Q135
  5856.361 607.01314     2.167    -2.732               7.724          1609Qd0155
  5856.424 607.01214     0.590    -3.484               7.724          0702Rd0195
  5856.429 607.01214     1.477    -2.103               7.724          1004Pb0455
  5856.436 607.01314     2.781    -3.079               7.724          2012Rc0075
  5856.437      24.0     2.706     -3.84                                        
  5856.453      24.1     3.736     -7.25                                        
  5856.457 607.01314     2.781    -2.502               7.724          2012Qa0085
  5856.494 106.00113     1.698    -3.473               3.464            BX14R165
  5856.502 607.01314     2.136    -2.546               7.724          1609Ra0095
  5856.588 607.01314     2.808    -2.461               7.724          2012Ra0145
  5856.597      74.0     2.600     -1.60                                        
  5856.643 607.01214     2.899    -3.102               7.724          2012Rc0185
  5856.662 106.00113     1.698    -7.381               3.464            BX14Q175
  5856.715 607.01314     2.119    -2.986               7.724          1609Ra0025
  5856.724 607.01314     1.281    -3.203               7.724          1105Pc0175
  5856.739 607.01314     2.769    -4.067               7.724          2012Pc0025
  5856.801 106.00112     2.740    -9.633               3.464            AX04R335
  5856.803 106.00113     1.698    -3.408               3.464            BX14R175
  5856.828 112.00124     0.659    -1.742               1.340           13R115b24
  5856.881      20.0     5.485     -3.41                                        
  5856.882 607.01214     1.655    -3.744               7.724          0903Rc0625
  5856.948      64.1     1.133     -1.57                                        
  5856.954 607.01214     2.899    -2.067               7.724          2012Qa0195
  5856.984 607.01314     2.129    -2.900               7.724          1609Pb0065
  5856.988 607.01214     1.489    -3.120               7.724          1206Rd0095
  5856.992 607.01214     1.485    -3.133               7.724          1206Rd0085
  5857.004 607.01214     0.544    -3.860               7.724          0601Rc0345
  5857.022 607.01314     2.140    -2.339               7.724          1609Qb0095
  5857.032 607.01214     1.655    -1.820               7.724          0903Qa0635
  5857.042 607.01314     2.140    -3.022               7.724          1609Pd0105
  5857.045 607.01314     1.326    -2.294               7.724          1105Pb0225
  5857.091 607.01214     0.544    -2.357               7.724          0601Qa0355
  5857.110      58.0     0.520     -0.51                                        
  5857.166 607.01214     1.494    -3.112               7.724          1206Rd0105
  5857.174 607.01214     0.670    -2.552               7.724          0601Rb0415
  5857.176 607.01214     1.482    -3.150               7.724          1206Rd0075
  5857.205 607.01314     0.416    -2.482               7.724          0601Qb0265
  5857.213 607.01214     0.401    -4.642               7.724          0500Pc0405
  5857.247 607.01214     0.503    -4.094               7.724          0702Rd0005
  5857.248 607.01214     2.299    -2.103               7.724          1609Ra0255
  5857.254 607.01214     1.519    -3.506               7.724          0903Qc0575
  5857.270 607.01314     0.416    -3.785               7.724          0601Pd0275
  5857.273 106.00113     1.320    -6.276               3.464            BX14P055
  5857.279 607.01214     0.670    -3.672               7.724          0601Qd0425
  5857.325 607.01214     2.955    -2.923               7.724          2012Qd0255
  5857.351 607.01314     2.140    -2.503               7.724          1609Ra0105
  5857.356 112.00124     1.156    -1.571               1.340           02P236b24
  5857.392 607.01214     1.520    -2.196               7.724          0903Pa0585
  5857.404      14.0     7.755     -4.57                                        
  5857.450      20.0     2.932      0.23                              NIST/D    
  5857.455 607.01214     2.955    -2.232               7.724          2012Rb0245
  5857.455 607.01314     2.141    -2.045               7.724          1508Pb0335
  5857.500      60.1     1.489     -0.95                              DenHarto03
  5857.527 607.01214     1.498    -3.107               7.724          1206Rd0115
  5857.537 106.00113     1.913    -5.016               3.464            AX14R215
  5857.539 607.01214     1.479    -3.173               7.724          1206Rd0065
  5857.577 607.01314     2.772    -3.038               7.724          2012Qc0045
  5857.591 607.01314     2.772    -3.226               7.724          2012Pa0055
  5857.638 607.01314     2.118    -3.081               7.724          1609Ra0015
  5857.643 607.01314     0.360    -2.922               7.724          0601Pb0215
  5857.737 106.00113     1.913    -6.906               3.464            AX14Q215
  5857.743 112.00124     1.156    -4.415               1.340           02Q236b24
  5857.746      28.0     4.164     -0.64                                        
  5857.747      76.0     1.907     -1.60                                        
  5857.802      26.0     5.029     -2.12                                        
  5857.802 106.00113     1.913    -5.002               3.464            AX14R205
  5857.915      23.0     3.111     -0.30                                        
  5857.917 607.01314     2.788    -2.793               7.724          2012Pb0095
  5857.954 112.00124     1.156    -1.558               1.340           02P136b24
  5857.958 112.00124     0.645    -2.085               1.340           02R221b24
  5857.958 607.01214     2.945    -2.222               7.724          2012Ra0245
  5857.966 607.01314     2.803    -2.296               7.724          2012Qb0125
  5857.984      27.0     4.229     -1.69                                        
  5857.998 607.01314     2.803    -3.094               7.724          2012Pd0135
  5858.073 607.01214     1.504    -3.105               7.724          1206Rd0125
  5858.079 607.01214     1.476    -3.205               7.724          1206Rd0055
  5858.107 607.01214     0.599    -3.491               7.724          0702Rd0205
  5858.116 112.00124     0.645    -4.549               1.340           02Q121b24
  5858.117 607.01314     2.784    -3.068               7.724          2012Rc0085
  5858.132 607.01314     2.231    -3.128               7.724          1609Rd0235
  5858.139      58.0     0.398     -0.92                                        
  5858.140 607.01314     2.784    -2.445               7.724          2012Qa0095
  5858.148 607.01314     0.482    -4.490               7.724          0500Rc0455
  5858.158 607.01314     0.404    -3.746               7.724          0601Rc0255
  5858.163 607.01214     0.506    -3.495               7.724          0702Rb0025
  5858.171 607.01214     0.506    -3.333               7.724          0702Qd0035
  5858.186      24.0     4.093     -2.33                                        
  5858.220 607.01314     0.404    -2.483               7.724          0601Qa0265
  5858.224 607.01214     0.507    -3.365               7.724          0702Rb0035
  5858.235 607.01214     0.507    -3.270               7.724          0702Qd0045
  5858.259 607.01214     0.504    -3.669               7.724          0702Rb0015
  5858.260 607.01314     0.482    -2.806               7.724          0500Qa0465
  5858.265      26.0     2.431     -4.71                                        
  5858.265 607.01214     0.504    -3.422               7.724          0702Qd0025
  5858.266      42.0     1.470     -1.00                              NIST/A    
  5858.417 607.01314     2.145    -2.463               7.724          1609Ra0115
  5858.444 607.01214     0.510    -3.260               7.724          0702Rb0045
  5858.457 607.01214     0.510    -3.224               7.724          0702Qd0055
  5858.477      22.0     1.429     -4.61                                        
  5858.511 607.01214     0.503    -3.945               7.724          0702Rb0005
  5858.515 607.01214     0.503    -3.550               7.724          0702Qd0015
  5858.535 607.01214     2.250    -3.012               7.724          1609Rc0195
  5858.536      22.0     3.580     -3.10                                        
  5858.546      58.1     1.278     -1.18                              Lawler09  
  5858.565 112.00124     0.645    -2.068               1.340           02R121b24
  5858.570 112.00124     0.858    -1.553               1.340           02Q228b24
  5858.575 607.01214     2.250    -1.945               7.724          1609Qa0205
  5858.603   23.0051     1.948    -4.826                                 KURHFS 
  5858.609   23.0051     1.948    -4.563                                 KURHFS 
  5858.609   23.0051     1.948    -4.759                                 KURHFS 
  5858.609 607.01314     1.316    -2.858               7.724          1105Qc0215
  5858.619   23.0051     1.948    -4.359                                 KURHFS 
  5858.619   23.0051     1.948    -4.563                                 KURHFS 
  5858.619   23.0051     1.948    -5.458                                 KURHFS 
  5858.634   23.0051     1.948    -4.189                                 KURHFS 
  5858.634   23.0051     1.948    -4.458                                 KURHFS 
  5858.634   23.0051     1.948    -5.303                                 KURHFS 
  5858.655   23.0051     1.948    -4.043                                 KURHFS 
  5858.655   23.0051     1.948    -4.411                                 KURHFS 
  5858.655   23.0051     1.948    -5.303                                 KURHFS 
  5858.660 607.01314     1.316    -2.308               7.724          1105Pa0225
  5858.664      26.0     4.555     -2.81                                        
  5858.680   23.0051     1.948    -3.914                                 KURHFS 
  5858.680   23.0051     1.948    -4.417                                 KURHFS 
  5858.680   23.0051     1.948    -5.400                                 KURHFS 
  5858.711   23.0051     1.948    -3.798                                 KURHFS 
  5858.711   23.0051     1.948    -4.490                                 KURHFS 
  5858.711   23.0051     1.948    -5.604                                 KURHFS 
  5858.741 607.01214     2.858    -3.236               7.724          2012Pc0125
  5858.746   23.0051     1.948    -3.693                                 KURHFS 
  5858.746   23.0051     1.948    -4.701                                 KURHFS 
  5858.746   23.0051     1.948    -6.002                                 KURHFS 
  5858.761 112.00124     0.858    -5.479               1.340           02P128b24
  5858.766 607.01214     0.792    -2.986               7.724          0500Rb0575
  5858.771 607.01314     2.814    -2.431               7.724          2012Ra0155
  5858.779      26.0     4.217     -2.26                                        
  5858.785 607.01314     2.117    -3.180               7.724          1609Ra0005
  5858.785 607.01314     2.173    -2.353               7.724          1609Rb0155
  5858.796 607.01214     1.474    -3.248               7.724          1206Rd0045
  5858.804 607.01214     1.509    -3.104               7.724          1206Rd0135
  5858.817 607.01314     2.173    -2.734               7.724          1609Qd0165
  5858.821 112.00124     0.858    -5.479               1.340           02R228b24
  5858.824 607.01214     0.512    -3.171               7.724          0702Rb0055
  5858.839 607.01214     0.512    -3.189               7.724          0702Qd0065
  5858.848      24.0     2.707     -4.69                                        
  5858.891      60.0     1.350      0.55                                        
  5858.911 607.01214     0.792    -4.362               7.724          0500Qd0585
  5858.920 607.01214     0.503    -3.715               7.724          0702Qd0005
  5858.935      15.0     7.959     -3.54                                        
  5858.935 607.01314     0.385    -3.206               7.724          0500Pb0405
  5858.970 607.01314     2.835    -2.399               7.724          2012Rb0175
  5858.978      26.0     2.467     -8.61                                        
  5858.993 607.01314     2.770    -3.761               7.724          2012Pc0035
  5859.013 112.00124     0.858    -1.538               1.340           02Q128b24
  5859.015 607.01314     2.835    -2.823               7.724          2012Qd0185
  5859.018      24.0     5.908     -1.10                                        
  5859.021      22.0     1.442     -4.50                                        
  5859.092 607.01214     2.916    -2.042               7.724          2012Qb0205
  5859.105 106.00113     2.322   -10.513               3.464            AX50P395
  5859.185 106.00113     1.391    -4.089               3.464            BX14P085
  5859.196 607.01214     2.199    -3.152               7.724          1609Pc0125
  5859.201      14.0     4.954     -2.50                              NIST/E    
  5859.202 607.01214     2.218    -2.762               7.724          1609Qc0155
  5859.218      26.1     6.802     -4.17                                        
  5859.234      26.0     4.298     -3.91                                        
  5859.234 607.01214     2.218    -2.415               7.724          1609Pa0165
  5859.251 106.00113     1.391    -7.799               3.464            BX14Q085
  5859.290      24.0     4.093     -4.35                                        
  5859.298 607.01214     2.916    -3.126               7.724          2012Pd0215
  5859.313 607.01314     2.886    -3.219               7.724          2012Rd0245
  5859.325 106.00113     1.789    -7.338               3.464            AX25R135
  5859.330 607.01314     0.497    -2.632               7.724          0601Ra0335
  5859.333 607.01314     0.316    -3.831               7.724          0601Pc0165
  5859.359 607.01214     0.561    -2.356               7.724          0601Qb0355
  5859.365 607.01214     0.516    -3.095               7.724          0702Rb0065
  5859.372      58.0     0.719     -0.32                                        
  5859.383 607.01214     0.516    -3.164               7.724          0702Qd0075
  5859.419      23.0     3.403     -4.30                                        
  5859.421 607.01214     0.503    -4.317               7.724          0500Qc0455
  5859.435 607.01314     1.381    -1.862               7.724          1105Qb0275
  5859.438 607.01314     2.775    -2.982               7.724          2012Qc0055
  5859.449 607.01214     0.561    -3.905               7.724          0601Pd0365
  5859.453 607.01314     2.775    -3.107               7.724          2012Pa0065
  5859.483 607.01314     2.145    -2.287               7.724          1609Qb0105
  5859.499 607.01314     1.381    -3.162               7.724          1105Pd0285
  5859.506 607.01314     2.145    -3.011               7.724          1609Pd0115
  5859.536 607.01214     0.503    -3.163               7.724          0500Pa0465
  5859.573 607.01314     0.512    -2.639               7.724          0601Rb0335
  5859.586      26.0     4.545     -0.39                                        
  5859.634 106.00113     1.391    -4.029               3.464            BX14P095
  5859.638      22.0     3.196     -1.24                                        
  5859.654 607.01314     0.512    -3.571               7.724          0601Qd0345
  5859.669      90.1     1.712     -1.82                                        
  5859.676      59.1     1.418     -0.15                                        
  5859.688 607.01214     0.468    -3.592               7.724          0601Qc0295
  5859.688 607.01214     1.472    -3.306               7.724          1206Rd0035
  5859.701 607.01314     2.149    -2.426               7.724          1609Ra0125
  5859.723 607.01214     1.516    -3.105               7.724          1206Rd0145
  5859.736 607.01314     1.369    -3.127               7.724          1105Rc0265
  5859.753      22.0     3.334     -2.78                                        
  5859.753 607.01314     0.350    -3.478               7.724          0601Qc0205
  5859.758 106.00112     1.919    -5.016               3.464            AX14R215
  5859.763 607.01214     0.468    -2.770               7.724          0601Pa0305
  5859.793 607.01214     2.877    -2.844               7.724          2012Qc0155
  5859.797 607.01314     1.369    -1.863               7.724          1105Qa0275
  5859.804 607.01314     0.350    -2.937               7.724          0601Pa0215
  5859.849 607.01314     2.132    -2.822               7.724          1609Pb0075
  5859.865 106.00113     2.180    -8.001               3.464            AX03R285
  5859.869 607.01214     0.991    -4.731               7.724          0500Rd0655
  5859.873      26.1     6.802     -3.69                                        
  5859.887 106.00113     2.180    -4.819               3.464            AX03Q295
  5859.917 607.01314     2.119    -3.170               7.724          1609Rc0015
  5859.925 607.01314     2.118    -3.225               7.724          1609Rc0005
  5859.925 607.01314     2.119    -3.002               7.724          1609Qa0025
  5859.928 607.01314     2.118    -3.256               7.724          1609Qa0015
  5859.931 106.00113     1.478    -8.429               3.464            AX03R185
  5859.957      26.0     4.188     -3.93                                        
  5859.967 106.00112     1.919    -6.906               3.464            AX14Q215
  5859.972 607.01214     0.609    -3.497               7.724          0702Rd0215
  5860.009 112.00124     1.396    -1.775               1.340           03R239b24
  5860.017 106.00112     1.919    -5.001               3.464            AX14R205
  5860.020      23.0     1.941     -5.68                                        
  5860.029 607.01314     2.788    -3.059               7.724          2012Rc0095
  5860.054 607.01314     2.788    -2.393               7.724          2012Qa0105
  5860.069 607.01214     0.519    -3.028               7.724          0702Rb0075
  5860.074      26.0     4.984     -3.59                                        
  5860.090 607.01214     0.519    -3.145               7.724          0702Qd0085
  5860.123      26.0     4.952     -4.16                                        
  5860.125      26.0     4.188     -3.07                                        
  5860.134 607.01314     2.120    -3.120               7.724          1609Rc0025
  5860.141 607.01314     2.120    -2.842               7.724          1609Qa0035
  5860.148 607.01214     1.477    -3.225               7.724          1004Qc0455
  5860.151 106.00113     2.180    -4.826               3.464            AX03Q285
  5860.164 112.00124     1.396    -1.818               1.340           03R139b24
  5860.173 106.00113     2.180    -7.258               3.464            AX03P295
  5860.194 607.01314     2.088    -3.191               7.724          1508Pc0295
  5860.196 112.00124     1.396    -6.224               1.340           03Q139b24
  5860.196 607.01214     2.877    -2.511               7.724          2012Pa0165
  5860.197 607.01214     0.503    -3.715               7.724          0702Qb0005
  5860.200 607.01214     0.503    -4.017               7.724          0702Pd0015
  5860.221 112.00124     0.578    -3.751               1.340           13R110b24
  5860.257 607.01214     1.477    -2.096               7.724          1004Pa0465
  5860.264      67.0     0.000     -1.19                                        
  5860.274      62.1     0.884     -2.49                                        
  5860.280 607.01214     2.233    -2.359               7.724          1609Pb0175
  5860.312      20.0     5.295     -2.82                                        
  5860.335      22.0     3.713     -3.33                                        
  5860.388 106.00112     1.432    -7.330               3.464            BX03P165
  5860.412 607.01314     0.637    -3.014               7.724          0500Rb0525
  5860.484 607.01214     0.640    -2.775               7.724          0500Qb0515
  5860.540 607.01314     0.637    -4.293               7.724          0500Qd0535
  5860.572 607.01314     0.298    -4.554               7.724          0500Pc0355
  5860.577 607.01314     2.121    -3.079               7.724          1609Rc0035
  5860.585 607.01314     2.121    -2.720               7.724          1609Qa0045
  5860.614 607.01214     0.640    -4.623               7.724          0500Pd0525
  5860.655      76.0     1.613     -2.49                                        
  5860.727      64.1     1.059     -1.56                                        
  5860.754 607.01214     1.471    -3.390               7.724          1206Rd0025
  5860.761 607.01214     1.906    -3.020               7.724          0600Qb0905
  5860.765      62.0     0.387     -1.21                                        
  5860.796      71.0     2.753     -0.19                                        
  5860.811 607.01214     2.321    -2.096               7.724          1609Rb0265
  5860.831 607.01214     1.522    -3.108               7.724          1206Rd0155
  5860.835 607.01214     2.268    -1.920               7.724          1609Qb0215
  5860.864 607.01214     2.321    -2.820               7.724          1609Qd0275
  5860.875      22.1     1.571     -4.79                                        
  5860.879 607.01214     2.268    -3.048               7.724          1609Pd0225
  5860.891 607.01214     1.521    -5.378               7.724          0600Pc0805
  5860.901      20.0     5.296     -2.59                                        
  5860.938 607.01214     0.523    -2.968               7.724          0702Rb0085
  5860.944      63.0     2.409     -0.17                                        
  5860.961 607.01214     0.524    -3.132               7.724          0702Qd0095
  5860.986 607.01214     1.906    -5.316               7.724          0600Pd0915
  5860.998 607.01214     1.389    -3.273               7.724          1105Pc0255
