a line list in the range:    5479.00   5491.00
  5479.004      42.0     3.196     -2.05                                        
  5479.006 607.01214     0.752    -3.830               7.724          0903Pb0025
  5479.018 106.00112     2.302    -8.303               3.464            AX14R275
  5479.020 112.00126     0.672    -0.482               1.340           01Q127h26
  5479.024 607.01214     2.321    -2.909               7.724          1709Qc0265
  5479.031 607.01314     2.251    -1.940               7.724          1709Qb0245
  5479.032 112.00124     0.673    -4.392               1.340           01R227b24
  5479.046 106.00112     1.914    -6.019               3.464            AX13Q245
  5479.062 106.00112     2.563    -2.743               3.464            AX46Q235
  5479.064      28.0     3.830     -3.69                                        
  5479.070 607.01214     2.321    -2.227               7.724          1709Pa0275
  5479.074 607.01314     2.251    -3.127               7.724          1709Pd0255
  5479.083 607.01314     1.547    -2.317               7.724          1306Ra0225
  5479.092 607.01314     1.459    -3.396               7.724          1306Pc0085
  5479.102 112.00125     0.449    -0.865               1.340           12R112h25
  5479.111 112.00125     0.672    -0.482               1.340           01Q127h25
  5479.123 106.00112     2.563    -5.282               3.464            AX46P245
  5479.124 106.00112     2.039    -3.397               3.464            AX24P225
  5479.127 106.00113     2.554    -5.265               3.464            AX46R235
  5479.155 106.00112     1.914    -3.521               3.464            AX13P255
  5479.174 106.00113     1.135    -5.574               3.464            AX13P105
  5479.177 106.00113     1.135    -3.706               3.464            AX13Q105
  5479.188 607.01314     2.842    -2.098               7.724          2112Qb0185
  5479.206 112.00124     0.673    -0.482               1.340           01Q127h24
  5479.229 607.01314     2.842    -3.092               7.724          2112Pd0195
  5479.231      24.0     4.609     -2.40                                        
  5479.246 106.00112     1.914    -3.539               3.464            AX13P245
  5479.252 112.00124     0.450    -0.865               1.340           12R112h24
  5479.254 106.00112     0.807    -4.471               3.464            AX02R095
  5479.255 106.00112     0.807    -6.021               3.464            AX02Q095
  5479.260      26.1     7.489     -4.28                                        
  5479.327   23.0051     1.847    -7.528                                 KURHFS 
  5479.327   23.0051     1.847    -7.724                                 KURHFS 
  5479.327   23.0051     1.847    -7.791                                 KURHFS 
  5479.328   23.0051     1.847    -7.324                                 KURHFS 
  5479.328   23.0051     1.847    -7.528                                 KURHFS 
  5479.328   23.0051     1.847    -8.423                                 KURHFS 
  5479.329   23.0051     1.847    -7.154                                 KURHFS 
  5479.329   23.0051     1.847    -7.423                                 KURHFS 
  5479.329   23.0051     1.847    -8.268                                 KURHFS 
  5479.330   23.0051     1.847    -7.008                                 KURHFS 
  5479.330   23.0051     1.847    -7.376                                 KURHFS 
  5479.330   23.0051     1.847    -8.268                                 KURHFS 
  5479.332   23.0051     1.847    -6.879                                 KURHFS 
  5479.332   23.0051     1.847    -7.382                                 KURHFS 
  5479.332   23.0051     1.847    -8.365                                 KURHFS 
  5479.334   23.0051     1.847    -6.763                                 KURHFS 
  5479.334   23.0051     1.847    -7.455                                 KURHFS 
  5479.334   23.0051     1.847    -8.569                                 KURHFS 
  5479.336   23.0051     1.847    -6.658                                 KURHFS 
  5479.336   23.0051     1.847    -7.666                                 KURHFS 
  5479.336   23.0051     1.847    -8.967                                 KURHFS 
  5479.347 607.01214     0.745    -2.784               7.724          0802Pb0315
  5479.360 607.01214     2.925    -2.355               7.724          2112Pb0215
  5479.400      44.0     3.883      0.41                                        
  5479.506 106.00112     1.976    -5.737               3.464            AX24Q215
  5479.537 112.00124     0.876    -0.485               1.340           23P224b24
  5479.621 106.00112     1.976    -3.398               3.464            AX24P225
  5479.643 106.00112     1.976    -3.420               3.464            AX24P215
  5479.646 607.01314     1.567    -2.310               7.724          1306Rb0235
  5479.677 106.00113     1.376    -4.298               3.464            BX03R155
  5479.693 607.01314     1.567    -2.935               7.724          1306Qd0245
  5479.719      40.1     3.432     -2.00                                        
  5479.728 607.01314     1.473    -2.927               7.724          1306Qc0115
  5479.729      27.0     4.392     -1.51                                        
  5479.751 607.01314     1.473    -2.748               7.724          1306Pa0125
  5479.759 607.01214     0.785    -2.913               7.724          0903Rb0115
  5479.785 607.01214     0.785    -3.202               7.724          0903Qd0125
  5479.795 607.01314     2.204    -2.837               7.724          1709Qc0195
  5479.828      22.0     3.580     -2.44                                        
  5479.829 607.01314     2.204    -2.380               7.724          1709Pa0205
  5479.838 607.01314     2.241    -3.093               7.724          1709Rc0235
  5479.847 106.00113     1.376    -8.429               3.464            BX03Q165
  5479.879 607.01314     2.241    -1.941               7.724          1709Qa0245
  5479.885 106.00113     0.970    -5.526               3.464            AX13R015
  5479.889 106.00113     0.970    -5.519               3.464            AX13R015
  5479.889 112.00124     0.521    -1.095               1.340           23R104b24
  5479.891 112.00124     0.876    -2.878               1.340           23Q224b24
  5479.951      26.0     4.952     -3.81                                        
  5479.960 106.00113     1.425    -4.184               3.464            BX03R165
  5479.963 106.00113     1.376    -4.184               3.464            BX03R165
  5479.968   25.0055     3.132    -6.454                                 KURHFS 
  5479.974   25.0055     3.132    -6.169                                 KURHFS 
  5479.974   25.0055     3.132    -6.424                                 KURHFS 
  5479.986   25.0055     3.132    -5.947                                 KURHFS 
  5479.986   25.0055     3.132    -6.248                                 KURHFS 
  5479.986   25.0055     3.132    -7.202                                 KURHFS 
  5479.987 106.00113     1.136    -3.747               3.464            AX13Q095
  5479.990 106.00113     1.136    -5.722               3.464            AX13R095
  5480.003   25.0055     3.132    -5.763                                 KURHFS 
  5480.003   25.0055     3.132    -6.181                                 KURHFS 
  5480.003   25.0055     3.132    -7.123                                 KURHFS 
  5480.027   25.0055     3.132    -5.605                                 KURHFS 
  5480.027   25.0055     3.132    -6.207                                 KURHFS 
  5480.027   25.0055     3.132    -7.248                                 KURHFS 
  5480.033 112.00124     0.876    -0.464               1.340           23P124b24
  5480.057   25.0055     3.132    -5.465                                 KURHFS 
  5480.057   25.0055     3.132    -6.383                                 KURHFS 
  5480.057   25.0055     3.132    -7.600                                 KURHFS 
  5480.058      20.0     5.449     -6.43                                        
  5480.059 607.01214     2.916    -2.869               7.724          2112Qc0205
  5480.102 607.01214     1.145    -3.411               7.724          0600Ra0705
  5480.114 106.00113     1.425    -8.346               3.464            BX03Q175
  5480.119      24.0     4.385     -1.64                                        
  5480.122      24.0     3.887     -3.11                                        
  5480.123 106.00113     1.837    -3.543               3.464            AX13P245
  5480.148 607.01314     2.821    -2.528               7.724          2112Pb0155
  5480.155 607.01214     0.864    -3.599               7.724          0903Rd0225
  5480.159 607.01314     2.180    -3.193               7.724          1709Pc0165
  5480.177 112.00124     0.384    -2.628               1.340           12R107b24
  5480.182      22.0     3.196     -1.43                                        
  5480.196 607.01214     2.333    -2.220               7.724          1709Pb0275
  5480.228 106.00113     1.136    -5.562               3.464            AX13P105
  5480.230      64.0     1.348     -0.81                                        
  5480.231 106.00113     1.136    -3.706               3.464            AX13Q105
  5480.233 106.00113     1.425    -4.062               3.464            BX03R175
  5480.240 607.01214     2.916    -2.369               7.724          2112Pa0215
  5480.241 106.00113     1.837    -6.049               3.464            AX13Q235
  5480.248 106.00113     1.661    -3.821               3.464            AX35P085
  5480.260      59.1     1.049     -1.33                                LINOHFS 
  5480.265      92.1     1.550     -0.93                                        
  5480.284 607.01214     0.759    -3.032               7.724          0903Qb0055
  5480.293      44.0     2.995     -0.40                                        
  5480.296      56.1     6.007     -1.31                                        
  5480.298 607.01214     0.759    -3.565               7.724          0903Pd0065
  5480.305      44.0     3.751      0.02                                        
  5480.309 106.00113     1.661    -5.272               3.464            AX35Q085
  5480.358      24.0     3.889     -1.46                                        
  5480.373      22.0     2.504     -3.60                                        
  5480.375 607.01314     2.867    -2.260               7.724          2112Ra0225
  5480.378      22.0     3.567     -2.15                                        
  5480.381 607.01314     2.808    -2.829               7.724          2112Qc0135
  5480.395      22.0     3.405     -3.73                                        
  5480.426 106.00113     1.837    -3.562               3.464            AX13P235
  5480.439 607.01314     2.808    -2.595               7.724          2112Pa0145
  5480.454      24.0     3.548     -3.09                                        
  5480.507      24.0     3.446     -1.32                                        
  5480.508 607.01214     2.288    -3.226               7.724          1709Pc0235
  5480.527 607.01214     1.562    -3.329               7.724          1306Pc0195
  5480.565      42.0     2.513     -2.80                                        
  5480.593      22.0     3.556     -2.19                                        
  5480.607 112.00124     1.170    -4.351               1.340           13R133b24
  5480.608 106.00113     1.662    -3.766               3.464            AX35P095
  5480.645      23.1     6.524     -1.27                                        
  5480.714      57.1     2.132     -1.21                                        
  5480.718 106.00112     1.640    -3.898               3.464            AX35P075
  5480.724 607.01214     0.825    -2.376               7.724          0802Qb0365
  5480.730      39.1     1.721     -0.85                              Biemont11 
  5480.772      28.0     3.844     -1.84                                        
  5480.803 607.01214     0.825    -3.957               7.724          0802Pd0375
  5480.805 106.00112     1.640    -5.231               3.464            AX35Q075
  5480.825      40.0     0.650     -2.09                                        
  5480.857 106.00113     1.329    -4.406               3.464            BX03R145
  5480.859      38.0     2.270      0.51                                        
  5480.861      26.0     4.218     -1.23                              NIST/D    
  5480.863      90.1     1.346     -1.87                              Nils02/10%
  5480.879      23.0     2.614     -3.73                                        
  5480.921      26.0     5.008     -2.48                                        
  5480.993      41.0     2.234     -1.00                                        
  5480.996      22.0     3.176     -1.91                                        
  5481.027 607.01214     0.754    -3.654               7.724          0903Pb0035
  5481.029      24.0     3.887     -1.62                                        
  5481.044 607.01314     1.491    -2.628               7.724          1306Pb0145
  5481.045 106.00113     1.329    -8.498               3.464            BX03Q155
  5481.077      23.1     2.368     -6.90                                        
  5481.095 106.00113     1.662    -3.821               3.464            AX35P085
  5481.108      73.0     2.894     -1.01                                        
  5481.142 106.00113     1.662    -5.288               3.464            AX35Q085
  5481.145      58.0     0.690     -0.66                                        
  5481.158 106.00113     1.329    -4.298               3.464            BX03R155
  5481.168 106.00112     1.641    -3.835               3.464            AX35P085
  5481.185 607.01214     1.658    -4.636               7.724          0902Pc0705
  5481.198      23.1     3.793     -2.42                                        
  5481.204      92.1     0.799     -0.94                              Nils02/9% 
  5481.214      26.1     6.802     -4.32                                        
  5481.234      24.0     3.435     -4.19                                        
  5481.243      26.0     4.103     -1.24                              NIST/C+   
  5481.248 607.01314     1.520    -2.158               7.724          1306Qb0185
  5481.263      24.0     3.011     -4.34                                        
  5481.267 607.01214     0.791    -2.872               7.724          0903Rb0125
  5481.272 607.01214     1.648    -3.254               7.724          1306Rc0275
  5481.273 106.00113     1.972    -3.399               3.464            AX24P225
  5481.284   25.0055     3.133    -2.434                                 BLKKUR 
  5481.284   25.0055     3.133    -2.945                                 BLKKUR 
  5481.284   25.0055     3.133    -4.042                                 BLKKUR 
  5481.285 607.01314     1.520    -3.185               7.724          1306Pd0195
  5481.296   25.0055     3.133    -2.301                                 BLKKUR 
  5481.296   25.0055     3.133    -2.757                                 BLKKUR 
  5481.296   25.0055     3.133    -3.911                                 BLKKUR 
  5481.296 607.01214     0.791    -3.201               7.724          0903Qd0135
  5481.308   25.0055     2.162    -3.534                                 KURHFS 
  5481.312   25.0055     3.133    -2.171                                 BLKKUR 
  5481.312   25.0055     3.133    -2.702                                 BLKKUR 
  5481.312   25.0055     3.133    -4.008                                 BLKKUR 
  5481.313   25.0055     2.162    -3.212                                 KURHFS 
  5481.322   25.0055     2.162    -3.388                                 KURHFS 
  5481.328 607.01214     1.648    -1.952               7.724          1306Qa0285
  5481.332   25.0055     2.162    -3.580                                 KURHFS 
  5481.332   25.0055     3.133    -2.049                                 BLKKUR 
  5481.332   25.0055     3.133    -2.740                                 BLKKUR 
  5481.332   25.0055     3.133    -4.343                                 BLKKUR 
  5481.340   25.0055     2.162    -3.057                                 KURHFS 
  5481.344 106.00113     1.972    -5.775               3.464            AX24Q215
  5481.354   25.0055     2.162    -2.978                                 KURHFS 
  5481.356   25.0055     3.133    -1.936                                 BLKKUR 
  5481.356   25.0055     3.133    -2.928                                 BLKKUR 
  5481.367 106.00113     1.662    -3.766               3.464            AX35P095
  5481.369   25.0055     2.162    -3.756                                 KURHFS 
  5481.382   25.0055     2.162    -3.036                                 KURHFS 
  5481.383   25.0055     3.133    -1.832                                 BLKKUR 
  5481.394 112.00124     0.510    -1.988               1.340           23R101b24
  5481.399   25.0055     2.162    -2.705                                 KURHFS 
  5481.407 106.00112     1.641    -3.897               3.464            AX35P075
  5481.410      22.0     2.406     -0.39                                        
  5481.414      45.0     3.970      0.12                                        
  5481.419   25.0055     2.162    -4.136                                 KURHFS 
  5481.420      22.0     0.899     -4.05                                        
  5481.437   25.0055     2.162    -3.182                                 KURHFS 
  5481.439      26.0     4.190     -1.33                              Ruffoni14 
  5481.458   25.0055     2.162    -2.493                                 KURHFS 
  5481.493 106.00112     1.641    -5.245               3.464            AX35Q075
  5481.502      26.0     4.831     -4.31                                        
  5481.511 106.00113     1.972    -3.420               3.464            AX24P215
  5481.526 112.00124     1.001    -0.443               1.340           12P232b24
  5481.574 607.01214     0.935    -2.583               7.724          0802Rb0425
  5481.593      22.0     3.713     -2.75                                        
  5481.603      23.1     6.491     -1.98                                        
  5481.644 607.01314     1.505    -3.142               7.724          1306Rc0165
  5481.666 607.01214     0.935    -3.490               7.724          0802Qd0435
  5481.677 607.01314     1.505    -2.189               7.724          1306Qa0175
  5481.682      25.0     5.574     -1.74                                        
  5481.684 112.00124     0.578    -0.578               1.340           23Q210b24
  5481.691 112.00126     0.617    -0.389               1.340           12Q220h26
  5481.702 607.01214     0.916    -2.565               7.724          0802Ra0425
  5481.748      59.0     0.000     -1.11                                        
  5481.753 112.00124     0.578    -3.456               1.340           23P110b24
  5481.755 106.00113     1.911    -5.724               3.464            AX24Q205
  5481.760      20.0     5.989     -4.43                                        
  5481.792 106.00112     1.641    -3.835               3.464            AX35P085
  5481.796      23.0     4.084     -4.35                                        
  5481.804 607.01214     0.762    -2.950               7.724          0903Qb0065
  5481.819 607.01214     0.762    -3.534               7.724          0903Pd0075
  5481.822      22.0     2.238     -3.17                                        
  5481.823 112.00125     0.618    -0.389               1.340           12Q220h25
  5481.829      76.0     2.465     -1.84                                        
  5481.833 112.00124     1.001    -3.139               1.340           12Q232b24
  5481.858 106.00113     1.911    -3.422               3.464            AX24P215
  5481.861      22.0     1.429     -1.36                                 LAWLER 
  5481.881 106.00113     1.588    -2.935               3.464            BX13P195
  5481.896      26.0     5.029     -2.17                                        
  5481.937 106.00113     1.911    -3.445               3.464            AX24P205
  5481.938      70.0     3.034     -0.34                                        
  5481.953 106.00113     2.296    -8.302               3.464            AX14R275
  5481.955 607.01214     1.661    -1.951               7.724          1306Qb0285
  5481.964 112.00124     0.618    -0.389               1.340           12Q220h24
  5481.971      58.0     0.849     -0.04                                        
  5481.984   25.0055     3.133    -4.316                                 BLKKUR 
  5481.984   25.0055     3.133    -4.571                                 BLKKUR 
  5481.993   25.0055     3.133    -4.252                                 BLKKUR 
  5481.993   25.0055     3.133    -4.373                                 BLKKUR 
  5481.993   25.0055     3.133    -4.571                                 BLKKUR 
  5482.000      64.0     1.348     -0.81                                        
  5482.006   25.0055     3.133    -4.077                                 BLKKUR 
  5482.006   25.0055     3.133    -4.308                                 BLKKUR 
  5482.006   25.0055     3.133    -4.373                                 BLKKUR 
  5482.011 106.00113     1.588    -7.038               3.464            BX13Q195
  5482.012 112.00124     1.001    -0.428               1.340           12P132b24
  5482.013 607.01214     1.661    -3.293               7.724          1306Pd0295
  5482.023   25.0055     3.133    -3.885                                 BLKKUR 
  5482.023   25.0055     3.133    -4.308                                 BLKKUR 
  5482.023   25.0055     3.133    -4.339                                 BLKKUR 
  5482.043 607.01314     2.835    -3.060               7.724          2112Rc0175
  5482.045   25.0055     3.133    -3.700                                 BLKKUR 
  5482.045   25.0055     3.133    -4.339                                 BLKKUR 
  5482.045   25.0055     3.133    -4.521                                 BLKKUR 
  5482.051      23.1     2.370     -3.24                                        
  5482.072   25.0055     3.133    -3.529                                 BLKKUR 
  5482.072   25.0055     3.133    -4.521                                 BLKKUR 
  5482.079 607.01314     2.835    -2.100               7.724          2112Qa0185
  5482.084 106.00113     1.477    -4.063               3.464            BX03R175
  5482.097 112.00124     0.619    -3.937               1.340           12P120b24
  5482.120 112.00126     0.617    -0.368               1.340           12Q120h26
  5482.123 106.00113     1.588    -2.929               3.464            BX13P205
  5482.190 607.01314     1.557    -2.297               7.724          1306Ra0235
  5482.195 106.00112     2.528    -8.946               3.464            AX25R275
  5482.212      28.0     3.831     -2.51                              Wood14    
  5482.220      23.1     6.779     -4.08                                        
  5482.223 106.00113     1.477    -8.250               3.464            BX03Q185
  5482.240 112.00124     0.578    -3.453               1.340           23R210b24
  5482.246   57.1139     0.000    -3.899                              Lawle01HFS
  5482.248 112.00125     0.618    -0.368               1.340           12Q120h25
  5482.250   57.1139     0.000    -3.598                              Lawle01HFS
  5482.251   57.1139     0.000    -3.481                              Lawle01HFS
  5482.252   57.1139     0.000    -3.677                              Lawle01HFS
  5482.256   57.1139     0.000    -3.415                              Lawle01HFS
  5482.256 112.00124     0.618    -3.937               1.340           12R220b24
  5482.258   57.1139     0.000    -3.210                              Lawle01HFS
  5482.260   57.1139     0.000    -3.774                              Lawle01HFS
  5482.261      26.0     3.632     -3.54                                        
  5482.265   57.1139     0.000    -3.356                              Lawle01HFS
  5482.268   57.1139     0.000    -3.003                              Lawle01HFS
  5482.270   57.1139     0.000    -3.920                              Lawle01HFS
  5482.276   57.1139     0.000    -3.390                              Lawle01HFS
  5482.280   57.1139     0.000    -2.832                              Lawle01HFS
  5482.283   57.1139     0.000    -4.154                              Lawle01HFS
  5482.290   57.1139     0.000    -3.572                              Lawle01HFS
  5482.298   57.1139     0.000    -4.572                              Lawle01HFS
  5482.298 607.01314     0.624    -2.913               7.724          0802Pb0235
  5482.301 607.01314     1.463    -3.365               7.724          1306Pc0095
  5482.309 112.00124     0.578    -0.535               1.340           23Q110b24
  5482.320 607.01314     0.576    -3.859               7.724          0802Pc0185
  5482.345 106.00113     1.477    -3.933               3.464            BX03R185
  5482.389 112.00124     0.619    -0.368               1.340           12Q120h24
  5482.394 607.01214     0.875    -3.607               7.724          0903Rd0235
  5482.406   23.0051     0.017    -6.016                                 KURHFS 
  5482.408   23.0051     0.017    -5.761                                 KURHFS 
  5482.409   23.0051     0.017    -6.046                                 KURHFS 
  5482.411   23.0051     0.017    -5.628                                 KURHFS 
  5482.413   23.0051     0.017    -5.573                                 KURHFS 
  5482.414   23.0051     0.017    -6.016                                 KURHFS 
  5482.417   23.0051     0.017    -5.373                                 KURHFS 
  5482.420   23.0051     0.017    -5.482                                 KURHFS 
  5482.422   23.0051     0.017    -6.067                                 KURHFS 
  5482.426   23.0051     0.017    -5.175                                 KURHFS 
  5482.430   23.0051     0.017    -5.460                                 KURHFS 
  5482.433   23.0051     0.017    -6.192                                 KURHFS 
  5482.438   23.0051     0.017    -5.011                                 KURHFS 
  5482.442   23.0051     0.017    -5.514                                 KURHFS 
  5482.445 607.01314     2.940    -3.244               7.724          2112Rd0295
  5482.446   23.0051     0.017    -6.414                                 KURHFS 
  5482.452   23.0051     0.017    -4.870                                 KURHFS 
  5482.457   23.0051     0.017    -5.710                                 KURHFS 
  5482.460      26.0     4.987     -2.54                                        
  5482.462   23.0051     0.017    -6.824                                 KURHFS 
  5482.474 607.01314     2.797    -3.234               7.724          2112Pc0115
  5482.484      24.0     3.011     -4.75                                        
  5482.526      92.1     1.907     -0.77                                        
  5482.537 607.01314     2.886    -2.254               7.724          2112Rb0235
  5482.589 607.01314     2.886    -2.849               7.724          2112Qd0245
  5482.613      24.1     3.855     -5.03                                        
  5482.624 112.00124     1.105    -0.697               1.340           01P238b24
  5482.650 607.01314     0.754    -2.651               7.724          0802Ra0345
  5482.675 607.01314     1.478    -2.922               7.724          1306Qc0125
  5482.701 607.01314     1.478    -2.701               7.724          1306Pa0135
  5482.706      20.0     4.677     -3.56                                        
  5482.721 106.00112     1.139    -3.747               3.464            AX13Q095
  5482.723 106.00112     1.139    -5.709               3.464            AX13R095
  5482.743 106.00112     1.858    -4.025               3.464            AX46P055
  5482.772      26.0     5.064     -3.06                                        
  5482.776 106.00113     1.689    -3.755               3.464            AX35P095
  5482.776 607.01214     2.955    -1.942               7.724          2112Qa0255
  5482.788 106.00113     0.985    -4.394               3.464            AX13R025
  5482.791 607.01214     0.689    -4.590               7.724          0701Pc0425
  5482.797 106.00113     1.870    -3.909               3.464            AX46P065
  5482.814 106.00113     1.689    -5.309               3.464            AX35Q095
  5482.877 106.00113     1.563    -6.193               3.464            AX35P035
  5482.890 607.01214     2.955    -3.122               7.724          2112Rc0245
  5482.900      20.0     4.760     -3.58                                        
  5482.903 106.00112     1.858    -5.010               3.464            AX46Q055
  5482.912 106.00113     0.985    -4.393               3.464            AX13R025
  5482.935      26.0     5.082     -3.71                                        
  5482.938 607.01214     0.797    -2.834               7.724          0903Rb0135
  5482.956 112.00124     1.105    -3.321               1.340           01Q238b24
  5482.960 106.00112     2.131    -8.657               3.464            AX03R285
  5482.963 607.01314     2.221    -2.338               7.724          1709Pb0215
  5482.969 607.01214     0.797    -3.202               7.724          0903Qd0145
  5482.975      24.0     4.532     -2.70                                        
  5483.006 106.00113     1.013    -7.326               3.464            BX03R055
  5483.048 106.00112     1.139    -5.573               3.464            AX13P105
  5483.050 106.00112     1.139    -3.705               3.464            AX13Q105
  5483.050 106.00112     2.565    -2.691               3.464            AX46Q245
  5483.071 106.00113     1.563    -6.204               3.464            AX35P035
  5483.077 106.00113     1.689    -3.706               3.464            AX35P105
  5483.099      26.0     4.154     -1.39                              DenHarto14
  5483.128 106.00112     1.858    -4.024               3.464            AX46P055
  5483.152 106.00112     2.565    -5.265               3.464            AX46R235
  5483.157 106.00113     1.870    -5.055               3.464            AX46Q065
  5483.159 112.00124     1.105    -0.683               1.340           01P138b24
  5483.197 607.01214     0.756    -3.522               7.724          0903Pb0045
  5483.220      60.1     0.985     -1.80                              DenHarto03
  5483.229 106.00113     1.285    -4.509               3.464            BX03R135
  5483.231 607.01314     1.578    -2.290               7.724          1306Rb0245
  5483.239 106.00112     2.565    -5.255               3.464            AX46P245
  5483.267 106.00113     1.870    -3.834               3.464            AX46P075
  5483.279 607.01314     1.578    -2.939               7.724          1306Qd0255
  5483.280 607.01314     0.614    -3.517               7.724          0802Qc0225
  5483.282 607.01314     2.850    -2.071               7.724          2112Qb0195
  5483.289 106.00112     1.858    -5.021               3.464            AX46Q055
  5483.309 106.00113     1.870    -3.908               3.464            AX46P065
  5483.310   27.0059     1.709    -2.130                                 LAWHFS 
  5483.323   27.0059     1.709    -3.011                                 KURHFS 
  5483.323   27.0059     1.709    -3.266                                 KURHFS 
  5483.323   27.0059     1.709    -3.296                                 KURHFS 
  5483.325 607.01314     2.850    -3.097               7.724          2112Pd0205
  5483.327   27.0059     1.709    -2.823                                 KURHFS 
  5483.327   27.0059     1.709    -2.878                                 KURHFS 
  5483.327   27.0059     1.709    -3.266                                 KURHFS 
  5483.328 607.01314     0.614    -2.926               7.724          0802Pa0235
  5483.333   27.0059     1.709    -2.623                                 KURHFS 
  5483.333   27.0059     1.709    -2.732                                 KURHFS 
  5483.333   27.0059     1.709    -3.317                                 KURHFS 
  5483.334   27.0059     1.709    -2.271                                 LAWHFS 
  5483.341   27.0059     1.709    -2.425                                 KURHFS 
  5483.341   27.0059     1.709    -2.710                                 KURHFS 
  5483.341   27.0059     1.709    -3.442                                 KURHFS 
  5483.341 106.00112     2.565    -2.743               3.464            AX46Q235
  5483.344   27.0059     1.709    -2.970                                 LAWHFS 
  5483.344 607.01214     1.613    -2.358               7.724          1306Pb0245
  5483.350   27.0059     1.709    -2.261                                 KURHFS 
  5483.350   27.0059     1.709    -2.764                                 KURHFS 
  5483.350   27.0059     1.709    -3.664                                 KURHFS 
  5483.350 106.00112     1.858    -3.934               3.464            AX46P065
  5483.354   27.0059     1.709    -2.435                                 LAWHFS 
  5483.360   27.0059     1.709    -2.120                                 KURHFS 
  5483.360   27.0059     1.709    -2.960                                 KURHFS 
  5483.360   27.0059     1.709    -4.074                                 KURHFS 
  5483.363   27.0059     1.709    -2.774                                 LAWHFS 
  5483.371   27.0059     1.709    -2.633                                 LAWHFS 
  5483.373   27.0059     1.709    -4.085                                 LAWHFS 
  5483.374      27.0     4.501     -3.79                                        
  5483.378   27.0059     1.709    -2.720                                 LAWHFS 
  5483.379 607.01314     0.671    -3.790               7.724          0802Rc0275
  5483.384   27.0059     1.709    -2.888                                 LAWHFS 
  5483.387   27.0059     1.709    -3.674                                 LAWHFS 
  5483.389   27.0059     1.709    -2.742                                 LAWHFS 
  5483.393   27.0059     1.709    -3.276                                 LAWHFS 
  5483.393 607.01214     1.602    -2.992               7.724          1306Qc0235
  5483.394      58.0     0.698     -0.89                                        
  5483.396 112.00124     0.516    -1.227               1.340           23R203b24
  5483.397   27.0059     1.709    -3.452                                 LAWHFS 
  5483.398   27.0059     1.709    -2.833                                 LAWHFS 
  5483.403   27.0059     1.709    -3.021                                 LAWHFS 
  5483.403   27.0059     1.709    -3.327                                 LAWHFS 
  5483.407   27.0059     1.709    -3.276                                 LAWHFS 
  5483.407   27.0059     1.709    -3.306                                 LAWHFS 
  5483.416      73.0     2.894     -0.89                                        
  5483.420 112.00124     0.516    -2.272               1.340           23Q103b24
  5483.420 607.01214     2.966    -1.939               7.724          2112Qb0255
  5483.436 106.00113     1.087    -6.403               3.464            AX02R155
  5483.437 106.00113     1.285    -8.555               3.464            BX03Q145
  5483.437 607.01314     0.671    -2.482               7.724          0802Qa0285
  5483.441 607.01214     1.602    -2.370               7.724          1306Pa0245
  5483.466 607.01314     0.684    -2.481               7.724          0802Qb0285
  5483.476 607.01214     0.766    -2.878               7.724          0903Qb0075
  5483.477      41.0     1.079     -2.12                                        
  5483.487 607.01314     0.769    -2.657               7.724          0802Rb0345
  5483.493      58.0     0.731     -0.67                                        
  5483.494 607.01214     0.766    -3.510               7.724          0903Pd0085
  5483.526 607.01314     0.684    -3.828               7.724          0802Pd0295
  5483.546 106.00113     1.285    -4.406               3.464            BX03R145
  5483.549 106.00113     1.087    -3.958               3.464            AX02Q155
  5483.560 607.01314     0.769    -3.616               7.724          0802Qd0355
  5483.588      26.0     4.962     -2.94                                        
  5483.617 106.00112     1.978    -3.399               3.464            AX24P225
  5483.623 106.00113     1.087    -3.931               3.464            AX02Q165
  5483.668 106.00113     1.870    -5.067               3.464            AX46Q065
  5483.674 106.00112     1.666    -3.821               3.464            AX35P085
  5483.674 106.00112     1.978    -5.774               3.464            AX24Q215
  5483.690 106.00112     1.858    -3.934               3.464            AX46P065
  5483.726 106.00113     1.870    -3.835               3.464            AX46P075
  5483.732 106.00112     1.666    -5.271               3.464            AX35Q085
  5483.736 106.00113     1.087    -6.130               3.464            AX02P165
  5483.760      20.0     5.295     -4.48                                        
  5483.770 106.00113     2.524    -8.946               3.464            AX25R275
  5483.771 607.01214     0.825    -3.808               7.724          0802Rc0365
  5483.803 106.00113     1.690    -3.755               3.464            AX35P095
  5483.810      20.0     4.677     -2.57                                        
  5483.811 106.00112     1.978    -3.420               3.464            AX24P215
  5483.822 106.00113     1.690    -5.327               3.464            AX35Q095
  5483.835 106.00112     0.973    -5.525               3.464            AX13R015
  5483.836   27.0059     3.629    -2.286                                 KURHFS 
  5483.839 106.00112     0.973    -5.518               3.464            AX13R015
  5483.844   27.0059     3.629    -2.023                                 KURHFS 
  5483.844   27.0059     3.629    -2.219                                 KURHFS 
  5483.850 106.00112     1.139    -3.746               3.464            AX13Q095
  5483.851 106.00112     1.139    -5.722               3.464            AX13R095
  5483.851 607.01214     0.825    -2.370               7.724          0802Qa0375
  5483.859   27.0059     3.629    -1.819                                 KURHFS 
  5483.859   27.0059     3.629    -2.023                                 KURHFS 
  5483.859   27.0059     3.629    -2.918                                 KURHFS 
  5483.880 106.00113     0.985    -5.136               3.464            AX13Q035
  5483.881   27.0059     3.629    -1.649                                 KURHFS 
  5483.881   27.0059     3.629    -1.918                                 KURHFS 
  5483.881   27.0059     3.629    -2.763                                 KURHFS 
  5483.908 106.00113     1.276    -5.041               3.464            AX24P025
  5483.911   27.0059     3.629    -1.503                                 KURHFS 
  5483.911   27.0059     3.629    -1.871                                 KURHFS 
  5483.911   27.0059     3.629    -2.763                                 KURHFS 
  5483.949   27.0059     3.629    -1.374                                 KURHFS 
  5483.949   27.0059     3.629    -1.877                                 KURHFS 
  5483.949   27.0059     3.629    -2.860                                 KURHFS 
  5483.961 607.01314     2.814    -2.827               7.724          2112Qc0145
  5483.964      25.0     5.516     -1.95                                        
  5483.971 607.01314     2.262    -1.920               7.724          1709Qb0255
  5483.978 106.00113     0.985    -5.130               3.464            AX13Q035
  5483.994   27.0059     3.629    -1.258                                 KURHFS 
  5483.994   27.0059     3.629    -1.950                                 KURHFS 
  5483.994   27.0059     3.629    -3.064                                 KURHFS 
  5484.003 106.00113     1.690    -3.706               3.464            AX35P105
  5484.015 607.01314     2.262    -3.134               7.724          1709Pd0265
  5484.029 106.00113     1.276    -5.039               3.464            AX24P025
  5484.040 607.01314     2.814    -2.556               7.724          2112Pa0155
  5484.047   27.0059     3.629    -1.153                                 KURHFS 
  5484.047   27.0059     3.629    -2.161                                 KURHFS 
  5484.047   27.0059     3.629    -3.462                                 KURHFS 
  5484.051 106.00112     1.666    -3.765               3.464            AX35P095
  5484.085 106.00112     1.139    -5.562               3.464            AX13P105
  5484.086 106.00112     1.139    -3.705               3.464            AX13Q105
  5484.090 607.01314     2.806    -3.349               7.724          2011Pc0345
  5484.094 112.00124     0.848    -0.506               1.340           23P223b24
  5484.114 607.01214     0.745    -3.645               7.724          0802Qc0315
  5484.117 607.01314     2.876    -2.241               7.724          2112Ra0235
  5484.122 106.00113     0.985    -4.273               3.464            AX13R035
  5484.147      25.1     6.663     -5.60                                        
  5484.147      90.1     1.377     -1.94                                        
  5484.183 607.01214     0.745    -2.773               7.724          0802Pa0325
  5484.213 106.00112     1.916    -3.521               3.464            AX13P255
  5484.220 106.00113     0.985    -4.274               3.464            AX13R035
  5484.227      22.0     2.159     -4.75                                        
  5484.229      45.0     3.965      0.26                                        
  5484.276      20.0     5.296     -2.84                                        
  5484.302 106.00112     1.916    -6.060               3.464            AX13Q245
  5484.303      24.0     3.009     -4.11                                        
  5484.321 607.01214     2.899    -3.212               7.724          2112Pc0185
  5484.326      20.0     5.792     -3.57                                        
  5484.328      44.0     1.002     -1.66                                        
  5484.334 607.01214     0.991    -3.206               7.724          0600Qb0645
  5484.354 106.00112     1.917    -5.723               3.464            AX24Q205
  5484.400 106.00113     1.276    -5.244               3.464            AX24Q025
  5484.416 607.01214     0.689    -3.955               7.724          0802Pc0275
  5484.417 607.01314     2.212    -2.842               7.724          1709Qc0205
  5484.428 607.01314     2.251    -3.100               7.724          1709Rc0245
  5484.448 607.01314     2.827    -2.494               7.724          2112Pb0165
  5484.453 607.01314     2.212    -2.354               7.724          1709Pa0215
  5484.470 607.01314     2.251    -1.922               7.724          1709Qa0255
  5484.476 607.01214     0.991    -5.235               7.724          0600Pd0655
  5484.477 106.00112     1.917    -3.422               3.464            AX24P215
  5484.485 106.00112     1.917    -3.444               3.464            AX24P205
  5484.505 106.00112     1.916    -3.539               3.464            AX13P245
  5484.521 106.00113     1.276    -5.250               3.464            AX24Q025
  5484.522 106.00112     1.484    -5.921               3.464            BX13P175
  5484.523      26.0     4.952     -4.10                                        
  5484.527 106.00112     1.666    -3.820               3.464            AX35P085
  5484.566 112.00124     0.848    -2.860               1.340           23Q223b24
  5484.585 106.00112     1.666    -5.287               3.464            AX35Q085
  5484.640 106.00113     2.583    -5.915               3.464            AX03R345
  5484.644      44.0     1.588     -2.20                                        
  5484.663 112.00124     0.516    -1.176               1.340           23R103b24
  5484.677 607.01314     1.512    -3.146               7.724          1306Rc0175
  5484.704 112.00124     0.848    -0.484               1.340           23P123b24
  5484.712 607.01314     1.512    -2.160               7.724          1306Qa0185
  5484.754      24.0     3.889     -3.76                                        
  5484.758      23.0     3.957     -2.71                                        
  5484.773 607.01214     0.804    -2.798               7.724          0903Rb0145
  5484.806 607.01214     0.804    -3.204               7.724          0903Qd0155
  5484.806 607.01214     0.886    -3.614               7.724          0903Rd0245
  5484.832 106.00112     1.666    -3.766               3.464            AX35P095
  5484.860 607.01314     1.498    -2.591               7.724          1306Pb0155
  5484.868      28.0     5.000     -3.81                                        
  5484.868 607.01314     1.529    -2.132               7.724          1306Qb0195
  5484.874 112.00124     0.565    -0.625               1.340           23Q209b24
  5484.888 106.00113     1.720    -3.697               3.464            AX35P105
  5484.896 607.01214     0.759    -3.117               7.724          0903Ra0065
  5484.906      25.1     6.135     -3.20                                        
  5484.906 106.00113     1.720    -5.343               3.464            AX35Q105
  5484.908 607.01314     1.529    -3.189               7.724          1306Pd0205
  5484.918 607.01214     0.714    -5.275               7.724          0600Pc0545
  5484.922 607.01214     0.762    -3.061               7.724          0903Ra0075
  5484.937 112.00124     0.566    -3.416               1.340           23P109b24
  5484.944 607.01214     1.061    -4.329               7.724          0802Rd0495
  5484.994 607.01314     2.188    -3.193               7.724          1709Pc0175
  5485.030      60.1     1.281     -1.17                              DenHarto03
  5485.065 607.01214     0.756    -3.179               7.724          0903Ra0055
  5485.100      60.1     0.550     -1.64                              DenHarto03
  5485.138 106.00113     1.720    -3.652               3.464            AX35P115
  5485.140 607.01214     0.766    -3.010               7.724          0903Ra0085
  5485.155      25.0     5.083     -2.99                                        
  5485.169 607.01214     2.935    -2.332               7.724          2112Pb0225
  5485.178      24.0     4.096     -2.69                                        
  5485.290 607.01214     2.333    -2.916               7.724          1709Qc0275
  5485.303 607.01214     0.770    -2.815               7.724          0903Qb0085
  5485.323 607.01214     0.770    -3.493               7.724          0903Pd0095
  5485.338 607.01214     2.333    -2.209               7.724          1709Pa0285
  5485.347      26.0     5.389     -3.37                                        
  5485.405      62.0     0.000     -1.25                                        
  5485.425 106.00113     1.276    -4.789               3.464            AX24P035
  5485.430 607.01214     0.754    -3.248               7.724          0903Ra0045
  5485.446 607.01214     2.925    -2.875               7.724          2112Qc0215
  5485.484 112.00124     0.565    -3.412               1.340           23R209b24
  5485.484 607.01314     1.567    -2.278               7.724          1306Ra0245
  5485.518 607.01214     0.759    -3.415               7.724          0903Pb0055
  5485.519 106.00113     1.276    -4.790               3.464            AX24P035
  5485.541      25.1     5.986     -6.89                                        
  5485.546 112.00126     0.433    -0.923               1.340           12R211h26
  5485.547 112.00124     0.566    -0.577               1.340           23Q109b24
  5485.551 106.00113     1.913    -3.423               3.464            AX24P215
  5485.551 607.01214     0.770    -2.962               7.724          0903Ra0095
  5485.567 607.01214     2.925    -2.345               7.724          2112Pa0225
  5485.607 106.00113     1.913    -5.759               3.464            AX24Q205
  5485.662      24.0     3.889     -2.63                                        
  5485.698 112.00125     0.434    -0.923               1.340           12R211h25
  5485.700      60.1     1.263     -0.12                              DenHarto03
  5485.705 607.01314     1.468    -3.342               7.724          1306Pc0105
  5485.709 607.01314     2.842    -3.065               7.724          2112Rc0185
  5485.747 607.01314     2.842    -2.073               7.724          2112Qa0195
  5485.762 106.00113     1.913    -3.445               3.464            AX24P205
  5485.813 607.01314     1.484    -2.918               7.724          1306Qc0135
  5485.841 607.01314     1.484    -2.658               7.724          1306Pa0145
  5485.864 112.00124     0.434    -0.923               1.340           12R211h24
  5485.935      23.0     1.798     -4.97                                        
  5485.945 112.00124     0.434    -2.838               1.340           12Q111b24
  5485.971 112.00126     0.383    -1.017               1.340           01R217h26
  5485.982 106.00113     1.865    -6.447               3.464            AX02Q275
  5485.992 607.01214     0.752    -3.324               7.724          0903Ra0035
  5486.007      74.0     3.894     -0.19                                        
  5486.032 106.00113     1.865    -3.811               3.464            AX02P285
  5486.038 607.01214     0.760    -2.769               7.724          0802Pb0325
  5486.040      22.0     3.421     -2.13                                        
  5486.050 607.01214     1.571    -3.333               7.724          1306Pc0205
  5486.070      40.0     0.622     -2.19                                        
  5486.084      22.0     3.407     -2.83                                        
  5486.094 106.00113     1.088    -6.423               3.464            AX02R155
  5486.094 112.00125     0.383    -1.017               1.340           01R217h25
  5486.103 106.00113     1.720    -5.362               3.464            AX35Q105
  5486.110 106.00113     1.720    -3.697               3.464            AX35P105
  5486.121 106.00113     1.855    -5.708               3.464            AX24Q195
  5486.132 106.00113     1.088    -3.931               3.464            AX02Q165
  5486.133      38.0     2.250     -0.31                                        
  5486.139      22.0     3.715     -2.66                                        
  5486.139 112.00126     0.433    -0.895               1.340           12R111h26
  5486.153 607.01214     0.774    -2.919               7.724          0903Ra0105
  5486.164 106.00113     1.770    -5.995               3.464            AX13Q225
  5486.166 106.00112     1.694    -3.754               3.464            AX35P095
  5486.199 106.00112     1.694    -5.308               3.464            AX35Q095
  5486.207 106.00113     1.088    -3.958               3.464            AX02Q155
  5486.219 106.00113     1.865    -3.829               3.464            AX02P275
  5486.228 112.00124     0.384    -1.017               1.340           01R217h24
  5486.234 106.00113     1.855    -3.447               3.464            AX24P205
  5486.241 106.00113     1.770    -3.564               3.464            AX13P235
  5486.244 106.00113     1.088    -6.113               3.464            AX02P165
  5486.245 106.00113     1.720    -3.652               3.464            AX35P115
  5486.287 106.00113     1.855    -3.471               3.464            AX24P195
  5486.289 112.00125     0.434    -0.895               1.340           12R111h25
  5486.340 106.00113     1.770    -3.585               3.464            AX13P225
  5486.352 112.00124     0.384    -3.311               1.340           01Q117b24
  5486.393 607.01214     0.847    -3.592               7.724          0600Pb0595
  5486.406 607.01314     2.803    -3.220               7.724          2112Pc0125
  5486.418 106.00113     1.105    -3.795               3.464            AX13Q085
  5486.445 106.00113     1.105    -5.656               3.464            AX13R085
  5486.446 106.00112     1.567    -6.192               3.464            AX35P035
  5486.453 112.00124     0.434    -0.895               1.340           12R111h24
  5486.482 106.00112     1.694    -3.705               3.464            AX35P105
  5486.505 607.01214     0.991    -5.157               7.724          0600Rc0645
  5486.510 112.00126     0.383    -0.996               1.340           01R117h26
  5486.513      24.0     4.532     -2.18                                        
  5486.566 607.01214     1.661    -3.262               7.724          1306Rc0285
  5486.575 106.00113     1.531    -3.934               3.464            BX03R185
  5486.588 106.00113     1.243    -4.610               3.464            BX03R125
  5486.600      59.0     0.782     -0.34                                        
  5486.621 106.00113     1.753    -3.645               3.464            AX35P115
  5486.623 106.00113     1.753    -5.373               3.464            AX35Q115
  5486.624 106.00112     1.381    -4.297               3.464            BX03R155
  5486.624 607.01214     1.661    -1.935               7.724          1306Qa0295
  5486.632 112.00125     0.383    -0.996               1.340           01R117h25
  5486.642 106.00112     1.567    -6.204               3.464            AX35P035
  5486.647 607.01214     0.991    -3.198               7.724          0600Qa0655
  5486.700 106.00113     1.531    -8.140               3.464            BX03Q195
  5486.747 106.00112     0.988    -4.393               3.464            AX13R025
  5486.752 607.01214     0.751    -3.411               7.724          0903Ra0025
  5486.760 106.00112     1.872    -6.447               3.464            AX02Q275
  5486.765 112.00124     0.384    -0.996               1.340           01R117h24
  5486.774 607.01214     0.811    -2.765               7.724          0903Rb0155
  5486.779 106.00113     1.105    -5.541               3.464            AX13P095
  5486.803 607.01214     2.346    -2.202               7.724          1709Pb0285
  5486.806 106.00113     1.105    -3.749               3.464            AX13Q095
  5486.807 106.00112     1.381    -8.428               3.464            BX03Q165
  5486.808 607.01214     0.811    -3.207               7.724          0903Qd0165
  5486.819 106.00113     1.243    -8.601               3.464            BX03Q135
  5486.823 106.00113     1.531    -3.797               3.464            BX03R195
  5486.828 106.00113     1.753    -3.604               3.464            AX35P125
  5486.846 607.01314     2.896    -2.235               7.724          2112Rb0245
  5486.860 106.00112     1.872    -3.811               3.464            AX02P285
  5486.877 106.00112     0.988    -4.393               3.464            AX13R025
  5486.900 607.01314     2.896    -2.855               7.724          2112Qd0255
  5486.923 106.00113     1.243    -4.509               3.464            BX03R135
  5486.928 106.00112     1.381    -4.183               3.464            BX03R165
  5486.944 607.01214     0.779    -2.879               7.724          0903Ra0115
  5486.972 607.01214     2.299    -3.230               7.724          1709Pc0245
  5486.977 607.01314     2.951    -3.251               7.724          2112Rd0305
  5486.989      23.1     2.263     -2.54                                        
  5486.989 607.01314     1.588    -2.271               7.724          1306Rb0255
  5487.002      24.0     2.965     -4.45                                        
  5487.004      92.1     0.717     -2.06                                        
  5487.020      60.1     1.043     -1.21                              DenHarto03
  5487.023 106.00112     1.872    -3.829               3.464            AX02P275
  5487.040 607.01314     1.589    -2.944               7.724          1306Qd0265
  5487.047 112.00126     0.638    -0.516               1.340           01Q226h26
  5487.050 106.00112     1.091    -6.403               3.464            AX02R155
  5487.145      26.0     4.415     -1.50                              NIST/E    
  5487.153 112.00125     0.638    -0.516               1.340           01Q226h25
  5487.168 106.00112     1.091    -3.958               3.464            AX02Q155
  5487.181      22.0     3.696     -3.74                                        
  5487.199 106.00112     1.694    -3.754               3.464            AX35P095
  5487.222      23.0     1.802     -1.25                               LAWNOHFS 
  5487.231 106.00112     1.694    -5.326               3.464            AX35Q095
  5487.245 106.00112     1.091    -3.930               3.464            AX02Q165
  5487.266 112.00124     0.639    -0.516               1.340           01Q226h24
  5487.275      24.0     2.980     -8.95                                        
  5487.281 607.01314     0.585    -3.863               7.724          0802Pc0195
  5487.287 607.01214     0.774    -2.758               7.724          0903Qb0095
  5487.309 607.01214     0.774    -3.481               7.724          0903Pd0105
  5487.326 112.00124     0.964    -0.404               1.340           12P231b24
  5487.332 106.00112     2.530    -8.876               3.464            AX25R275
  5487.349 106.00113     1.105    -3.795               3.464            AX13Q085
  5487.364 106.00112     1.091    -6.130               3.464            AX02P165
  5487.376 106.00113     1.105    -5.668               3.464            AX13R085
  5487.391 607.01214     0.897    -3.622               7.724          0903Rd0255
  5487.406 607.01314     0.635    -2.892               7.724          0802Pb0245
  5487.420      59.1     0.922     -1.45                                LINOHFS 
  5487.421 106.00112     1.431    -4.183               3.464            BX03R165
  5487.435 106.00112     1.694    -3.705               3.464            AX35P105
  5487.437 112.00124     0.639    -4.378               1.340           01P126b24
  5487.448 112.00126     0.638    -0.499               1.340           01Q126h26
  5487.449 106.00112     1.334    -4.405               3.464            BX03R145
  5487.481      26.0     3.639     -3.31                                        
  5487.495 112.00124     0.639    -4.377               1.340           01R226b24
  5487.506 607.01214     0.842    -2.363               7.724          0802Qb0375
  5487.523      26.0     4.188     -2.46                                        
  5487.554 112.00125     0.639    -0.499               1.340           01Q126h25
  5487.567 607.01214     1.674    -1.934               7.724          1306Qb0295
  5487.575 607.01314     2.858    -2.046               7.724          2112Qb0205
  5487.588 607.01214     0.842    -3.969               7.724          0802Pd0385
  5487.590 106.00112     1.431    -8.345               3.464            BX03Q175
  5487.592      22.0     3.421     -0.08                                        
  5487.596 112.00124     0.512    -1.332               1.340           23R202b24
  5487.598 106.00113     1.821    -6.046               3.464            AX46P035
  5487.613 112.00124     0.512    -2.212               1.340           23Q102b24
  5487.620 607.01314     2.858    -3.102               7.724          2112Pd0215
  5487.627 607.01214     1.674    -3.302               7.724          1306Pd0305
  5487.639 106.00113     1.105    -5.531               3.464            AX13P095
  5487.648 106.00112     1.334    -8.497               3.464            BX03Q155
  5487.666 106.00113     1.105    -3.749               3.464            AX13Q095
  5487.666 112.00124     0.639    -0.499               1.340           01Q126h24
  5487.678      26.0     5.029     -1.88                                        
  5487.711 607.01214     0.750    -3.507               7.724          0903Ra0015
  5487.714 106.00112     1.431    -4.061               3.464            BX03R175
  5487.715 106.00113     1.892    -3.816               3.464            AX46P075
  5487.738      26.0     2.176     -2.00                              NIST/C    
  5487.740 112.00124     0.554    -0.678               1.340           23Q208b24
  5487.743 607.01314     2.821    -2.827               7.724          2112Qc0155
  5487.745      26.0     4.317     -0.35                                        
  5487.760      74.0     0.598     -3.29                                        
  5487.766 106.00112     1.334    -4.297               3.464            BX03R155
  5487.768      26.0     4.140     -0.71                                        
  5487.779 112.00124     0.964    -3.306               1.340           12Q231b24
  5487.783 106.00113     1.822    -6.058               3.464            AX46P035
  5487.791      22.0     2.173     -5.05                                        
  5487.796 112.00124     0.554    -3.374               1.340           23P108b24
  5487.819   27.0059     2.135    -4.740                                 KURHFS 
  5487.819   27.0059     2.135    -5.020                                 KURHFS 
  5487.823   27.0059     2.135    -4.602                                 KURHFS 
  5487.827   27.0059     2.135    -6.041                                 KURHFS 
  5487.831   27.0059     2.135    -4.536                                 KURHFS 
  5487.831   27.0059     2.135    -5.020                                 KURHFS 
  5487.836   27.0059     2.135    -5.342                                 KURHFS 
  5487.844   27.0059     2.135    -4.529                                 KURHFS 
  5487.844   27.0059     2.135    -4.740                                 KURHFS 
  5487.848   27.0059     2.135    -4.895                                 KURHFS 
  5487.850 106.00112     0.988    -5.135               3.464            AX13Q035
  5487.851 106.00112     1.279    -5.040               3.464            AX24P025
  5487.854 607.01314     2.821    -2.519               7.724          2112Pa0165
  5487.861   27.0059     2.135    -4.594                                 KURHFS 
  5487.861   27.0059     2.135    -4.602                                 KURHFS 
  5487.865   27.0059     2.135    -4.564                                 KURHFS 
  5487.882   27.0059     2.135    -4.536                                 KURHFS 
  5487.882   27.0059     2.135    -4.798                                 KURHFS 
  5487.886   27.0059     2.135    -4.301                                 KURHFS 
  5487.888 112.00124     0.268    -3.094               1.340           01R111b24
  5487.898 607.01314     1.520    -3.151               7.724          1306Rc0185
  5487.907   27.0059     2.135    -4.529                                 KURHFS 
  5487.907 106.00112     1.877    -3.908               3.464            AX46P065
  5487.912   27.0059     2.135    -4.082                                 KURHFS 
  5487.913      23.0     2.372     -0.05                               LAWNOHFS 
  5487.924 607.01214     0.785    -2.841               7.724          0903Ra0125
  5487.935 607.01314     1.520    -2.134               7.724          1306Qa0195
  5487.937   27.0059     2.135    -4.594                                 KURHFS 
  5487.941   27.0059     2.135    -3.895                                 KURHFS 
  5487.948 106.00112     0.988    -5.129               3.464            AX13Q035
  5487.956 112.00124     0.964    -0.391               1.340           12P131b24
  5487.970   27.0059     2.135    -4.798                                 KURHFS 
  5487.974 106.00112     1.279    -5.038               3.464            AX24P025
  5487.992 607.01214     0.762    -3.324               7.724          0903Pb0065
  5488.008 106.00113     1.789    -5.401               3.464            AX35Q125
  5488.011 112.00126     0.592    -0.412               1.340           12Q219h26
  5488.020 106.00113     1.753    -5.394               3.464            AX35Q115
  5488.021 106.00113     1.789    -3.598               3.464            AX35P125
  5488.024 106.00112     1.877    -5.054               3.464            AX46Q065
  5488.034 607.01314     0.624    -3.524               7.724          0802Qc0235
  5488.052 106.00113     1.753    -3.645               3.464            AX35P115
  5488.069 607.01314     2.886    -2.222               7.724          2112Ra0245
  5488.081 106.00113     1.892    -5.097               3.464            AX46Q075
  5488.084 607.01314     0.625    -2.904               7.724          0802Pa0245
  5488.091 106.00112     0.988    -4.273               3.464            AX13R035
  5488.091 607.01314     0.684    -3.799               7.724          0802Rc0285
  5488.102 106.00113     1.892    -3.753               3.464            AX46P085
  5488.118      27.0     4.206     -0.10                                        
  5488.128 106.00113     1.754    -3.604               3.464            AX35P125
  5488.136      26.0     4.604     -3.23                                        
  5488.152 607.01314     0.684    -2.465               7.724          0802Qa0295
  5488.153 112.00125     0.593    -0.412               1.340           12Q219h25
  5488.171 607.01314     2.231    -2.315               7.724          1709Pb0225
  5488.189 106.00112     0.988    -4.273               3.464            AX13R035
  5488.191 106.00113     1.789    -3.559               3.464            AX35P135
  5488.192      22.0     2.394     -0.30                                        
  5488.195 106.00112     1.919    -3.422               3.464            AX24P215
  5488.218 106.00112     1.724    -3.697               3.464            AX35P105
  5488.227 106.00112     1.724    -5.342               3.464            AX35Q105
  5488.238 112.00124     0.508    -1.836               1.340           23R100b24
  5488.239 106.00112     1.919    -5.759               3.464            AX24Q205
  5488.306 112.00124     0.593    -0.412               1.340           12Q219h24
  5488.307      24.0     3.011     -5.27                                        
  5488.348 106.00112     1.279    -5.243               3.464            AX24Q025
  5488.348 607.01214     0.955    -2.573               7.724          0802Rb0435
  5488.368 106.00113     1.892    -3.816               3.464            AX46P075
  5488.370 106.00112     1.919    -3.444               3.464            AX24P205
  5488.407 106.00112     1.877    -3.834               3.464            AX46P075
  5488.417 112.00124     0.554    -3.368               1.340           23R208b24
  5488.419 106.00112     1.877    -3.907               3.464            AX46P065
  5488.434 112.00124     0.593    -3.768               1.340           12P119b24
  5488.443 607.01214     0.955    -3.472               7.724          0802Qd0445
  5488.445 112.00126     0.592    -0.389               1.340           12Q119h26
  5488.447 607.01214     2.966    -3.129               7.724          2112Rc0255
  5488.456      24.0     4.443     -0.84                                        
  5488.472 106.00112     1.279    -5.249               3.464            AX24Q025
  5488.474 112.00124     0.554    -0.624               1.340           23Q108b24
  5488.481 106.00112     1.724    -3.652               3.464            AX35P115
  5488.489 607.01314     0.697    -2.464               7.724          0802Qb0295
  5488.536 106.00112     1.877    -5.067               3.464            AX46Q065
  5488.551 607.01314     0.697    -3.837               7.724          0802Pd0305
  5488.571 607.01214     1.379    -5.295               7.724          0600Rd0775
  5488.585 112.00125     0.593    -0.389               1.340           12Q119h25
  5488.610 112.00124     0.593    -3.802               1.340           12R219b24
  5488.629      90.1     0.000     -2.61                              Nils02/13%
  5488.636 106.00112     2.491    -4.844               3.464            AX51Q375
  5488.640      63.0     1.601     -0.26                                        
  5488.661 607.01314     1.538    -2.106               7.724          1306Qb0205
  5488.663      42.0     3.387     -1.59                                        
  5488.697 106.00113     1.892    -3.753               3.464            AX46P085
  5488.703 607.01314     1.538    -3.193               7.724          1306Pd0215
  5488.734 106.00113     1.892    -5.111               3.464            AX46Q075
  5488.735 607.01214     0.935    -2.554               7.724          0802Ra0435
  5488.739      22.0     3.184     -1.82                                        
  5488.739 112.00124     0.593    -0.389               1.340           12Q119h24
  5488.749 106.00112     2.491    -2.135               3.464            AX51P385
  5488.815 607.01214     1.613    -3.000               7.724          1306Qc0245
  5488.842 607.01314     1.505    -2.558               7.724          1306Pb0165
  5488.848      24.1     3.884     -6.15                                        
  5488.866 607.01214     1.613    -2.349               7.724          1306Pa0255
  5488.867 106.00112     1.877    -3.834               3.464            AX46P075
  5488.871 607.01214     0.749    -3.608               7.724          0903Ra0005
  5488.883      92.0     1.814     -0.18                                        
  5488.923 607.01214     0.847    -4.937               7.724          0600Qc0595
  5488.938      59.0     0.945     -0.18                                        
  5488.938 106.00113     2.526    -8.876               3.464            AX25R275
  5488.939 106.00112     1.846    -6.007               3.464            AX13Q235
  5488.940 607.01214     0.819    -2.735               7.724          0903Rb0165
  5488.944 607.01314     2.835    -2.462               7.724          2112Pb0175
  5488.947 106.00112     2.491    -2.446               3.464            AX51P375
  5488.964 607.01314     1.578    -2.259               7.724          1306Ra0255
  5488.977 607.01214     0.819    -3.211               7.724          0903Qd0175
  5488.983      14.0     5.609     -0.53                                        
  5488.988 106.00112     1.860    -5.708               3.464            AX24Q195
  5488.993      24.0     2.542     -4.99                                        
  5489.004 607.01214     1.821    -2.782               7.724          0902Pb0755
  5489.040      22.0     2.101     -4.74                                        
  5489.052 106.00112     1.846    -3.541               3.464            AX13P245
  5489.055 607.01214     0.847    -3.585               7.724          0600Pa0605
  5489.084 106.00112     1.016    -7.325               3.464            BX03R055
  5489.093 607.01214     0.791    -2.806               7.724          0903Ra0135
  5489.111 106.00112     1.860    -3.470               3.464            AX24P195
  5489.117 106.00113     1.827    -5.425               3.464            AX35Q135
  5489.118 106.00112     1.861    -3.446               3.464            AX24P205
  5489.122 607.01214     1.624    -2.338               7.724          1306Pb0255
  5489.130 106.00112     1.846    -3.560               3.464            AX13P235
  5489.137      74.0     2.385     -0.67                                        
  5489.142 607.01314     1.491    -2.917               7.724          1306Qc0145
  5489.143 106.00113     1.827    -3.554               3.464            AX35P135
  5489.172 112.00124     0.512    -1.280               1.340           23R102b24
  5489.172 607.01314     1.491    -2.619               7.724          1306Pa0155
  5489.199 607.01214     1.177    -3.414               7.724          0600Rb0705
  5489.239 607.01314     2.221    -2.847               7.724          1709Qc0215
  5489.277 607.01314     2.221    -2.329               7.724          1709Pa0225
  5489.280 106.00113     1.827    -3.518               3.464            AX35P145
  5489.305 607.01314     1.473    -3.324               7.724          1306Pc0115
  5489.327 112.00124     0.375    -2.572               1.340           12R106b24
  5489.355 607.01214     1.177    -4.946               7.724          0600Qd0715
  5489.366 106.00113     1.288    -4.617               3.464            AX24P035
  5489.385 106.00112     1.279    -4.789               3.464            AX24P035
  5489.394      42.0     2.595     -2.41                                        
  5489.428 607.01214     0.779    -2.706               7.724          0903Qb0105
  5489.445 106.00112     1.725    -3.696               3.464            AX35P105
  5489.452 607.01214     0.779    -3.474               7.724          0903Pd0115
  5489.455 106.00112     1.725    -5.362               3.464            AX35Q105
  5489.479 106.00112     1.279    -4.789               3.464            AX24P035
  5489.531      24.0     3.011     -4.30                                        
  5489.570 106.00113     1.288    -4.616               3.464            AX24P035
  5489.587 607.01314     2.850    -3.070               7.724          2112Rc0195
  5489.592 106.00112     1.289    -4.508               3.464            BX03R135
  5489.604   27.0059     4.069    -2.219                                 KURHFS 
  5489.604   27.0059     4.069    -2.286                                 KURHFS 
  5489.604   27.0059     4.069    -2.918                                 KURHFS 
  5489.611   27.0059     4.069    -2.023                                 KURHFS 
  5489.611   27.0059     4.069    -2.023                                 KURHFS 
  5489.611   27.0059     4.069    -2.763                                 KURHFS 
  5489.617 106.00113     1.789    -5.423               3.464            AX35Q125
  5489.621   27.0059     4.069    -1.819                                 KURHFS 
  5489.621   27.0059     4.069    -1.918                                 KURHFS 
  5489.621   27.0059     4.069    -2.763                                 KURHFS 
  5489.621 106.00112     1.725    -3.652               3.464            AX35P115
  5489.624 607.01314     2.850    -2.048               7.724          2112Qa0205
  5489.634   27.0059     4.069    -1.649                                 KURHFS 
  5489.634   27.0059     4.069    -1.871                                 KURHFS 
  5489.634   27.0059     4.069    -2.860                                 KURHFS 
  5489.649 106.00113     1.856    -3.447               3.464            AX24P205
  5489.650   27.0059     4.069    -1.503                                 KURHFS 
  5489.650   27.0059     4.069    -1.877                                 KURHFS 
  5489.650   27.0059     4.069    -3.064                                 KURHFS 
  5489.668   27.0059     4.069    -1.374                                 KURHFS 
  5489.668   27.0059     4.069    -1.950                                 KURHFS 
  5489.668   27.0059     4.069    -3.462                                 KURHFS 
  5489.673 106.00113     1.789    -3.598               3.464            AX35P125
  5489.688   27.0059     4.069    -1.258                                 KURHFS 
  5489.688   27.0059     4.069    -2.161                                 KURHFS 
  5489.690 106.00113     1.856    -5.742               3.464            AX24Q195
  5489.691 106.00113     2.038    -8.710               3.464            AX03R275
  5489.694 106.00113     1.288    -5.219               3.464            AX24Q035
  5489.695 106.00113     1.789    -3.559               3.464            AX35P135
  5489.708      15.0     6.949     -4.69                                        
  5489.711   27.0059     4.069    -1.153                                 KURHFS 
  5489.752 106.00112     1.092    -6.422               3.464            AX02R155
  5489.804 106.00112     1.092    -3.931               3.464            AX02Q165
  5489.810 106.00112     1.289    -8.554               3.464            BX03Q145
  5489.833 106.00113     1.856    -3.471               3.464            AX24P195
  5489.842      23.0     3.930     -1.76                                        
  5489.846 106.00112     1.758    -5.373               3.464            AX35Q115
  5489.852      26.0     4.442     -2.24                                        
  5489.857 106.00112     1.758    -3.645               3.464            AX35P115
  5489.870 106.00112     1.092    -3.958               3.464            AX02Q155
  5489.873      22.0     3.438      0.02                                        
  5489.898 106.00113     1.288    -5.227               3.464            AX24Q035
  5489.909      23.0     3.281     -0.58                                        
  5489.922 106.00112     1.092    -6.112               3.464            AX02P165
  5489.923 607.01214     0.751    -3.605               7.724          0903Rc0015
  5489.924 106.00112     1.289    -4.405               3.464            BX03R145
  5489.928 607.01214     0.751    -3.427               7.724          0903Qa0025
  5489.930      23.0     1.798     -1.25                                        
  5489.977 607.01214     0.750    -3.658               7.724          0903Rc0005
  5489.980 607.01214     0.750    -3.682               7.724          0903Qa0015
  5490.000      20.0     4.740     -3.28                                        
  5490.015 106.00113     1.867    -5.447               3.464            AX35Q145
  5490.024 607.01214     2.908    -3.214               7.724          2112Pc0195
  5490.028      24.0     3.548     -4.11                                        
  5490.033 607.01314     2.196    -3.193               7.724          1709Pc0185
  5490.042      24.0     2.542     -4.14                                        
  5490.051 106.00113     1.867    -3.514               3.464            AX35P145
  5490.069 607.01214     0.752    -3.557               7.724          0903Rc0025
  5490.074 106.00112     1.758    -3.603               3.464            AX35P125
  5490.076 607.01214     0.752    -3.265               7.724          0903Qa0035
  5490.107 106.00113     0.775    -4.539               3.464            AX02R075
  5490.109 112.00124     1.156    -4.878               1.340           02R136b24
  5490.123      25.1     5.988     -4.90                                        
  5490.130      22.0     3.332     -1.16                                        
  5490.148      22.0     1.459     -0.84                                 LAWLER 
  5490.150 607.01214     0.909    -3.629               7.724          0903Rd0265
  5490.160 106.00113     1.867    -3.479               3.464            AX35P155
  5490.194      22.0     3.675     -2.92                                        
  5490.230 106.00113     1.800    -5.691               3.464            AX24Q185
  5490.246 106.00112     1.483    -4.062               3.464            BX03R175
  5490.271      42.0     2.597     -1.53                              NIST/B+   
  5490.278 112.00124     0.544    -0.739               1.340           23Q207b24
  5490.301      23.0     2.606     -2.37                                        
  5490.328 112.00124     0.544    -3.327               1.340           23P107b24
  5490.339 106.00112     1.108    -3.795               3.464            AX13Q085
  5490.348 607.01214     0.842    -3.801               7.724          0802Rc0375
  5490.353 106.00113     1.800    -3.473               3.464            AX24P195
  5490.365 106.00112     1.108    -5.656               3.464            AX13R085
  5490.380 106.00113     1.800    -3.498               3.464            AX24P185
  5490.394      24.0     3.886     -1.80                                        
  5490.402 106.00112     1.483    -8.249               3.464            BX03Q185
  5490.413 607.01214     0.754    -3.519               7.724          0903Rc0035
  5490.423 607.01214     0.754    -3.142               7.724          0903Qa0045
  5490.430 607.01214     0.842    -2.358               7.724          0802Qa0385
  5490.448 607.01214     0.797    -2.774               7.724          0903Ra0145
  5490.473 106.00113     1.288    -4.465               3.464            AX24P045
  5490.529 106.00112     1.483    -3.932               3.464            BX03R185
  5490.544 106.00113     0.775    -5.988               3.464            AX02Q085
  5490.554 607.01314     2.808    -3.209               7.724          2112Pc0135
  5490.569 106.00113     0.775    -4.499               3.464            AX02R085
  5490.578      26.0     2.725     -7.79                                        
  5490.619 607.01214     0.766    -3.246               7.724          0903Pb0075
  5490.640 106.00113     1.288    -4.465               3.464            AX24P045
  5490.690      22.1     1.565     -2.65                                        
  5490.697      22.0     2.152     -6.14                                        
  5490.707 106.00112     1.108    -5.541               3.464            AX13P095
  5490.723      24.0     4.444     -3.25                                        
  5490.733 106.00112     1.108    -3.748               3.464            AX13Q095
  5490.743      24.0     4.614     -2.35                                        
  5490.776 106.00113     1.204    -4.709               3.464            BX03R115
  5490.779 106.00113     1.910    -5.467               3.464            AX35Q155
  5490.803 607.01214     0.760    -3.654               7.724          0802Qc0325
  5490.823 106.00113     1.910    -3.476               3.464            AX35P155
  5490.846      22.0     0.048     -3.35                                        
  5490.865   23.0051     2.364    -3.627                                 KURHFS 
  5490.866   23.0051     2.364    -3.364                                 KURHFS 
  5490.866   23.0051     2.364    -3.560                                 KURHFS 
  5490.867   23.0051     2.364    -3.160                                 KURHFS 
  5490.867   23.0051     2.364    -3.364                                 KURHFS 
  5490.867   23.0051     2.364    -4.259                                 KURHFS 
  5490.870   23.0051     2.364    -2.990                                 KURHFS 
  5490.870   23.0051     2.364    -3.259                                 KURHFS 
  5490.870   23.0051     2.364    -4.104                                 KURHFS 
  5490.874   23.0051     2.364    -2.844                                 KURHFS 
  5490.874   23.0051     2.364    -3.212                                 KURHFS 
  5490.874   23.0051     2.364    -4.104                                 KURHFS 
  5490.875 607.01214     0.760    -2.758               7.724          0802Pa0335
  5490.879   23.0051     2.364    -2.715                                 KURHFS 
  5490.879   23.0051     2.364    -3.218                                 KURHFS 
  5490.879   23.0051     2.364    -4.201                                 KURHFS 
  5490.884   23.0051     2.364    -2.599                                 KURHFS 
  5490.884   23.0051     2.364    -3.291                                 KURHFS 
  5490.884   23.0051     2.364    -4.405                                 KURHFS 
  5490.885 106.00113     0.775    -4.539               3.464            AX02R075
  5490.891   23.0051     2.364    -2.494                                 KURHFS 
  5490.891   23.0051     2.364    -3.502                                 KURHFS 
  5490.891   23.0051     2.364    -4.803                                 KURHFS 
  5490.908 106.00113     1.910    -3.444               3.464            AX35P165
  5490.925 607.01314     1.600    -2.252               7.724          1306Rb0265
  5490.943      24.0     4.093     -2.79                                        
  5490.949 106.00113     1.827    -5.449               3.464            AX35Q135
  5490.956 607.01214     0.756    -3.490               7.724          0903Rc0045
  5490.967 607.01214     0.756    -3.042               7.724          0903Qa0055
  5490.977 607.01314     1.600    -2.948               7.724          1306Qd0275
  5490.980 607.01214     1.821    -4.277               7.724          0902Qc0755
  5491.000 106.00113     1.827    -3.518               3.464            AX35P145
