a line list in the range:    5159.00   5171.00
  5159.004 607.01214     0.989    -2.850               7.724          1003Pb0315
  5159.006   23.0051     1.217    -5.929                                 KURHFS 
  5159.007 607.01314     1.600    -3.569               7.724          1406Pc0265
  5159.008   23.0051     1.217    -5.929                                 KURHFS 
  5159.008   23.0051     1.217    -6.105                                 KURHFS 
  5159.011   23.0051     1.217    -5.765                                 KURHFS 
  5159.011   23.0051     1.217    -6.230                                 KURHFS 
  5159.011   23.0051     1.217    -6.355                                 KURHFS 
  5159.015   23.0051     1.217    -5.757                                 KURHFS 
  5159.015   23.0051     1.217    -5.791                                 KURHFS 
  5159.015   23.0051     1.217    -6.783                                 KURHFS 
  5159.020   23.0051     1.217    -5.508                                 KURHFS 
  5159.020   23.0051     1.217    -5.918                                 KURHFS 
  5159.026   23.0051     1.217    -5.292                                 KURHFS 
  5159.031 607.01214     1.013    -3.158               7.724          1104Rb0085
  5159.048 607.01214     1.013    -3.311               7.724          1104Qd0095
  5159.058      26.0     4.280     -0.82                                        
  5159.063   27.0059     1.709    -4.414                                 KURHFS 
  5159.081   27.0059     1.709    -4.555                                 KURHFS 
  5159.090   27.0059     1.709    -5.254                                 KURHFS 
  5159.097   27.0059     1.709    -4.719                                 KURHFS 
  5159.097 106.00113     1.541    -8.325               3.464            CX05P015
  5159.099 106.00113     2.288    -3.767               3.464            AX56P195
  5159.104   27.0059     1.709    -5.058                                 KURHFS 
  5159.109   27.0059     1.709    -4.917                                 KURHFS 
  5159.113   27.0059     1.709    -6.368                                 KURHFS 
  5159.116   27.0059     1.709    -5.004                                 KURHFS 
  5159.120   27.0059     1.709    -5.172                                 KURHFS 
  5159.124   27.0059     1.709    -5.958                                 KURHFS 
  5159.125   27.0059     1.709    -5.026                                 KURHFS 
  5159.128   27.0059     1.709    -5.560                                 KURHFS 
  5159.131   27.0059     1.709    -5.117                                 KURHFS 
  5159.132   27.0059     1.709    -5.736                                 KURHFS 
  5159.135   27.0059     1.709    -5.305                                 KURHFS 
  5159.137   27.0059     1.709    -5.611                                 KURHFS 
  5159.139   27.0059     1.709    -5.560                                 KURHFS 
  5159.139   27.0059     1.709    -5.590                                 KURHFS 
  5159.149 106.00113     1.541   -13.106               3.464            CX05Q015
  5159.152 607.01314     0.854    -3.003               7.724          1003Pb0225
  5159.161      23.0     2.676     -1.77                                        
  5159.163 607.01214     1.051    -3.938               7.724          1003Rc0355
  5159.220 106.00112     1.542    -8.445               3.464            CX05Q015
  5159.228      26.0     4.590     -4.27                                        
  5159.230 607.01214     1.051    -2.443               7.724          1003Qa0365
  5159.237 106.00112     1.542    -9.732               3.464            CX05P015
  5159.243 112.00124     0.030    -0.164               1.340           00R106h24
  5159.256 607.01214     1.131    -4.394               7.724          0902Rc0515
  5159.256 607.01214     2.398    -2.984               7.724          1910Qc0075
  5159.264 607.01214     0.994    -4.204               7.724          1104Pb0015
  5159.268 607.01214     2.398    -2.993               7.724          1910Pa0085
  5159.294 112.00125     0.030    -0.164               1.340           00R106h25
  5159.302 607.01214     0.056    -4.854               7.724          0600Rc0145
  5159.323      23.0     2.246     -0.42                               LAWNOHFS 
  5159.331 607.01214     0.056    -3.920               7.724          0600Qa0155
  5159.336 607.01314     2.850    -2.905               7.724          2212Qc0195
  5159.341 106.00113     2.001   -10.172               3.464            CX05P175
  5159.341 112.00126     0.030    -0.164               1.340           00R106h26
  5159.354 607.01214     1.131    -2.622               7.724          0902Qa0525
  5159.355 106.00113     2.289    -3.917               3.464            AX56P185
  5159.368 607.01214     1.834    -2.410               7.724          1507Rb0235
  5159.372 607.01314     2.850    -2.469               7.724          2212Pa0205
  5159.399 607.01214     2.392    -3.564               7.724          1910Pc0055
  5159.401 607.01214     2.935    -3.302               7.724          2212Pc0225
  5159.407 607.01214     0.118    -3.980               7.724          0600Ra0225
  5159.409 607.01214     1.834    -3.066               7.724          1507Qd0245
  5159.457 607.01214     1.078    -3.661               7.724          1104Rd0195
  5159.585      26.0     3.881     -3.48                                        
  5159.594 106.00112     1.848    -3.811               3.464            AX13R245
  5159.596      26.0     5.006     -2.38                                        
  5159.647 112.00124     0.177    -1.028               1.340           11Q100h24
  5159.680      58.0     0.888      0.76                                        
  5159.681 112.00125     0.177    -1.028               1.340           11Q100h25
  5159.686      58.0     0.659      0.54                                        
  5159.688      58.0     0.302      0.18                                        
  5159.710 112.00126     0.177    -1.028               1.340           11Q100h26
  5159.752 112.00124     0.780     0.236               1.340           11P230b24
  5159.756 112.00124     0.190     0.413               1.340           00Q216h24
  5159.781 106.00112     1.848    -5.951               3.464            AX13Q245
  5159.804 112.00125     0.190     0.413               1.340           00Q216h25
  5159.829      26.0     3.265     -3.74                                        
  5159.845 607.01214     0.997    -3.338               7.724          1104Qb0035
  5159.849 112.00126     0.189     0.413               1.340           00Q216h26
  5159.851 106.00112     1.848    -3.825               3.464            AX13R235
  5159.852 106.00112     2.222   -10.149               3.464            AX45P215
  5159.853 607.01214     0.997    -3.762               7.724          1104Pd0045
  5159.862 106.00113     2.289    -5.515               3.464            AX56Q185
  5159.865 112.00124     0.190    -3.035               1.340           00P116b24
  5159.891 607.01314     2.308    -3.049               7.724          1809Qc0295
  5159.919       6.0     8.636     -2.15                                        
  5159.935      56.0     2.237      0.20                                        
  5159.936 607.01314     2.308    -2.320               7.724          1809Pa0305
  5159.953      26.0     4.298     -2.61                                        
  5159.990 106.00113     2.441    -6.662               3.464            AX02R345
  5159.994      44.0     1.130     -1.81                                        
  5159.995 112.00124     0.780    -2.402               1.340           11Q230b24
  5160.012 607.01214     2.464    -2.426               7.724          1910Rb0185
  5160.032 112.00124     0.190    -3.034               1.340           00R216b24
  5160.039 607.01214     2.464    -2.914               7.724          1910Qd0195
  5160.053 106.00112     2.297    -5.482               3.464            AX56Q185
  5160.056 112.00124     0.607    -2.032               1.340           33P212b24
  5160.059 607.01214     1.017    -3.104               7.724          1104Rb0095
  5160.070      63.0     1.638      0.19                                        
  5160.078 607.01214     1.017    -3.301               7.724          1104Qd0105
  5160.100      64.1     1.583     -1.50                              DenHarto06
  5160.114      21.0     5.324     -2.96                                        
  5160.130 106.00112     2.454    -6.622               3.464            AX02R345
  5160.135 607.01314     0.844    -3.572               7.724          1003Qc0215
  5160.141 112.00124     0.190     0.440               1.340           00Q116h24
  5160.147 106.00112     2.297    -3.766               3.464            AX56P195
  5160.148 106.00112     2.297    -3.916               3.464            AX56P185
  5160.155 106.00113     2.094    -3.521               3.464            AX24R245
  5160.160 112.00124     0.781     0.252               1.340           11P130b24
  5160.171 607.01214     0.140    -3.971               7.724          0600Rb0235
  5160.175 607.01314     0.844    -3.017               7.724          1003Pa0225
  5160.189 112.00125     0.190     0.440               1.340           00Q116h25
  5160.218 607.01214     0.140    -4.685               7.724          0600Qd0245
  5160.220 106.00112     2.454    -3.557               3.464            AX02Q355
  5160.227 607.01214     0.247    -5.097               7.724          0600Rd0325
  5160.234 112.00126     0.190     0.440               1.340           00Q116h26
  5160.257 607.01214     2.416    -3.131               7.724          1910Rc0115
  5160.274 607.01214     2.416    -2.363               7.724          1910Qa0125
  5160.290      25.0     4.317     -2.14                                        
  5160.291 607.01214     1.158    -2.646               7.724          1003Rb0415
  5160.316      92.1     0.717     -1.64                                        
  5160.316 106.00113     1.542    -8.378               3.464            CX05P025
  5160.317 106.00113     2.094    -3.550               3.464            AX24R235
  5160.335      41.0     0.049     -1.20                                        
  5160.350      24.0     3.446     -2.47                                        
  5160.362 607.01214     2.448    -2.433               7.724          1910Ra0175
  5160.369 607.01214     1.158    -3.740               7.724          1003Qd0425
  5160.389 106.00113     2.094    -5.739               3.464            AX24Q245
  5160.431 106.00112     2.454    -3.578               3.464            AX02Q345
  5160.465      24.0     0.982     -4.96                                        
  5160.481 607.01214     1.732    -3.456               7.724          1507Pc0105
  5160.521 106.00112     2.454    -6.294               3.464            AX02P355
  5160.538      69.0     1.087     -2.05                                        
  5160.554      24.1     5.867     -3.42                                        
  5160.639 607.01314     1.681    -3.400               7.724          1507Rd0075
  5160.643 106.00112     2.454    -2.624               3.464            AX52R355
  5160.692 607.01314     1.684    -3.381               7.724          1507Rd0085
  5160.731      90.0     0.902     -1.02                                        
  5160.737 607.01314     1.678    -3.426               7.724          1507Rd0065
  5160.783 607.01214     1.823    -2.398               7.724          1507Ra0235
  5160.801       6.0     8.636     -3.03                                        
  5160.819 106.00112     2.454    -2.706               3.464            AX52R345
  5160.840      26.1     5.569     -2.60                                 NIST/D 
  5160.890      64.1     1.597     -1.14                              DenHarto06
  5160.897      22.0     1.501     -1.41                                        
  5160.898 607.01314     1.688    -3.367               7.724          1507Rd0095
  5160.909 106.00112     2.454    -4.466               3.464            AX52Q355
  5160.927 607.01214     0.995    -3.927               7.724          1104Pb0025
  5160.944 607.01214     0.080    -3.855               7.724          0600Qb0175
  5160.945      42.0     3.393     -2.07                                        
  5160.965 607.01214     0.017    -5.141               7.724          0600Pc0075
  5160.968 607.01214     0.999    -3.225               7.724          1104Qb0045
  5160.978 607.01214     0.999    -3.702               7.724          1104Pd0055
  5160.980 607.01214     0.080    -4.908               7.724          0600Pd0185
  5160.981 112.00124     0.917     0.406               1.340           00P237b24
  5160.987 607.01314     1.675    -3.460               7.724          1507Rd0055
  5160.994 607.01214     2.434    -2.283               7.724          1910Qb0145
  5161.017 607.01214     2.434    -3.171               7.724          1910Pd0155
  5161.022      66.1     3.071      0.28                                        
  5161.028      23.1     2.508     -6.35                                        
  5161.057      40.0     1.481     -0.90                                        
  5161.080 607.01314     2.273    -3.376               7.724          1809Pc0265
  5161.116      25.0     4.751     -2.71                                        
  5161.143 607.01214     1.762    -2.696               7.724          1507Pb0155
  5161.159 607.01214     2.966    -2.971               7.724          2212Qc0255
  5161.184      26.1     2.853     -4.48                                        
  5161.200 106.00113     1.105    -3.399               3.464            BX13P085
  5161.205      22.0     1.979     -5.73                                        
  5161.206 607.01214     1.749    -3.034               7.724          1507Qc0135
  5161.211 106.00112     2.100    -3.521               3.464            AX24R245
  5161.222 607.01214     1.087    -3.667               7.724          1104Rd0205
  5161.230 607.01214     1.749    -2.762               7.724          1507Pa0145
  5161.237 607.01214     0.031    -4.646               7.724          0600Qc0105
  5161.237 607.01214     1.022    -3.055               7.724          1104Rb0105
  5161.250 106.00113     1.105    -7.481               3.464            BX13Q085
  5161.254 106.00112     2.100    -3.549               3.464            AX24R235
  5161.254 607.01314     1.692    -3.356               7.724          1507Rd0105
  5161.258 607.01214     1.022    -3.294               7.724          1104Qd0115
  5161.259 607.01214     0.031    -4.470               7.724          0600Pa0115
  5161.271 112.00124     0.917    -2.462               1.340           00Q237b24
  5161.272 607.01214     1.777    -3.265               7.724          1507Rc0175
  5161.273 607.01214     2.416    -2.754               7.724          1910Pb0115
  5161.291      26.0     4.281     -2.71                                        
  5161.304 607.01214     1.777    -2.263               7.724          1507Qa0185
  5161.346 106.00112     2.100    -5.738               3.464            AX24Q245
  5161.387       6.0     8.636     -3.12                                        
  5161.387 607.01314     1.673    -3.505               7.724          1507Rd0045
  5161.394 106.00112     2.452    -2.900               3.464            AX56Q225
  5161.436 607.01214     2.402    -2.961               7.724          1910Qc0085
  5161.447 607.01214     2.402    -2.921               7.724          1910Pa0095
  5161.459 106.00112     2.452    -5.266               3.464            AX56R215
  5161.460      20.0     5.317     -5.30                                        
  5161.463 112.00124     0.917     0.419               1.340           00P137b24
  5161.530 106.00112     2.452    -5.595               3.464            AX56P225
  5161.570 106.00113     1.105    -3.340               3.464            BX13P095
  5161.595 106.00112     2.452    -2.917               3.464            AX56Q215
  5161.600      64.1     1.597     -1.55                              DenHarto06
  5161.624 607.01214     0.064    -4.860               7.724          0600Rc0155
  5161.642   59.1141     0.482    -4.085                                 LI/LAW 
  5161.650   59.1141     0.482    -3.917                                 LI/LAW 
  5161.656 607.01214     0.064    -3.887               7.724          0600Qa0165
  5161.660   59.1141     0.482    -3.989                                 LI/LAW 
  5161.662 106.00113     2.406    -3.206               3.464            AX13Q325
  5161.666   59.1141     0.482    -2.670                                 LI/LAW 
  5161.673   59.1141     0.482    -4.307                                 LI/LAW 
  5161.678   59.1141     0.482    -2.475                                 LI/LAW 
  5161.684   59.1141     0.482    -1.761                                 LI/LAW 
  5161.694   59.1141     0.482    -2.423                                 LI/LAW 
  5161.702   59.1141     0.482    -1.679                                 LI/LAW 
  5161.706      60.1     0.742     -0.98                                        
  5161.712   59.1141     0.482    -2.468                                 LI/LAW 
  5161.722   59.1141     0.482    -1.595                                 LI/LAW 
  5161.733   59.1141     0.482    -2.663                                 LI/LAW 
  5161.738      26.0     4.291     -4.40                                        
  5161.746   59.1141     0.482    -1.512                                 LI/LAW 
  5161.749 607.01314     2.321    -2.312               7.724          1809Pb0305
  5161.764      24.0     2.708     -1.76                                        
  5161.767 607.01314     1.697    -3.349               7.724          1507Rd0115
  5161.772   59.1141     0.482    -1.433                                 LI/LAW 
  5161.790 607.01314     0.899    -3.834               7.724          1003Rc0265
  5161.792 112.00124     0.004    -1.347               1.340           00R102b24
  5161.801 106.00113     1.641    -4.206               3.464            AX02R255
  5161.802   59.1141     0.482    -1.357                                 LI/LAW 
  5161.811      73.0     1.236     -1.63                                        
  5161.813 607.01214     2.521    -3.307               7.724          1910Rd0255
  5161.827 106.00113     1.613    -8.689               3.464            CX05P065
  5161.839 607.01314     0.899    -2.566               7.724          1003Qa0275
  5161.842 607.01314     0.911    -2.565               7.724          1003Qb0275
  5161.853 607.01314     1.650    -3.246               7.724          1406Qc0305
  5161.875 106.00113     2.406    -5.881               3.464            AX13P325
  5161.883 607.01214     0.934    -4.013               7.724          1003Pc0275
  5161.886 106.00113     2.406    -6.182               3.464            AX13R315
  5161.886 607.01214     2.395    -3.489               7.724          1910Pc0065
  5161.894 607.01314     0.911    -3.881               7.724          1003Pd0285
  5161.896 607.01214     1.068    -2.442               7.724          1003Qb0365
  5161.906 607.01314     1.650    -2.473               7.724          1406Pa0315
  5161.910      24.0     4.532     -3.24                                        
  5161.934 607.01314     1.671    -3.566               7.724          1507Rd0035
  5161.936 106.00113     1.641    -4.218               3.464            AX02R245
  5161.965 607.01214     1.068    -3.992               7.724          1003Pd0375
  5162.003 106.00113     1.641    -6.400               3.464            AX02Q255
  5162.022 607.01214     0.129    -3.959               7.724          0600Ra0235
  5162.035 607.01214     0.049    -4.339               7.724          0600Pb0135
  5162.057 106.00113     1.613   -12.201               3.464            CX05Q065
  5162.087      22.0     3.291     -4.12                                        
  5162.095 112.00124     0.375    -1.646               1.340           22P206b24
  5162.099 106.00113     2.406    -3.240               3.464            AX13Q315
  5162.119 106.00113     1.613    -8.964               3.464            CX05P075
  5162.137 607.01314     2.896    -2.028               7.724          2212Qb0245
  5162.166      25.0     5.849     -3.33                                        
  5162.182 106.00113     1.193    -7.281               3.464            AX02R185
  5162.185 607.01314     2.896    -3.198               7.724          2212Pd0255
  5162.219 607.01314     2.886    -3.167               7.724          2212Rc0235
  5162.235 607.01214     1.002    -3.130               7.724          1104Qb0055
  5162.247 607.01214     1.002    -3.659               7.724          1104Pd0065
  5162.248 106.00112     1.539    -8.868               3.464            CX05Q005
  5162.264   27.0059     3.189    -6.065                                 KURHFS 
  5162.264   27.0059     3.189    -6.320                                 KURHFS 
  5162.264   27.0059     3.189    -6.350                                 KURHFS 
  5162.264 607.01314     2.886    -2.029               7.724          2212Qa0245
  5162.266      15.0     6.985     -0.99                              NIST/E    
  5162.273      26.0     4.175      0.02                                        
  5162.278   27.0059     3.189    -5.877                                 KURHFS 
  5162.278   27.0059     3.189    -5.932                                 KURHFS 
  5162.278   27.0059     3.189    -6.320                                 KURHFS 
  5162.298   27.0059     3.189    -5.677                                 KURHFS 
  5162.298   27.0059     3.189    -5.786                                 KURHFS 
  5162.298   27.0059     3.189    -6.371                                 KURHFS 
  5162.303 106.00112     1.648    -4.206               3.464            AX02R255
  5162.326   27.0059     3.189    -5.479                                 KURHFS 
  5162.326   27.0059     3.189    -5.764                                 KURHFS 
  5162.326   27.0059     3.189    -6.496                                 KURHFS 
  5162.361   27.0059     3.189    -5.315                                 KURHFS 
  5162.361   27.0059     3.189    -5.818                                 KURHFS 
  5162.361   27.0059     3.189    -6.718                                 KURHFS 
  5162.369 607.01214     1.795    -2.234               7.724          1507Qb0195
  5162.377      26.0     2.607     -4.48                                        
  5162.387 607.01314     2.928    -2.219               7.724          2212Ra0285
  5162.402   27.0059     3.189    -5.174                                 KURHFS 
  5162.402   27.0059     3.189    -6.014                                 KURHFS 
  5162.402   27.0059     3.189    -7.128                                 KURHFS 
  5162.404 607.01214     1.795    -3.311               7.724          1507Pd0205
  5162.428 106.00112     1.647    -4.218               3.464            AX02R245
  5162.432 607.01314     1.702    -3.345               7.724          1507Rd0125
  5162.437 607.01314     2.835    -3.264               7.724          2212Pc0175
  5162.473 607.01314     0.817    -3.922               7.724          1003Pc0185
  5162.510 607.01214     2.422    -3.131               7.724          1910Rc0125
  5162.527 106.00112     1.648    -6.400               3.464            AX02Q255
  5162.530 607.01214     2.422    -2.323               7.724          1910Qa0135
  5162.539 112.00125     0.743     0.224               1.340           11P229h25
  5162.543 112.00124     0.744     0.224               1.340           11P229h24
  5162.562 112.00126     0.742     0.224               1.340           11P229h26
  5162.567 607.01214     1.028    -3.010               7.724          1104Rb0115
  5162.590 607.01214     1.028    -3.290               7.724          1104Qd0125
  5162.603       6.0     8.634     -3.40                                        
  5162.609 112.00124     0.179    -1.029               1.340           11Q201b24
  5162.609 112.00124     0.179    -1.330               1.340           11P101h24
  5162.631 607.01314     1.670    -3.652               7.724          1507Rd0025
  5162.647 112.00125     0.179    -1.330               1.340           11P101h25
  5162.672 112.00126     0.179    -1.330               1.340           11P101h26
  5162.675      23.0     2.576     -3.55                                        
  5162.678 106.00113     1.550    -8.365               3.464            CX05P025
  5162.692 106.00112     2.298    -3.767               3.464            AX56P195
  5162.716 106.00112     2.298    -5.514               3.464            AX56Q185
  5162.730 112.00124     0.168     0.385               1.340           00Q215h24
  5162.734 607.01214     0.997    -3.751               7.724          1104Pb0035
  5162.742      21.0     4.187     -1.98                                        
  5162.765 106.00113     1.550   -12.166               3.464            CX05Q025
  5162.773 112.00125     0.168     0.385               1.340           00Q215h25
  5162.811 106.00112     2.298    -3.916               3.464            AX56P185
  5162.814 112.00126     0.168     0.385               1.340           00Q215h26
  5162.818 112.00124     0.744    -2.384               1.340           11Q229b24
  5162.833 112.00124     0.168    -3.007               1.340           00P115b24
  5162.877 607.01214     2.456    -2.407               7.724          1910Ra0185
  5162.880      62.1     1.063     -1.68                              Lawler06  
  5162.897 607.01214     1.039    -3.012               7.724          0902Pb0475
  5162.901 112.00124     0.021    -0.267               1.340           00R205h24
  5162.913      28.0     3.830     -1.93                                        
  5162.930 607.01214     0.989    -3.687               7.724          1003Qc0315
  5162.935 112.00124     1.062    -3.711               1.340           01R137b24
  5162.939 112.00124     0.021    -1.679               1.340           00Q105b24
  5162.942 112.00125     0.021    -0.267               1.340           00R205h25
  5162.962 607.01314     2.939    -2.228               7.724          2212Rb0285
  5162.979      24.0     4.528     -1.12                                        
  5162.980 112.00124     0.744     0.241               1.340           11P129h24
  5162.980 112.00126     0.021    -0.267               1.340           00R205h26
  5162.987 112.00125     0.743     0.241               1.340           11P129h25
  5162.990 607.01214     0.989    -2.841               7.724          1003Pa0325
  5162.995 112.00126     0.742     0.241               1.340           11P129h26
  5163.017 607.01314     2.940    -2.963               7.724          2212Qd0295
  5163.020 112.00124     0.168    -3.007               1.340           00R215b24
  5163.037 607.01214     1.845    -2.390               7.724          1507Rb0245
  5163.069 607.01314     2.867    -2.426               7.724          2212Pb0215
  5163.080 607.01214     1.845    -3.073               7.724          1507Qd0255
  5163.096 607.01214     2.472    -2.400               7.724          1910Rb0195
  5163.123 112.00124     0.168     0.414               1.340           00Q115h24
  5163.125 607.01214     2.472    -2.919               7.724          1910Qd0205
  5163.147 607.01214     1.097    -3.673               7.724          1104Rd0215
  5163.167 112.00125     0.168     0.414               1.340           00Q115h25
  5163.180      42.0     3.956     -0.05                              NIST/B    
  5163.208   27.0059     4.055    -2.381                                 KURHFS 
  5163.208 112.00126     0.168     0.414               1.340           00Q115h26
  5163.209      26.0     5.006     -2.86                                        
  5163.216   27.0059     4.055    -2.101                                 KURHFS 
  5163.216   27.0059     4.055    -2.381                                 KURHFS 
  5163.216   27.0059     4.055    -3.402                                 KURHFS 
  5163.232   27.0059     4.055    -1.963                                 KURHFS 
  5163.232   27.0059     4.055    -2.101                                 KURHFS 
  5163.232   27.0059     4.055    -2.703                                 KURHFS 
  5163.242      26.0     4.981     -2.75                                        
  5163.243 607.01214     0.152    -3.950               7.724          0600Rb0245
  5163.255 607.01314     1.707    -3.343               7.724          1507Rd0135
  5163.256   27.0059     4.055    -1.897                                 KURHFS 
  5163.256   27.0059     4.055    -1.963                                 KURHFS 
  5163.256   27.0059     4.055    -2.256                                 KURHFS 
  5163.272       6.0     7.679     -3.94                                        
  5163.289   27.0059     4.055    -1.890                                 KURHFS 
  5163.289   27.0059     4.055    -1.897                                 KURHFS 
  5163.289   27.0059     4.055    -1.925                                 KURHFS 
  5163.292 607.01214     0.152    -4.693               7.724          0600Qd0255
  5163.301 112.00124     0.623    -2.072               1.340           33P213b24
  5163.314      58.1     1.405     -0.73                                        
  5163.325      26.0     3.544     -6.16                                        
  5163.330   27.0059     4.055    -1.662                                 KURHFS 
  5163.330   27.0059     4.055    -1.890                                 KURHFS 
  5163.330   27.0059     4.055    -1.955                                 KURHFS 
  5163.369 607.01214     1.158    -2.630               7.724          1003Ra0425
  5163.372 106.00113     1.770    -3.826               3.464            AX13R235
  5163.379   27.0059     4.055    -1.443                                 KURHFS 
  5163.379   27.0059     4.055    -1.955                                 KURHFS 
  5163.379   27.0059     4.055    -2.159                                 KURHFS 
  5163.383      26.0     3.926     -4.48                                        
  5163.390 106.00112     1.666   -12.802               3.464            CX05Q085
  5163.391      24.0     3.085     -5.04                                        
  5163.437   27.0059     4.055    -1.256                                 KURHFS 
  5163.437   27.0059     4.055    -2.159                                 KURHFS 
  5163.459      90.0     0.457     -1.92                                        
  5163.467   23.0051     2.113    -5.531                                 KURHFS 
  5163.467   23.0051     2.113    -5.747                                 KURHFS 
  5163.467   23.0051     2.113    -5.996                                 KURHFS 
  5163.467   23.0051     2.113    -6.004                                 KURHFS 
  5163.467   23.0051     2.113    -6.030                                 KURHFS 
  5163.467   23.0051     2.113    -6.157                                 KURHFS 
  5163.467   23.0051     2.113    -6.168                                 KURHFS 
  5163.467   23.0051     2.113    -6.168                                 KURHFS 
  5163.467   23.0051     2.113    -6.344                                 KURHFS 
  5163.467   23.0051     2.113    -6.469                                 KURHFS 
  5163.467   23.0051     2.113    -6.594                                 KURHFS 
  5163.467   23.0051     2.113    -7.022                                 KURHFS 
  5163.472 607.01314     1.669    -3.780               7.724          1507Rd0015
  5163.475 106.00113     1.770    -3.839               3.464            AX13R225
  5163.481 106.00112     1.666    -9.502               3.464            CX05P085
  5163.482 106.00113     1.550    -8.394               3.464            CX05P035
  5163.544 106.00113     1.770    -5.975               3.464            AX13Q235
  5163.547      58.1     1.250     -2.12                              Lawler09  
  5163.610      57.1     0.244     -1.81                              Law01nohfs
  5163.610 106.00112     1.666   -12.276               3.464            CX05P095
  5163.614 112.00124     0.021    -0.222               1.340           00R105h24
  5163.635      73.0     0.696     -2.11                                        
  5163.639 106.00112     1.197    -7.281               3.464            AX02R185
  5163.647 607.01214     1.005    -3.048               7.724          1104Qb0065
  5163.659 112.00125     0.021    -0.222               1.340           00R105h25
  5163.661 607.01214     1.005    -3.626               7.724          1104Pd0075
  5163.672 607.01214     0.262    -5.104               7.724          0600Rd0335
  5163.699 112.00126     0.021    -0.222               1.340           00R105h26
  5163.701      64.0     0.864     -0.70                                        
  5163.710 607.01314     1.663    -2.467               7.724          1406Pb0315
  5163.740 607.01314     0.865    -2.981               7.724          1003Pb0235
  5163.743 607.01214     0.037    -4.640               7.724          0600Qc0115
  5163.768 607.01214     0.037    -4.419               7.724          0600Pa0125
  5163.797 607.01214     0.021    -5.104               7.724          0600Pc0085
  5163.813 607.01214     2.406    -2.944               7.724          1910Qc0095
  5163.819 607.01314     2.858    -2.910               7.724          2212Qc0205
  5163.828 607.01214     2.406    -2.857               7.724          1910Pa0105
  5163.835      24.1     5.658     -3.76                                        
  5163.854 607.01314     2.858    -2.442               7.724          2212Pa0215
  5163.878      46.0     4.392      0.59                                        
  5163.906 607.01214     1.737    -3.439               7.724          1507Pc0115
  5163.975 607.01214     0.089    -3.827               7.724          0600Qb0185
  5163.980      26.0     4.984     -1.21                                        
  5164.013 607.01214     0.089    -4.915               7.724          0600Pd0195
  5164.032      24.0     3.090     -3.80                                        
  5164.051 607.01214     1.034    -2.969               7.724          1104Rb0125
  5164.076 607.01214     1.034    -3.288               7.724          1104Qd0135
  5164.079 106.00112     2.349   -10.265               3.464            AX50P385
  5164.093 607.01214     2.441    -2.249               7.724          1910Qb0155
  5164.111 607.01214     0.072    -4.866               7.724          0600Rc0165
  5164.113      26.0     4.188     -2.18                                        
  5164.115      66.1     2.937      0.15                                        
  5164.116 607.01214     2.441    -3.172               7.724          1910Pd0165
  5164.138 607.01214     1.834    -2.378               7.724          1507Ra0245
  5164.139      92.0     1.006     -0.63                                        
  5164.143 607.01214     1.280    -2.836               7.724          0902Rb0575
  5164.145 607.01214     0.072    -3.857               7.724          0600Qa0175
  5164.157 106.00113     2.366    -9.483               3.464            AX34P275
  5164.164      26.0     3.412     -4.70                                        
  5164.173 106.00113     1.244    -2.856               3.464            BX13Q125
  5164.193 106.00113     2.096    -3.522               3.464            AX24R245
  5164.232      24.1     6.892     -3.35                                        
  5164.234 607.01314     1.713    -3.342               7.724          1507Rd0145
  5164.238 106.00113     1.593    -8.529               3.464            CX05P055
  5164.252 607.01214     1.280    -4.189               7.724          0902Qd0585
  5164.253 106.00113     1.244    -6.120               3.464            BX13R125
  5164.288 106.00113     1.244    -6.210               3.464            BX13P135
  5164.315      23.0     2.573     -2.70                                        
  5164.366      41.0     0.267     -1.04                                        
  5164.368 106.00113     1.244    -2.795               3.464            BX13Q135
  5164.375      58.0     1.020      0.32                                        
  5164.380 106.00113     2.096    -5.700               3.464            AX24Q245
  5164.395 607.01314     0.854    -3.578               7.724          1003Qc0225
  5164.431 106.00113     1.593   -12.043               3.464            CX05Q055
  5164.438 607.01214     1.755    -3.033               7.724          1507Qc0145
  5164.438 607.01314     0.854    -2.993               7.724          1003Pa0235
  5164.451      25.1     6.523     -5.85                                        
  5164.464 607.01214     1.755    -2.723               7.724          1507Pa0155
  5164.464 607.01314     1.669    -4.010               7.724          1507Rd0005
  5164.465 106.00113     2.096    -3.550               3.464            AX24R235
  5164.472 607.01214     1.786    -3.271               7.724          1507Rc0185
  5164.506 607.01214     1.786    -2.236               7.724          1507Qa0195
  5164.510      27.0     4.471     -3.67                                        
  5164.533      64.1     1.424     -1.08                                        
  5164.551      26.0     4.435     -1.34                              NIST/E    
  5164.577 607.01214     2.398    -3.434               7.724          1910Pc0075
  5164.581 607.01214     2.422    -2.708               7.724          1910Pb0125
  5164.601 106.00113     1.593    -8.691               3.464            CX05P065
  5164.619      62.0     1.472     -0.22                                        
  5164.631      24.0     3.119     -4.32                                        
  5164.681 106.00113     1.562    -8.387               3.464            CX05P035
  5164.684 607.01214     0.999    -3.619               7.724          1104Pb0045
  5164.691      26.0     2.586     -4.07                                        
  5164.722   23.0051     2.129    -4.494                                 KURHFS 
  5164.722   23.0051     2.129    -4.690                                 KURHFS 
  5164.729   23.0051     2.129    -4.469                                 KURHFS 
  5164.729   23.0051     2.129    -4.480                                 KURHFS 
  5164.729   23.0051     2.129    -4.690                                 KURHFS 
  5164.739   23.0051     2.129    -4.342                                 KURHFS 
  5164.739   23.0051     2.129    -4.366                                 KURHFS 
  5164.739   23.0051     2.129    -4.469                                 KURHFS 
  5164.754   23.0051     2.129    -4.175                                 KURHFS 
  5164.754   23.0051     2.129    -4.323                                 KURHFS 
  5164.754   23.0051     2.129    -4.366                                 KURHFS 
  5164.771   23.0051     2.129    -4.006                                 KURHFS 
  5164.771   23.0051     2.129    -4.323                                 KURHFS 
  5164.771   23.0051     2.129    -4.334                                 KURHFS 
  5164.793   23.0051     2.129    -3.847                                 KURHFS 
  5164.793   23.0051     2.129    -4.334                                 KURHFS 
  5164.793   23.0051     2.129    -4.411                                 KURHFS 
  5164.798 607.01214     0.140    -3.940               7.724          0600Ra0245
  5164.803 106.00113     1.562   -11.944               3.464            CX05Q035
  5164.817   23.0051     2.129    -3.699                                 KURHFS 
  5164.817   23.0051     2.129    -4.411                                 KURHFS 
  5164.817   23.0051     2.129    -4.626                                 KURHFS 
  5164.835 112.00124     0.182    -1.228               1.340           11Q202b24
  5164.846   23.0051     2.129    -3.563                                 KURHFS 
  5164.846   23.0051     2.129    -4.626                                 KURHFS 
  5164.852 112.00124     0.182    -0.963               1.340           11P102h24
  5164.870   23.0051     2.262    -3.197                                 KURHFS 
  5164.870   23.0051     2.262    -3.452                                 KURHFS 
  5164.870   23.0051     2.262    -3.482                                 KURHFS 
  5164.872   23.0051     2.262    -3.009                                 KURHFS 
  5164.872   23.0051     2.262    -3.064                                 KURHFS 
  5164.872   23.0051     2.262    -3.452                                 KURHFS 
  5164.875   23.0051     2.262    -2.809                                 KURHFS 
  5164.875   23.0051     2.262    -2.918                                 KURHFS 
  5164.875   23.0051     2.262    -3.503                                 KURHFS 
  5164.879   23.0051     2.262    -2.611                                 KURHFS 
  5164.879   23.0051     2.262    -2.896                                 KURHFS 
  5164.879   23.0051     2.262    -3.628                                 KURHFS 
  5164.880 112.00125     0.181    -0.963               1.340           11P102h25
  5164.883   23.0051     2.262    -2.447                                 KURHFS 
  5164.883   23.0051     2.262    -2.950                                 KURHFS 
  5164.883   23.0051     2.262    -3.850                                 KURHFS 
  5164.889   23.0051     2.262    -2.306                                 KURHFS 
  5164.889   23.0051     2.262    -3.146                                 KURHFS 
  5164.889   23.0051     2.262    -4.260                                 KURHFS 
  5164.898 106.00113     1.194    -7.227               3.464            AX02R185
  5164.900 112.00126     0.181    -0.963               1.340           11P102h26
  5164.912      26.0     4.140     -1.98                                        
  5164.961 607.01214     2.428    -3.132               7.724          1910Rc0135
  5164.974      90.0     1.760     -0.32                                        
  5164.980 607.01214     2.428    -2.286               7.724          1910Qa0145
  5164.999      20.0     5.041     -4.11                                        
  5165.003 607.01214     1.770    -2.662               7.724          1507Pb0165
  5165.019 607.01314     1.612    -3.575               7.724          1406Pc0275
  5165.051      23.0     3.869     -4.08                                        
  5165.065      37.0     0.000     -5.69                                        
  5165.065      37.0     0.000     -5.69                                        
  5165.123   27.0059     1.709    -4.084                                 KURHFS 
  5165.127   27.0059     1.709    -4.084                                 KURHFS 
  5165.127   27.0059     1.709    -4.260                                 KURHFS 
  5165.130      60.1     0.680     -0.74                              DenHarto03
  5165.132   27.0059     1.709    -3.920                                 KURHFS 
  5165.132   27.0059     1.709    -4.385                                 KURHFS 
  5165.132   27.0059     1.709    -4.510                                 KURHFS 
  5165.139   27.0059     1.709    -3.912                                 KURHFS 
  5165.139   27.0059     1.709    -3.946                                 KURHFS 
  5165.139   27.0059     1.709    -4.938                                 KURHFS 
  5165.147   27.0059     1.709    -3.663                                 KURHFS 
  5165.147   27.0059     1.709    -4.073                                 KURHFS 
  5165.156   27.0059     1.709    -3.447                                 KURHFS 
  5165.162 607.01214     1.068    -3.945               7.724          1003Rc0365
  5165.182      37.0     0.000     -5.86                                        
  5165.193 106.00113     1.576    -8.436               3.464            CX05P045
  5165.197 112.00124     0.708     0.212               1.340           11P228h24
  5165.205 607.01214     1.009    -2.976               7.724          1104Qb0075
  5165.221 607.01214     1.009    -3.602               7.724          1104Pd0085
  5165.224 112.00125     0.707     0.212               1.340           11P228h25
  5165.232 607.01214     1.068    -2.429               7.724          1003Qa0375
  5165.233 607.01214     1.107    -3.680               7.724          1104Rd0225
  5165.244 112.00126     0.706     0.212               1.340           11P228h26
  5165.245 607.01214     1.004    -2.834               7.724          1003Pb0325
  5165.260 106.00112     2.102    -3.522               3.464            AX24R245
  5165.270 607.01214     2.532    -3.315               7.724          1910Rd0265
  5165.272 106.00113     1.562    -8.441               3.464            CX05P045
  5165.273 607.01314     1.670    -3.338               7.724          1507Qd0025
  5165.273 607.01314     1.670    -3.600               7.724          1507Rb0015
  5165.330 112.00124     0.872     0.397               1.340           00P236b24
  5165.331 607.01314     1.671    -3.246               7.724          1507Qd0035
  5165.331 607.01314     1.671    -3.428               7.724          1507Rb0025
  5165.332      66.0     2.272      0.43                                        
  5165.350 106.00113     1.576   -11.950               3.464            CX05Q045
  5165.355 607.01214     0.056    -4.300               7.724          0600Pb0145
  5165.360      24.0     3.102     -3.64                                        
  5165.361 607.01314     1.669    -3.469               7.724          1507Qd0015
  5165.361 607.01314     1.669    -3.875               7.724          1507Rb0005
  5165.372 607.01314     1.719    -3.343               7.724          1507Rd0155
  5165.377      24.1     5.869     -4.33                                        
  5165.396 106.00112     2.102    -5.700               3.464            AX24Q245
  5165.410      26.0     4.217     -0.5                               adj-0.03
  5165.431      20.0     5.295     -4.75                                        
  5165.433      23.0     3.890     -4.26                                        
  5165.455 112.00124     0.186    -1.175               1.340           11P203h24
  5165.466 112.00125     0.186    -1.175               1.340           11P203h25
  5165.467 106.00112     2.102    -3.550               3.464            AX24R235
  5165.477 112.00126     0.185    -1.175               1.340           11P203h26
  5165.489 112.00124     0.708    -2.365               1.340           11Q228b24
  5165.497 607.01214     1.154    -2.622               7.724          0902Qb0525
  5165.516 607.01214     2.945    -3.307               7.724          2212Pc0235
  5165.528 112.00124     0.147     0.356               1.340           00Q214h24
  5165.537 607.01314     1.673    -3.180               7.724          1507Qd0045
  5165.537 607.01314     1.673    -3.298               7.724          1507Rb0035
  5165.557   27.0059     3.927    -5.092                                 KURHFS 
  5165.557   27.0059     3.927    -5.159                                 KURHFS 
  5165.557   27.0059     3.927    -5.791                                 KURHFS 
  5165.566   27.0059     3.927    -4.896                                 KURHFS 
  5165.566   27.0059     3.927    -4.896                                 KURHFS 
  5165.566   27.0059     3.927    -5.636                                 KURHFS 
  5165.567 112.00125     0.147     0.356               1.340           00Q214h25
  5165.579   27.0059     3.927    -4.692                                 KURHFS 
  5165.579   27.0059     3.927    -4.791                                 KURHFS 
  5165.579   27.0059     3.927    -5.636                                 KURHFS 
  5165.587 607.01214     2.464    -2.383               7.724          1910Ra0195
  5165.593      26.0     4.604     -3.35                                        
  5165.596   27.0059     3.927    -4.522                                 KURHFS 
  5165.596   27.0059     3.927    -4.744                                 KURHFS 
  5165.596   27.0059     3.927    -5.733                                 KURHFS 
  5165.597 607.01214     1.154    -4.464               7.724          0902Pd0535
  5165.601   23.0051     2.113    -7.095                                 KURHFS 
  5165.601   23.0051     2.113    -7.311                                 KURHFS 
  5165.601   23.0051     2.113    -7.560                                 KURHFS 
  5165.601   23.0051     2.113    -7.568                                 KURHFS 
  5165.601   23.0051     2.113    -7.594                                 KURHFS 
  5165.601   23.0051     2.113    -7.721                                 KURHFS 
  5165.601   23.0051     2.113    -7.732                                 KURHFS 
  5165.601   23.0051     2.113    -7.732                                 KURHFS 
  5165.601   23.0051     2.113    -7.908                                 KURHFS 
  5165.601   23.0051     2.113    -8.033                                 KURHFS 
  5165.601   23.0051     2.113    -8.158                                 KURHFS 
  5165.601   23.0051     2.113    -8.586                                 KURHFS 
  5165.601 607.01314     1.669    -3.638               7.724          1507Qd0005
  5165.603 112.00126     0.147     0.356               1.340           00Q214h26
  5165.618   27.0059     3.927    -4.376                                 KURHFS 
  5165.618   27.0059     3.927    -4.750                                 KURHFS 
  5165.618   27.0059     3.927    -5.937                                 KURHFS 
  5165.625 112.00124     0.147    -2.979               1.340           00P114b24
  5165.626      24.0     5.619     -3.44                                        
  5165.631 112.00124     0.872    -2.447               1.340           00Q236b24
  5165.644   27.0059     3.927    -4.247                                 KURHFS 
  5165.644   27.0059     3.927    -4.823                                 KURHFS 
  5165.644   27.0059     3.927    -6.335                                 KURHFS 
  5165.648 112.00124     0.708     0.229               1.340           11P128h24
  5165.650 106.00113     1.576    -8.533               3.464            CX05P055
  5165.669 607.01214     1.039    -4.163               7.724          0902Qc0475
  5165.675   27.0059     3.927    -4.131                                 KURHFS 
  5165.675   27.0059     3.927    -5.034                                 KURHFS 
  5165.678 112.00125     0.707     0.229               1.340           11P128h25
  5165.684 112.00126     0.706     0.229               1.340           11P128h26
  5165.689 607.01214     1.040    -2.931               7.724          1104Rb0135
  5165.701 106.00113     2.273    -7.873               3.464            AX45P225
  5165.711   27.0059     3.927    -4.026                                 KURHFS 
  5165.715 607.01214     1.040    -3.289               7.724          1104Qd0145
  5165.727      24.0     3.077     -5.58                                        
  5165.760 607.01214     1.039    -3.004               7.724          0902Pa0485
  5165.795      20.0     4.621     -1.30                                        
  5165.815 106.00112     1.916    -6.271               3.464            AX35R165
  5165.821 112.00124     0.873     0.410               1.340           00P136b24
  5165.834 112.00124     0.147    -2.978               1.340           00R214b24
  5165.888      20.0     5.296     -4.37                                        
  5165.888 607.01314     1.675    -3.194               7.724          1507Rb0045
  5165.893 607.01314     1.675    -3.130               7.724          1507Qd0055
  5165.931 112.00124     0.147     0.386               1.340           00Q114h24
  5165.946      40.0     1.529     -0.79                                        
  5165.967 607.01314     2.321    -3.056               7.724          1809Qc0305
  5165.971 112.00125     0.147     0.386               1.340           00Q114h25
  5166.008 112.00126     0.147     0.386               1.340           00Q114h26
  5166.014 607.01314     2.321    -2.303               7.724          1809Pa0315
  5166.029      15.0     6.930     -2.00                                        
  5166.040      62.1     1.374     -0.80                              Lawler06  
  5166.060      27.0     4.256     -0.50                                        
  5166.071 607.01314     0.911    -3.842               7.724          1003Rc0275
  5166.092      23.0     2.573     -3.81                                        
  5166.101      24.0     3.432     -1.75                                        
  5166.122 607.01214     1.804    -2.209               7.724          1507Qb0205
  5166.122 607.01314     0.911    -2.548               7.724          1003Qa0285
  5166.159 607.01214     1.804    -3.317               7.724          1507Pd0215
  5166.217      24.0     3.432     -0.52                                        
  5166.255 106.00113     1.643    -4.206               3.464            AX02R255
  5166.281 106.00113     1.910    -6.271               3.464            AX35R165
  5166.282      26.0     0.000     -4.20                              NIST/A    
  5166.324 112.00124     0.641    -2.111               1.340           33P214b24
  5166.331 112.00124     1.077    -3.379               1.340           12R134b24
  5166.365 607.01214     2.481    -2.376               7.724          1910Rb0205
  5166.381   23.0051     1.868    -6.283                                 KURHFS 
  5166.381   23.0051     1.868    -6.304                                 KURHFS 
  5166.381   23.0051     1.868    -6.429                                 KURHFS 
  5166.390 607.01314     1.678    -3.106               7.724          1507Rb0055
  5166.395 607.01214     2.411    -2.932               7.724          1910Qc0105
  5166.395 607.01214     2.481    -2.925               7.724          1910Qd0215
  5166.398 607.01314     1.678    -3.093               7.724          1507Qd0065
  5166.404 607.01314     0.924    -2.547               7.724          1003Qb0285
  5166.412 607.01214     2.411    -2.799               7.724          1910Pa0115
  5166.420 106.00112     1.199    -7.226               3.464            AX02R185
  5166.420 607.01214     0.043    -4.637               7.724          0600Qc0125
  5166.433   23.0051     1.868    -5.962                                 KURHFS 
  5166.433   23.0051     1.868    -6.283                                 KURHFS 
  5166.433   23.0051     1.868    -6.760                                 KURHFS 
  5166.446 607.01214     0.043    -4.372               7.724          0600Pa0135
  5166.457 106.00113     1.643    -6.361               3.464            AX02Q255
  5166.457 607.01314     0.924    -3.889               7.724          1003Pd0295
  5166.459 106.00112     2.441    -7.775               3.464            AX34P285
  5166.469 607.01214     0.164    -3.931               7.724          0600Rb0255
  5166.495 607.01214     1.002    -3.215               7.724          1104Ra0065
  5166.506 607.01314     1.669    -3.638               7.724          1507Qb0005
  5166.507 607.01314     1.669    -3.940               7.724          1507Pd0015
  5166.513 607.01214     1.280    -2.823               7.724          0902Ra0585
  5166.520 607.01214     0.164    -4.700               7.724          0600Qd0265
  5166.565 607.01214     0.999    -3.276               7.724          1104Ra0055
  5166.572 607.01214     1.177    -2.635               7.724          1003Rb0425
  5166.595 106.00113     1.643    -4.219               3.464            AX02R245
  5166.608 607.01214     1.005    -3.158               7.724          1104Ra0075
  5166.619      15.0     6.985     -1.65                              NIST/E    
  5166.622 106.00112     1.108    -3.398               3.464            BX13P085
  5166.637 106.00113     1.541    -9.284               3.464            CX05P015
  5166.653 607.01214     1.177    -3.746               7.724          1003Qd0435
  5166.669 607.01314     1.726    -3.345               7.724          1507Rd0165
  5166.671 106.00112     1.108    -7.480               3.464            BX13Q085
  5166.693      63.0     1.617      0.05                                        
  5166.758 112.00124     0.384    -1.713               1.340           22P207b24
  5166.762      24.0     3.085     -4.17                                        
  5166.762 607.01214     0.080    -4.872               7.724          0600Rc0175
  5166.778 607.01214     1.002    -3.512               7.724          1104Pb0055
  5166.782      23.0     1.892     -1.50                               LAWNOHFS 
  5166.795      73.0     1.594     -1.92                                        
  5166.798 607.01214     0.080    -3.828               7.724          0600Qa0185
  5166.803 607.01214     0.026    -5.076               7.724          0600Pc0095
  5166.807 607.01314     2.896    -3.175               7.724          2212Rc0245
  5166.817 607.01214     0.997    -3.345               7.724          1104Ra0045
  5166.828 106.00112     1.542    -8.355               3.464            CX05P015
  5166.855 607.01314     2.896    -2.009               7.724          2212Qa0255
  5166.882 607.01214     1.856    -2.371               7.724          1507Rb0255
  5166.900 607.01214     1.009    -3.107               7.724          1104Ra0085
  5166.911 607.01214     1.013    -2.913               7.724          1104Qb0085
  5166.927 607.01214     1.856    -3.080               7.724          1507Qd0265
  5166.928 607.01214     1.013    -3.585               7.724          1104Pd0095
  5166.933      23.0     1.941     -2.75                                        
  5166.963      21.0     5.222     -2.36                                        
  5166.995 106.00112     1.108    -3.339               3.464            BX13P095
  5166.999 106.00112     1.650    -4.206               3.464            AX02R255
  5167.019 112.00124     0.014    -0.340               1.340           00R204h24
  5167.021 607.01214     1.446    -4.546               7.724          0902Rd0645
  5167.023 607.01314     0.826    -3.925               7.724          1003Pc0195
  5167.041 607.01314     1.681    -3.030               7.724          1507Rb0065
  5167.050      26.0     3.045     -8.14                                        
  5167.050 112.00124     0.014    -1.618               1.340           00Q104b24
  5167.050 607.01314     1.681    -3.064               7.724          1507Qd0075
  5167.053 112.00125     0.014    -0.340               1.340           00R204h25
  5167.060 607.01214     0.955    -4.496               7.724          0902Pc0435
  5167.069 607.01314     2.906    -2.008               7.724          2212Qb0255
  5167.082 607.01314     2.940    -2.203               7.724          2212Ra0295
  5167.084 112.00126     0.014    -0.340               1.340           00R204h26
  5167.119 607.01314     2.906    -3.206               7.724          2212Pd0265
  5167.147 112.00124     0.186    -1.362               1.340           11Q203b24
  5167.156 607.01214     0.098    -3.800               7.724          0600Qb0195
  5167.166      23.0     3.265     -4.26                                        
  5167.170 112.00124     0.186    -0.754               1.340           11P103h24
  5167.178 607.01314     1.670    -3.402               7.724          1507Qb0015
  5167.182 607.01314     1.670    -3.709               7.724          1507Pd0025
  5167.191 112.00125     0.186    -0.754               1.340           11P103h25
  5167.196 607.01214     0.098    -4.922               7.724          0600Pd0205
  5167.199 607.01314     2.842    -3.264               7.724          2212Pc0185
  5167.208 112.00126     0.185    -0.754               1.340           11P103h26
  5167.224 106.00112     1.650    -6.361               3.464            AX02Q255
  5167.235 106.00113     1.376    -6.764               3.464            AX13R165
  5167.253 607.01214     0.995    -3.422               7.724          1104Ra0035
  5167.276 607.01214     0.278    -5.111               7.724          0600Rd0345
  5167.306 106.00112     1.650    -4.219               3.464            AX02R245
  5167.312      26.1     3.422     -9.01                                        
  5167.313 607.01314     2.284    -3.382               7.724          1809Pc0275
  5167.321      12.0     2.709     -0.85                              Pehlivan17
  5167.371 607.01214     2.448    -2.216               7.724          1910Qb0165
  5167.373 607.01214     1.013    -3.060               7.724          1104Ra0095
  5167.379      72.0     3.071     -0.08                                        
  5167.397 607.01214     2.448    -3.175               7.724          1910Pd0175
  5167.472 607.01214     2.402    -3.393               7.724          1910Pc0085
  5167.482 607.01214     1.047    -2.895               7.724          1104Rb0145
  5167.482 607.01214     1.117    -3.687               7.724          1104Rd0235
  5167.489      26.0     1.485     -1.12                              NIST/B+   
  5167.494 106.00112     2.458    -3.558               3.464            AX02Q355
  5167.510 607.01214     1.047    -3.290               7.724          1104Qd0155
  5167.522 607.01214     1.742    -3.427               7.724          1507Pc0125
  5167.609 607.01214     2.434    -3.134               7.724          1910Rc0145
  5167.617 106.00112     2.458    -6.661               3.464            AX02R345
  5167.630 607.01214     2.434    -2.251               7.724          1910Qa0155
  5167.655 112.00124     0.673     0.198               1.340           11P227h24
  5167.678 607.01214     1.845    -2.359               7.724          1507Ra0255
  5167.714 112.00125     0.672     0.198               1.340           11P227h25
  5167.718      26.0     3.412     -3.42                                        
  5167.730 112.00126     0.671     0.198               1.340           11P227h26
  5167.732      28.0     4.263     -2.20                                        
  5167.737 607.01214     0.152    -3.921               7.724          0600Ra0255
  5167.746      42.0     2.680     -1.05                              NIST/B    
  5167.791      57.0     0.511     -1.06                                        
  5167.793 106.00112     2.458    -6.258               3.464            AX02P355
  5167.809 106.00112     1.916    -6.223               3.464            AX35R165
  5167.827 112.00124     0.014    -0.290               1.340           00R104h24
  5167.830      24.0     4.436     -2.57                                        
  5167.843 607.01314     1.684    -2.963               7.724          1507Rb0075
  5167.855 607.01314     1.684    -3.042               7.724          1507Qd0085
  5167.856 607.01214     1.795    -3.277               7.724          1507Rc0195
  5167.858 607.01214     1.762    -3.035               7.724          1507Qc0155
  5167.866 112.00125     0.014    -0.290               1.340           00R104h25
  5167.874 607.01214     0.994    -3.507               7.724          1104Ra0025
  5167.875 607.01214     1.154    -4.399               7.724          0902Rc0525
  5167.885 607.01214     1.762    -2.686               7.724          1507Pa0165
  5167.885 607.01214     1.795    -2.211               7.724          1507Qa0205
  5167.897 106.00112     2.458    -2.625               3.464            AX52R355
  5167.900 112.00126     0.014    -0.290               1.340           00R104h26
  5167.914      23.0     3.824     -3.77                                        
  5167.917 106.00112     2.458    -3.579               3.464            AX02Q345
  5167.920      60.1     0.559     -1.18                              DenHarto03
  5167.951      24.0     3.432     -1.60                                        
  5167.965 112.00124     0.673    -2.345               1.340           11Q227b24
  5167.970 607.01314     2.951    -2.212               7.724          2212Rb0295
  5167.976 607.01214     1.154    -2.612               7.724          0902Qa0535
  5167.987   23.0051     2.121    -5.106                                 KURHFS 
  5167.990   23.0051     2.121    -4.826                                 KURHFS 
  5167.990   23.0051     2.121    -5.106                                 KURHFS 
  5167.990   23.0051     2.121    -6.127                                 KURHFS 
  5167.995   23.0051     2.121    -4.688                                 KURHFS 
  5167.995   23.0051     2.121    -4.826                                 KURHFS 
  5167.995   23.0051     2.121    -5.428                                 KURHFS 
  5167.999 607.01314     1.671    -3.219               7.724          1507Qb0025
  5168.002   23.0051     2.121    -4.622                                 KURHFS 
  5168.002   23.0051     2.121    -4.688                                 KURHFS 
  5168.002   23.0051     2.121    -4.981                                 KURHFS 
  5168.004 607.01314     1.671    -3.579               7.724          1507Pd0035
  5168.012   23.0051     2.121    -4.615                                 KURHFS 
  5168.012   23.0051     2.121    -4.622                                 KURHFS 
  5168.012   23.0051     2.121    -4.650                                 KURHFS 
  5168.024   23.0051     2.121    -4.387                                 KURHFS 
  5168.024   23.0051     2.121    -4.615                                 KURHFS 
  5168.024   23.0051     2.121    -4.680                                 KURHFS 
  5168.024 607.01214     1.017    -3.016               7.724          1104Ra0105
  5168.027 607.01314     2.951    -2.972               7.724          2212Qd0305
  5168.039      24.0     4.443     -1.33                                        
  5168.039   23.0051     2.121    -4.168                                 KURHFS 
  5168.039   23.0051     2.121    -4.680                                 KURHFS 
  5168.039   23.0051     2.121    -4.884                                 KURHFS 
  5168.056   23.0051     2.121    -3.981                                 KURHFS 
  5168.056   23.0051     2.121    -4.884                                 KURHFS 
  5168.070 607.01214     2.428    -2.666               7.724          1910Pb0135
  5168.117 112.00124     0.191    -0.849               1.340           11P204h24
  5168.118 607.01314     2.334    -2.296               7.724          1809Pb0315
  5168.120 112.00124     0.673     0.216               1.340           11P127h24
  5168.121 607.01314     2.876    -2.403               7.724          2212Pb0225
  5168.125 112.00125     0.191    -0.849               1.340           11P204h25
  5168.126 607.01314     1.733    -3.348               7.724          1507Rd0175
  5168.134 112.00126     0.191    -0.849               1.340           11P204h26
  5168.143 607.01214     1.085    -2.429               7.724          1003Qb0375
  5168.146 112.00124     0.128     0.324               1.340           00Q213h24
  5168.162 607.01214     0.947    -4.020               7.724          1003Pc0285
  5168.164 106.00112     2.458    -4.410               3.464            AX52Q355
  5168.172 112.00125     0.672     0.216               1.340           11P127h25
  5168.176 112.00126     0.672     0.216               1.340           11P127h26
  5168.179 106.00113     1.911    -6.223               3.464            AX35R165
  5168.181 112.00125     0.128     0.324               1.340           00Q213h25
  5168.182      26.0     3.940     -3.98                                        
  5168.201 106.00113     1.772    -3.827               3.464            AX13R235
  5168.214 112.00126     0.127     0.324               1.340           00Q213h26
  5168.215 607.01214     1.085    -4.000               7.724          1003Pd0385
  5168.238 112.00124     0.128    -2.948               1.340           00P113b24
  5168.244 106.00113     1.606    -6.456               3.464            AX24R155
  5168.255       6.0     8.636     -4.75                                        
  5168.288 106.00112     2.458    -2.707               3.464            AX52R345
  5168.290      22.0     3.282     -3.68                                        
  5168.314 607.01314     1.670    -3.940               7.724          1507Pb0015
  5168.323      59.0     0.000     -0.81                                        
  5168.355      62.0     1.910      0.57                                        
  5168.373 106.00113     1.772    -5.938               3.464            AX13Q235
  5168.453      23.0     3.812     -4.17                                        
  5168.454 607.01314     2.345    -3.314               7.724          1910Rd0065
  5168.461 106.00113     1.772    -3.839               3.464            AX13R225
  5168.471 112.00124     0.128    -2.947               1.340           00R213b24
  5168.485 607.01314     0.876    -2.959               7.724          1003Pb0245
  5168.495 607.01314     2.348    -3.287               7.724          1910Rd0075
  5168.498 607.01214     2.472    -2.360               7.724          1910Ra0205
  5168.500 607.01314     2.867    -2.916               7.724          2212Qc0215
  5168.508 112.00124     0.001    -1.226               1.340           00R101b24
  5168.525 112.00124     0.182    -1.332               1.340           11P202b24
  5168.542 607.01314     2.867    -2.417               7.724          2212Pa0225
  5168.563 112.00124     0.128     0.357               1.340           00Q113h24
  5168.575 607.01314     2.343    -3.349               7.724          1910Rd0055
  5168.599 112.00125     0.128     0.357               1.340           00Q113h25
  5168.624      24.0     1.029     -4.33                                        
  5168.632 112.00126     0.128     0.357               1.340           00Q113h26
  5168.640      14.0     5.615     -2.16                                        
  5168.659      28.0     3.696     -0.43                              Wood14    
  5168.678      20.0     5.295     -4.65                                        
  5168.680 607.01214     0.993    -3.604               7.724          1104Ra0015
  5168.699 607.01314     2.352    -3.267               7.724          1910Rd0085
  5168.765 607.01214     1.017    -2.855               7.724          1104Qb0095
  5168.768 106.00112     1.641   -12.434               3.464            CX05Q075
  5168.784 607.01214     1.017    -3.572               7.724          1104Pd0105
  5168.785      27.1     5.204     -2.84                                        
  5168.798 607.01314     1.688    -2.903               7.724          1507Rb0085
  5168.817 607.01314     1.688    -3.025               7.724          1507Qd0095
  5168.821 607.01214     0.064    -4.264               7.724          0600Pb0155
  5168.823 607.01314     0.865    -3.586               7.724          1003Qc0235
  5168.843      26.0     2.988     -5.48                                        
  5168.849 106.00112     1.641    -8.960               3.464            CX05P075
  5168.853 607.01214     1.022    -2.976               7.724          1104Ra0115
  5168.858 607.01314     2.341    -3.395               7.724          1910Rd0045
  5168.865      26.0     3.298     -4.68                                        
  5168.867 607.01314     0.865    -2.971               7.724          1003Pa0245
  5168.898      26.0     0.052     -3.97                              NIST/A    
  5168.916 607.01214     2.543    -3.322               7.724          1910Rd0275
  5168.953      76.0     4.768      0.11                                        
  5168.966 607.01314     1.673    -3.079               7.724          1507Qb0035
  5168.973 607.01314     1.673    -3.492               7.724          1507Pd0045
  5169.017 607.01214     1.005    -3.422               7.724          1104Pb0065
  5169.028      26.1     2.891     -0.87                                 NIST/C 
  5169.034 106.00112     1.641    -9.504               3.464            CX05P085
  5169.034 607.01214     1.777    -2.630               7.724          1507Pb0175
  5169.067 607.01314     2.355    -3.251               7.724          1910Rd0095
  5169.081      23.0     2.579     -4.01                                        
  5169.081 607.01214     1.004    -3.695               7.724          1003Qc0325
  5169.123 112.00124     0.659    -2.148               1.340           33P215b24
  5169.137      20.0     5.296     -5.84                                        
  5169.143 607.01214     1.004    -2.825               7.724          1003Pa0335
  5169.172 106.00112     2.009   -10.170               3.464            CX05P175
  5169.180 607.01214     2.416    -2.923               7.724          1910Qc0115
  5169.195 607.01214     2.416    -2.748               7.724          1910Pa0125
  5169.213      24.0     5.230     -1.86                                        
  5169.229      58.0     0.517     -0.77                                        
  5169.241      22.0     3.407     -2.37                                        
  5169.265 607.01214     0.049    -4.636               7.724          0600Qc0135
  5169.293 607.01214     0.049    -4.329               7.724          0600Pa0145
  5169.299      26.0     4.073     -0.32                                        
  5169.301 607.01314     2.339    -3.457               7.724          1910Rd0035
  5169.333      26.0     4.909     -3.11                                        
  5169.382 112.00124     0.191    -1.471               1.340           11Q204b24
  5169.404 106.00113     2.275    -7.935               3.464            AX45P225
  5169.413 112.00124     0.191    -0.612               1.340           11P104h24
  5169.429 112.00125     0.191    -0.612               1.340           11P104h25
  5169.432 607.01214     1.054    -2.862               7.724          1104Rb0155
  5169.442 112.00126     0.191    -0.612               1.340           11P104h26
  5169.458      24.0     4.437     -3.94                                        
  5169.462 607.01214     1.054    -3.293               7.724          1104Qd0165
  5169.472      26.0     4.291     -2.58                                        
  5169.504 112.00124     0.829     0.387               1.340           00P235b24
  5169.552      26.0     4.962     -3.79                                        
  5169.578 607.01214     0.089    -4.879               7.724          0600Rc0185
  5169.586      24.0     4.385     -4.07                                        
  5169.596 106.00113     1.377    -6.715               3.464            AX13R165
  5169.601 607.01314     2.359    -3.240               7.724          1910Rd0105
  5169.602 607.01214     1.177    -2.618               7.724          1003Ra0435
  5169.615 607.01214     0.089    -3.802               7.724          0600Qa0195
  5169.648      37.0     1.558     -2.67                                        
  5169.673 607.01214     0.993    -3.705               7.724          1104Ra0005
  5169.690      66.1     0.100     -1.95                              Wickliff00
  5169.701      22.0     3.102     -0.93                                        
  5169.707       6.0     8.641     -3.49                                        
  5169.716      26.0     4.984     -2.22                                        
  5169.722      58.0     0.028     -0.99                                        
  5169.725      26.0     3.249     -4.74                                        
  5169.730 106.00112     1.381    -6.764               3.464            AX13R165
  5169.744 607.01314     1.741    -3.352               7.724          1507Rd0185
  5169.747      23.0     2.372     -2.24                                        
  5169.813 112.00124     0.829    -2.432               1.340           00Q235b24
  5169.819 607.01214     2.490    -2.352               7.724          1910Rb0215
  5169.836      24.0     3.548     -1.93                                        
  5169.846 106.00113     2.449    -2.705               3.464            AX52R345
  5169.846 106.00113     2.449    -4.464               3.464            AX52Q355
  5169.850 607.01214     0.177    -3.912               7.724          0600Rb0265
  5169.851 607.01214     2.490    -2.930               7.724          1910Qd0225
  5169.860 607.01214     1.028    -2.938               7.724          1104Ra0125
  5169.862      28.1     6.571     -3.79                                        
  5169.883   27.0059     4.055    -4.209                                 KURHFS 
  5169.891   27.0059     4.055    -3.924                                 KURHFS 
  5169.891   27.0059     4.055    -4.179                                 KURHFS 
  5169.891 607.01314     1.671    -3.664               7.724          1507Pb0025
  5169.894   23.0051     2.241    -1.667                                 KURHFS 
  5169.894   23.0051     2.241    -1.688                                 KURHFS 
  5169.894   23.0051     2.241    -1.813                                 KURHFS 
  5169.894 607.01214     1.128    -3.694               7.724          1104Rd0245
  5169.898 106.00112     1.611    -6.456               3.464            AX24R155
  5169.904 607.01214     0.177    -4.708               7.724          0600Qd0275
  5169.905 607.01314     2.338    -3.544               7.724          1910Rd0025
  5169.906      22.0     3.580     -1.88                                        
  5169.906 607.01314     1.692    -2.849               7.724          1507Rb0095
  5169.907   27.0059     4.055    -3.736                                 KURHFS 
  5169.907   27.0059     4.055    -4.179                                 KURHFS 
  5169.907   27.0059     4.055    -4.230                                 KURHFS 
  5169.926 607.01314     1.692    -3.013               7.724          1507Qd0105
  5169.927   23.0051     2.241    -1.346                                 KURHFS 
  5169.927   23.0051     2.241    -1.667                                 KURHFS 
  5169.927   23.0051     2.241    -2.144                                 KURHFS 
  5169.932   27.0059     4.055    -3.645                                 KURHFS 
  5169.932   27.0059     4.055    -3.791                                 KURHFS 
  5169.932   27.0059     4.055    -4.355                                 KURHFS 
  5169.964   27.0059     4.055    -3.536                                 KURHFS 
  5169.964   27.0059     4.055    -3.623                                 KURHFS 
  5169.964   27.0059     4.055    -4.577                                 KURHFS 
  5169.983 607.01214     0.031    -5.056               7.724          0600Pc0105
  5170.001 112.00124     0.829     0.401               1.340           00P135b24
  5170.005   27.0059     4.055    -3.338                                 KURHFS 
  5170.005   27.0059     4.055    -3.677                                 KURHFS 
  5170.005   27.0059     4.055    -4.987                                 KURHFS 
  5170.006 112.00125     0.638     0.192               1.340           11P226h25
  5170.018 112.00126     0.638     0.192               1.340           11P226h26
  5170.042 106.00112     1.547   -13.105               3.464            CX05Q015
  5170.049 607.01214     1.813    -2.185               7.724          1507Qb0215
  5170.050      24.0     4.444     -2.12                                        
  5170.052      23.0     2.576     -3.28                                        
  5170.055   27.0059     4.055    -3.174                                 KURHFS 
  5170.055   27.0059     4.055    -3.873                                 KURHFS 
  5170.059 106.00112     1.547    -8.323               3.464            CX05P015
  5170.066      26.0     4.590     -3.04                                        
  5170.081 607.01314     1.675    -2.966               7.724          1507Qb0045
  5170.087 607.01214     1.813    -3.324               7.724          1507Pd0225
  5170.089 607.01314     1.675    -3.430               7.724          1507Pd0055
  5170.092 106.00113     2.449    -3.577               3.464            AX02Q345
  5170.093 106.00113     2.449    -6.293               3.464            AX02P355
  5170.094 106.00113     1.607    -6.410               3.464            AX24R155
  5170.108 112.00124     0.639     0.192               1.340           11P226h24
  5170.112   27.0059     4.055    -3.033                                 KURHFS 
  5170.167      72.0     2.452     -0.54                                        
  5170.223      90.1     1.377     -1.88                                        
  5170.237      26.0     3.692     -4.79                                        
  5170.273 106.00112     1.248    -2.855               3.464            BX13Q125
  5170.300 607.01314     2.364    -3.232               7.724          1910Rd0115
  5170.327      27.0     4.143     -3.93                                        
  5170.350 106.00112     1.248    -6.119               3.464            BX13R125
  5170.381 112.00124     0.639    -2.193               1.340           11Q226b24
  5170.384 106.00112     1.248    -6.209               3.464            BX13P135
  5170.445      26.0     4.730     -3.09                                        
  5170.454 607.01214     2.441    -3.137               7.724          1910Rc0155
  5170.458 106.00113     1.053    -5.704               3.464            BX13P065
  5170.461 106.00112     1.248    -2.794               3.464            BX13Q135
  5170.468 112.00125     0.639     0.214               1.340           11P126h25
  5170.470 112.00124     0.198    -0.666               1.340           11P205h24
  5170.470 112.00126     0.638     0.214               1.340           11P126h26
  5170.474 607.01214     2.441    -2.219               7.724          1910Qa0165
  5170.475 112.00125     0.198    -0.666               1.340           11P205h25
  5170.481 112.00126     0.198    -0.666               1.340           11P205h26
  5170.488 607.01214     0.108    -3.775               7.724          0600Qb0205
  5170.518 607.01314     0.924    -3.849               7.724          1003Rc0285
  5170.522      22.0     2.266     -1.38                                 LAWLER 
  5170.522      23.0     3.908     -3.65                                        
  5170.530 607.01214     0.108    -4.929               7.724          0600Pd0215
  5170.533 112.00124     0.639     0.214               1.340           11P126h24
  5170.547      22.1     5.688     -4.28                                        
  5170.547      24.0     5.267     -3.19                                        
  5170.570 607.01214     2.406    -3.362               7.724          1910Pc0095
  5170.571 607.01314     0.924    -2.531               7.724          1003Qa0295
  5170.585 112.00124     0.110     0.289               1.340           00Q212h24
  5170.615 112.00125     0.110     0.289               1.340           00Q212h25
  5170.624 607.01214     0.994    -3.700               7.724          1104Rc0015
  5170.628 607.01214     0.994    -3.524               7.724          1104Qa0025
  5170.644 112.00126     0.109     0.289               1.340           00Q212h26
  5170.645 607.01214     0.993    -3.753               7.724          1104Rc0005
  5170.648 607.01214     0.993    -3.779               7.724          1104Qa0015
  5170.668 607.01314     2.337    -3.673               7.724          1910Rd0015
  5170.670 112.00124     0.110    -2.915               1.340           00P112b24
  5170.692      42.0     2.621     -2.15                                        
  5170.728      23.0     2.682     -2.19                                        
  5170.769 607.01214     1.022    -2.804               7.724          1104Qb0105
  5170.788 607.01214     0.995    -3.652               7.724          1104Rc0025
  5170.791 607.01214     1.022    -3.564               7.724          1104Pd0115
  5170.795 607.01214     0.995    -3.362               7.724          1104Qa0035
  5170.831 607.01214     2.456    -2.186               7.724          1910Qb0175
  5170.838 607.01214     0.164    -3.902               7.724          0600Ra0265
  5170.859 607.01214     2.456    -3.179               7.724          1910Pd0185
  5170.906 607.01214     1.868    -2.352               7.724          1507Rb0265
  5170.932 112.00124     0.110    -2.914               1.340           00R212b24
  5170.934 112.00124     0.009    -0.426               1.340           00R203h24
  5170.937      60.1     0.550     -1.65                                        
  5170.952 607.01214     1.868    -3.087               7.724          1507Qd0275
  5170.959 112.00124     0.009    -1.552               1.340           00Q103b24
  5170.962 112.00125     0.009    -0.426               1.340           00R203h25
  5170.986 112.00126     0.008    -0.426               1.340           00R203h26
