a line list in the range:    5199.00   5211.00
  5199.007 607.01314     1.726    -3.228               7.724          1507Rc0155
  5199.033 607.01314     1.726    -2.314               7.724          1507Qa0165
  5199.051 607.01314     1.702    -3.016               7.724          1507Qc0115
  5199.072 607.01314     1.702    -2.845               7.724          1507Pa0125
  5199.089      22.0     1.045     -5.43                                        
  5199.106 607.01214     1.085    -2.765               7.724          1003Pb0375
  5199.163   23.0051     1.349    -9.731                                 KURHFS 
  5199.164      90.0     0.479     -1.31                                        
  5199.167   23.0051     1.349    -9.446                                 KURHFS 
  5199.167   23.0051     1.349    -9.701                                 KURHFS 
  5199.174   23.0051     1.349    -9.258                                 KURHFS 
  5199.174   23.0051     1.349    -9.701                                 KURHFS 
  5199.174   23.0051     1.349    -9.752                                 KURHFS 
  5199.185   23.0051     1.349    -9.167                                 KURHFS 
  5199.185   23.0051     1.349    -9.313                                 KURHFS 
  5199.185   23.0051     1.349    -9.877                                 KURHFS 
  5199.185 106.00112     1.917    -3.593               3.464            AX24R215
  5199.199   23.0051     1.349    -9.058                                 KURHFS 
  5199.199   23.0051     1.349    -9.145                                 KURHFS 
  5199.199   23.0051     1.349   -10.099                                 KURHFS 
  5199.200      64.1     1.620     -1.25                              DenHarto06
  5199.203 106.00112     1.917    -3.611               3.464            AX24R205
  5199.217   23.0051     1.349    -8.860                                 KURHFS 
  5199.217   23.0051     1.349    -9.199                                 KURHFS 
  5199.217   23.0051     1.349   -10.509                                 KURHFS 
  5199.238 607.01314     0.004    -4.911               7.724          0600Rc0035
  5199.239   23.0051     1.349    -8.696                                 KURHFS 
  5199.239   23.0051     1.349    -9.395                                 KURHFS 
  5199.245 106.00113     2.223    -9.405               3.464            AX50P385
  5199.246 607.01314     0.004    -4.538               7.724          0600Qa0045
  5199.264   23.0051     1.349    -8.555                                 KURHFS 
  5199.304 607.01214     2.567    -2.217               7.724          1910Rb0285
  5199.313 106.00112     1.917    -5.701               3.464            AX24Q215
  5199.317 607.01214     1.131    -2.973               7.724          0902Pb0515
  5199.346 607.01214     2.567    -2.977               7.724          1910Qd0295
  5199.361      26.0     4.730     -3.74                                        
  5199.370 607.01214     1.097    -2.458               7.724          1104Qb0205
  5199.379 607.01214     1.047    -3.301               7.724          1104Qc0145
  5199.398      24.1     6.892     -4.04                                        
  5199.408 607.01214     1.047    -2.973               7.724          1104Pa0155
  5199.409 607.01214     1.097    -3.588               7.724          1104Pd0215
  5199.474      25.0     4.426     -1.72                                        
  5199.474 607.01314     2.348    -3.473               7.724          1910Pc0065
  5199.510      22.0     3.407     -4.20                                        
  5199.531      26.0     3.879     -3.49                                        
  5199.557 112.00124     0.021    -1.526               1.340           00Q205b24
  5199.574 112.00126     0.021    -0.432               1.340           00P105h26
  5199.584 112.00125     0.021    -0.432               1.340           00P105h25
  5199.596 112.00124     0.021    -0.432               1.340           00P105h24
  5199.614 112.00124     0.525    -2.009               1.340           22P216b24
  5199.615 607.01214     1.028    -3.706               7.724          1104Pc0115
  5199.627 607.01314     2.422    -2.394               7.724          1910Rb0195
  5199.655      23.1     2.266     -3.99                                        
  5199.656 607.01314     2.422    -2.901               7.724          1910Qd0205
  5199.660 607.01314     0.035    -4.054               7.724          0600Qb0115
  5199.677 607.01314     0.988    -3.640               7.724          1104Rd0085
  5199.683 607.01314     0.035    -4.856               7.724          0600Pd0125
  5199.684 607.01314     0.007    -4.880               7.724          0600Rc0045
  5199.695 607.01314     0.007    -4.438               7.724          0600Qa0055
  5199.696      26.0     3.544     -3.37                                        
  5199.721 607.01214     1.062    -2.912               7.724          1104Pb0165
  5199.722      60.0     0.000     -0.81                                        
  5199.727 607.01314     0.992    -3.627               7.724          1104Rd0095
  5199.728      24.1     6.800     -3.28                                        
  5199.771 607.01314     0.985    -3.658               7.724          1104Rd0075
  5199.779      26.0     5.029     -2.46                                        
  5199.831 607.01314     2.407    -2.404               7.724          1910Ra0185
  5199.844 607.01314     0.054    -4.136               7.724          0600Ra0155
  5199.861 607.01314     2.374    -3.111               7.724          1910Rc0125
  5199.877      44.0     3.613      0.41                                        
  5199.884 607.01314     2.374    -2.318               7.724          1910Qa0135
  5199.921 607.01314     0.996    -3.617               7.724          1104Rd0105
  5200.008 607.01314     0.982    -3.683               7.724          1104Rd0065
  5200.012   23.0051     2.255    -4.296                                 KURHFS 
  5200.015 607.01314     2.896    -3.288               7.724          2212Pc0245
  5200.022      42.0     3.245     -1.90                                        
  5200.022   23.0051     2.255    -4.296                                 KURHFS 
  5200.022   23.0051     2.255    -4.472                                 KURHFS 
  5200.036   23.0051     2.255    -4.132                                 KURHFS 
  5200.036   23.0051     2.255    -4.597                                 KURHFS 
  5200.036   23.0051     2.255    -4.722                                 KURHFS 
  5200.056   23.0051     2.255    -4.124                                 KURHFS 
  5200.056   23.0051     2.255    -4.158                                 KURHFS 
  5200.056   23.0051     2.255    -5.150                                 KURHFS 
  5200.080   23.0051     2.255    -3.875                                 KURHFS 
  5200.080   23.0051     2.255    -4.285                                 KURHFS 
  5200.083      23.1     3.800     -4.78                                        
  5200.109      58.0     0.384     -0.65                                        
  5200.109   23.0051     2.255    -3.659                                 KURHFS 
  5200.121      60.1     0.559     -0.49                                        
  5200.123      25.0     4.426     -1.24                                        
  5200.153      42.0     2.680     -0.93                              NIST/B    
  5200.173      24.0     3.382     -0.58                                 SOBECK 
  5200.183      25.1     6.172     -8.16                                        
  5200.261 607.01314     1.001    -3.611               7.724          1104Rd0115
  5200.266 607.01214     2.521    -2.017               7.724          1910Qb0245
  5200.299 607.01314     0.009    -4.857               7.724          0600Rc0055
  5200.302 607.01214     2.521    -3.222               7.724          1910Pd0255
  5200.311 607.01314     0.009    -4.354               7.724          0600Qa0065
  5200.327 607.01214     2.510    -3.185               7.724          1910Rc0235
  5200.340 607.01314     0.950    -2.849               7.724          1003Pb0305
  5200.350      23.0     2.614     -0.78                                        
  5200.362 607.01214     2.510    -2.018               7.724          1910Qa0245
  5200.365      28.0     4.085     -1.49                                        
  5200.386 607.01314     0.979    -3.716               7.724          1104Rd0055
  5200.408      58.0     0.302     -0.67                                        
  5200.410      39.1     0.992     -0.47                              Biemont11 
  5200.461      58.0     0.978     -0.49                                        
  5200.495 112.00126     0.443     0.257               1.340           00P225h26
  5200.503 112.00125     0.443     0.257               1.340           00P225h25
  5200.507 112.00124     0.444     0.257               1.340           00P225h24
  5200.541      64.1     2.471     -0.36                                        
  5200.578      62.0     0.185      0.02                                        
  5200.616 607.01314     1.719    -2.724               7.724          1507Pb0145
  5200.732       6.0     8.764     -3.97                                        
  5200.738      42.0     2.275     -1.69                              NIST/B+   
  5200.748 607.01314     1.006    -3.608               7.724          1104Rd0125
  5200.768 112.00126     0.030    -0.465               1.340           00P206h26
  5200.786 112.00125     0.030    -0.465               1.340           00P206h25
  5200.787 607.01314     0.085    -4.070               7.724          0600Rb0185
  5200.801 607.01314     2.928    -2.959               7.724          2212Qc0275
  5200.806 112.00124     0.030    -0.465               1.340           00P206h24
  5200.810 607.01314     2.392    -2.246               7.724          1910Qb0155
  5200.818 607.01314     1.775    -2.410               7.724          1507Ra0225
  5200.824 607.01314     0.085    -4.605               7.724          0600Qd0195
  5200.832 607.01314     2.392    -3.144               7.724          1910Pd0165
  5200.840      23.0     2.357     -2.69                                        
  5200.854 112.00124     0.444    -2.259               1.340           00Q225b24
  5200.855 607.01314     2.928    -2.291               7.724          2212Pa0285
  5200.876 607.01314     0.001    -5.174               7.724          0600Qc0015
  5200.880 607.01314     0.001    -5.658               7.724          0600Pa0025
  5200.897      29.0     5.417     -0.93                                        
  5200.904 607.01314     0.977    -3.760               7.724          1104Rd0045
  5200.944 607.01214     1.389    -2.800               7.724          0902Rb0615
  5200.954      63.0     1.976      0.10                                        
  5201.004 112.00126     0.443     0.277               1.340           00P125h26
  5201.007 112.00125     0.443     0.277               1.340           00P125h25
  5201.012 112.00124     0.444     0.277               1.340           00P125h24
  5201.023 607.01314     1.692    -3.456               7.724          1507Pc0095
  5201.063 607.01214     1.389    -4.205               7.724          0902Qd0625
  5201.081      22.0     2.091     -0.75                                        
  5201.081 607.01314     0.013    -4.840               7.724          0600Rc0065
  5201.095 607.01314     0.013    -4.280               7.724          0600Qa0075
  5201.119 106.00112     2.340    -7.341               3.464            AX45P235
  5201.130 106.00112     1.872   -10.473               3.464            CX05P145
  5201.143      40.0     0.542     -1.72                                        
  5201.204 106.00113     1.913    -3.593               3.464            AX24R215
  5201.243 106.00113     2.275    -6.661               3.464            AX02R325
  5201.250 607.01314     2.359    -2.923               7.724          1910Qc0095
  5201.255 106.00113     2.275    -3.598               3.464            AX02Q335
  5201.266 607.01314     2.359    -2.854               7.724          1910Pa0105
  5201.268 607.01314     0.061    -4.107               7.724          0600Ra0165
  5201.276      25.0     4.426     -1.10                                        
  5201.298 607.01214     1.087    -3.546               7.724          1104Rc0195
  5201.330 607.01314     2.480    -3.272               7.724          1910Rd0265
  5201.336 607.01214     1.087    -2.460               7.724          1104Qa0205
  5201.365 106.00113     1.913    -5.667               3.464            AX24Q215
  5201.368      58.0     0.000     -0.83                                        
  5201.383 607.01314     1.012    -3.606               7.724          1104Rd0135
  5201.387      23.0     2.503     -4.15                                        
  5201.388 607.01314     0.020    -4.574               7.724          0600Pb0085
  5201.416 106.00113     1.913    -3.611               3.464            AX24R205
  5201.420 607.01314     2.374    -2.703               7.724          1910Pb0125
  5201.430 607.01314     0.182    -5.018               7.724          0600Rd0285
  5201.437      82.0     3.651     -0.70                                        
  5201.444      62.0     1.542     -0.04                                        
  5201.487 106.00113     2.275    -3.614               3.464            AX02Q325
  5201.499 106.00113     2.275    -6.277               3.464            AX02P335
  5201.537 607.01214     0.278    -3.776               7.724          0600Ra0345
  5201.549      22.0     3.102     -2.15                                        
  5201.553   23.0051     2.357    -4.627                                 KURHFS 
  5201.553   23.0051     2.357    -4.882                                 KURHFS 
  5201.553   23.0051     2.357    -4.912                                 KURHFS 
  5201.561   23.0051     2.357    -4.439                                 KURHFS 
  5201.561   23.0051     2.357    -4.494                                 KURHFS 
  5201.561   23.0051     2.357    -4.882                                 KURHFS 
  5201.563 607.01314     0.975    -3.820               7.724          1104Rd0035
  5201.574   23.0051     2.357    -4.239                                 KURHFS 
  5201.574   23.0051     2.357    -4.348                                 KURHFS 
  5201.574   23.0051     2.357    -4.933                                 KURHFS 
  5201.591   23.0051     2.357    -4.041                                 KURHFS 
  5201.591   23.0051     2.357    -4.326                                 KURHFS 
  5201.591   23.0051     2.357    -5.058                                 KURHFS 
  5201.593 112.00124     0.030    -1.605               1.340           00Q206b24
  5201.609 112.00126     0.030    -0.346               1.340           00P106h26
  5201.612   23.0051     2.357    -3.877                                 KURHFS 
  5201.612   23.0051     2.357    -4.380                                 KURHFS 
  5201.612   23.0051     2.357    -5.280                                 KURHFS 
  5201.617 607.01214     1.880    -3.334               7.724          1507Rc0275
  5201.623 607.01214     0.089    -5.028               7.724          0600Pc0185
  5201.624 112.00125     0.030    -0.346               1.340           00P106h25
  5201.638   23.0051     2.357    -3.736                                 KURHFS 
  5201.638   23.0051     2.357    -4.576                                 KURHFS 
  5201.638   23.0051     2.357    -5.690                                 KURHFS 
  5201.639 112.00124     0.030    -0.346               1.340           00P106h24
  5201.665 607.01214     1.880    -2.047               7.724          1507Qa0285
  5201.732 607.01314     1.733    -3.232               7.724          1507Rc0165
  5201.760 607.01314     1.733    -2.284               7.724          1507Qa0175
  5201.765 607.01314     0.041    -4.011               7.724          0600Qb0125
  5201.787 607.01314     1.749    -2.253               7.724          1507Qb0185
  5201.790 607.01314     0.041    -4.854               7.724          0600Pd0135
  5201.794 607.01314     0.003    -4.967               7.724          0600Qc0025
  5201.801 607.01314     0.003    -5.308               7.724          0600Pa0035
  5201.809 607.01314     1.707    -3.010               7.724          1507Qc0125
  5201.819 607.01314     1.749    -3.275               7.724          1507Pd0195
  5201.822 112.00124     0.009    -1.291               1.340           00P203b24
  5201.832 607.01314     1.707    -2.798               7.724          1507Pa0135
  5201.912 106.00113     1.593   -10.484               3.464            CX05P055
  5201.920      26.0     4.987     -2.65                                        
  5201.924 607.01214     0.421    -5.163               7.724          0600Rd0425
  5201.934 607.01214     1.131    -4.185               7.724          0902Qc0515
  5201.948 106.00113     1.646    -3.851               3.464            AX13R215
  5201.984 607.01214     0.140    -4.045               7.724          0600Pb0235
  5201.989 607.01214     1.834    -3.077               7.724          1507Qc0235
  5202.015   23.0051     1.847    -8.157                                 KURHFS 
  5202.016   23.0051     1.847    -7.739                                 KURHFS 
  5202.016   23.0051     1.847    -7.877                                 KURHFS 
  5202.016   23.0051     1.847    -7.877                                 KURHFS 
  5202.016   23.0051     1.847    -8.157                                 KURHFS 
  5202.016   23.0051     1.847    -8.479                                 KURHFS 
  5202.016   23.0051     1.847    -9.178                                 KURHFS 
  5202.016 106.00113     1.646    -3.862               3.464            AX13R205
  5202.017   23.0051     1.847    -7.673                                 KURHFS 
  5202.017   23.0051     1.847    -7.739                                 KURHFS 
  5202.017   23.0051     1.847    -8.032                                 KURHFS 
  5202.018   23.0051     1.847    -7.666                                 KURHFS 
  5202.018   23.0051     1.847    -7.673                                 KURHFS 
  5202.018   23.0051     1.847    -7.701                                 KURHFS 
  5202.020   23.0051     1.847    -7.438                                 KURHFS 
  5202.020   23.0051     1.847    -7.666                                 KURHFS 
  5202.020   23.0051     1.847    -7.731                                 KURHFS 
  5202.022   23.0051     1.847    -7.219                                 KURHFS 
  5202.022   23.0051     1.847    -7.731                                 KURHFS 
  5202.022   23.0051     1.847    -7.935                                 KURHFS 
  5202.024   23.0051     1.847    -7.032                                 KURHFS 
  5202.024   23.0051     1.847    -7.935                                 KURHFS 
  5202.029 607.01314     0.016    -4.827               7.724          0600Rc0075
  5202.030 607.01214     1.254    -2.585               7.724          0902Qb0565
  5202.030 607.01314     1.864    -3.429               7.724          1507Rd0305
  5202.031 607.01214     1.834    -2.466               7.724          1507Pa0245
  5202.034 607.01214     1.131    -2.965               7.724          0902Pa0525
  5202.045 607.01314     0.016    -4.216               7.724          0600Qa0085
  5202.064 607.01214     1.177    -2.368               7.724          1003Qb0425
  5202.079 607.01314     2.352    -3.417               7.724          1910Pc0075
  5202.106 106.00113     1.646    -5.940               3.464            AX13Q215
  5202.116 607.01314     1.795    -2.402               7.724          1507Rb0235
  5202.117 112.00124     0.546    -2.140               1.340           22P217b24
  5202.123      44.0     2.485     -0.91                                        
  5202.139 607.01214     1.254    -4.484               7.724          0902Pd0575
  5202.146 607.01214     1.177    -4.037               7.724          1003Pd0435
  5202.150 607.01214     1.845    -2.455               7.724          1507Pb0245
  5202.157 607.01314     1.795    -3.034               7.724          1507Qd0245
  5202.167 607.01314     1.018    -3.606               7.724          1104Rd0145
  5202.210 607.01314     2.380    -3.112               7.724          1910Rc0135
  5202.234 607.01314     2.380    -2.281               7.724          1910Qa0145
  5202.236 106.00113     2.224    -5.257               3.464            AX50Q375
  5202.256      26.0     4.253     -1.87                                        
  5202.279 607.01214     1.019    -4.057               7.724          1003Pc0335
  5202.280      25.1     5.373     -7.72                                        
  5202.309 607.01214     0.190    -4.950               7.724          0600Rc0275
  5202.336      26.0     2.176     -1.84                              NIST/B    
  5202.360 607.01314     0.974    -3.905               7.724          1104Rd0025
  5202.365 607.01214     0.190    -3.611               7.724          0600Qa0285
  5202.399 607.01314     2.414    -2.379               7.724          1910Ra0195
  5202.428 607.01214     0.129    -4.684               7.724          0600Qc0225
  5202.452 112.00126     0.410     0.240               1.340           00P224h26
  5202.453   23.0051     1.892    -4.655                                 KURHFS 
  5202.453   23.0051     1.892    -4.655                                 KURHFS 
  5202.453   23.0051     1.892    -4.956                                 KURHFS 
  5202.459      58.0     0.998      0.07                                        
  5202.462 106.00112     2.284    -3.600               3.464            AX02Q335
  5202.464 112.00125     0.410     0.240               1.340           00P224h25
  5202.472 112.00124     0.411     0.240               1.340           00P224h24
  5202.474 607.01214     0.129    -4.058               7.724          0600Pa0235
  5202.475   23.0051     1.892    -4.491                                 KURHFS 
  5202.475   23.0051     1.892    -4.517                                 KURHFS 
  5202.475   23.0051     1.892    -4.831                                 KURHFS 
  5202.503 607.01314     2.939    -2.282               7.724          2212Pb0285
  5202.504   23.0051     1.892    -4.234                                 KURHFS 
  5202.504   23.0051     1.892    -4.483                                 KURHFS 
  5202.504   23.0051     1.892    -5.081                                 KURHFS 
  5202.505 607.01214     1.893    -2.045               7.724          1507Qb0285
  5202.526 106.00112     1.919    -3.593               3.464            AX24R215
  5202.540   23.0051     1.892    -4.018                                 KURHFS 
  5202.540   23.0051     1.892    -4.644                                 KURHFS 
  5202.540   23.0051     1.892    -5.509                                 KURHFS 
  5202.555 607.01214     1.893    -3.378               7.724          1507Pd0295
  5202.558 607.01214     1.085    -3.733               7.724          1003Qc0375
  5202.560 607.01214     2.490    -2.417               7.724          1910Pb0215
  5202.567      24.1     6.280     -2.18                                        
  5202.587 106.00112     2.284    -6.699               3.464            AX02R325
  5202.588      58.0     0.588     -0.34                                        
  5202.597 607.01214     0.294    -3.782               7.724          0600Rb0345
  5202.630 607.01214     1.085    -2.756               7.724          1003Pa0385
  5202.637      76.0     1.259     -1.73                                        
  5202.654 106.00112     1.919    -5.667               3.464            AX24Q215
  5202.660 607.01214     2.456    -3.286               7.724          1910Pc0175
  5202.667 607.01214     0.294    -4.769               7.724          0600Qd0355
  5202.686      24.0     4.613     -3.04                                        
  5202.694 106.00112     1.919    -3.611               3.464            AX24R205
  5202.700      62.1     0.333     -2.23                              Lawler06  
  5202.705 607.01214     0.203    -3.610               7.724          0600Qb0285
  5202.713 607.01214     1.054    -3.302               7.724          1104Qc0155
  5202.714      22.0     3.106     -2.82                                        
  5202.714 112.00126     0.040    -0.369               1.340           00P207h26
  5202.735 112.00125     0.040    -0.369               1.340           00P207h25
  5202.743      24.1     4.407     -5.30                                        
  5202.743 607.01214     1.054    -2.936               7.724          1104Pa0165
  5202.752 106.00112     2.284    -6.243               3.464            AX02P335
  5202.756 607.01314     2.431    -2.369               7.724          1910Rb0205
  5202.757 112.00124     0.040    -0.369               1.340           00P207h24
  5202.763 607.01214     0.203    -4.997               7.724          0600Pd0295
  5202.787 607.01314     2.431    -2.908               7.724          1910Qd0215
  5202.823 112.00124     0.411    -2.239               1.340           00Q224b24
  5202.851 607.01314     0.069    -4.079               7.724          0600Ra0175
  5202.876 106.00112     2.284    -3.615               3.464            AX02Q325
  5202.883 607.01314     0.004    -4.853               7.724          0600Qc0035
  5202.892 607.01314     0.004    -5.097               7.724          0600Pa0045
  5202.927      23.1     2.599     -2.97                                        
  5202.959 112.00126     0.410     0.261               1.340           00P124h26
  5202.967 112.00125     0.410     0.261               1.340           00P124h25
  5202.977 112.00124     0.411     0.261               1.340           00P124h24
  5203.033 607.01314     0.094    -4.044               7.724          0600Rb0195
  5203.072 607.01314     0.094    -4.611               7.724          0600Qd0205
  5203.101 607.01314     1.024    -3.608               7.724          1104Rd0155
  5203.112      22.0     2.248     -1.84                                 LAWLER 
  5203.113 607.01214     1.107    -2.434               7.724          1104Qb0215
  5203.143 607.01314     0.020    -4.818               7.724          0600Rc0085
  5203.155 607.01214     1.107    -3.595               7.724          1104Pd0225
  5203.161 607.01314     0.020    -4.158               7.724          0600Qa0095
  5203.214 607.01214     1.389    -2.788               7.724          0902Ra0625
  5203.217      41.0     1.079     -1.47                                        
  5203.218 607.01214     1.034    -3.695               7.724          1104Pc0125
  5203.228 607.01214     2.481    -2.934               7.724          1910Qc0205
  5203.238      76.0     1.410     -2.50                                        
  5203.244      74.0     2.420     -1.07                                        
  5203.258      42.0     2.621     -2.34                                        
  5203.258 607.01214     2.481    -2.432               7.724          1910Pa0215
  5203.270      58.0     0.294     -0.54                                        
  5203.282      23.0     2.614     -5.82                                        
  5203.296 607.01314     0.973    -4.032               7.724          1104Rd0015
  5203.317 607.01214     1.804    -3.418               7.724          1507Pc0205
  5203.325      45.0     1.997     -2.39                                        
  5203.372 106.00113     2.257    -3.267               3.464            AX13Q305
  5203.394      22.0     3.291     -3.72                                        
  5203.398 112.00124     0.239    -1.770               1.340           11P209b24
  5203.441 106.00112     1.366    -0.498               3.464            BX11R245
  5203.442 112.00124     0.040    -1.673               1.340           00Q207b24
  5203.458 112.00126     0.040    -0.274               1.340           00P107h26
  5203.476 112.00125     0.040    -0.274               1.340           00P107h25
  5203.486 106.00113     2.227    -4.815               3.464            AX50Q385
  5203.495 112.00124     0.040    -0.274               1.340           00P107h24
  5203.531 607.01214     2.567    -2.191               7.724          1910Ra0295
  5203.533 106.00112     1.366    -5.371               3.464            BX11Q255
  5203.570 106.00113     2.257    -6.232               3.464            AX13R295
  5203.581 106.00113     2.257    -5.870               3.464            AX13P305
  5203.601      23.0     2.576     -4.10                                        
  5203.603 112.00124     0.936    -3.658               1.340           01R134b24
  5203.630 607.01314     0.899    -3.964               7.724          1003Pc0265
  5203.656 607.01214     1.070    -2.881               7.724          1104Pb0175
  5203.688 106.00112     1.366    -0.027               3.464            BX11R255
  5203.690      26.0     3.881     -3.27                                        
  5203.726      23.0     3.812     -3.15                                        
  5203.733 607.01314     2.364    -2.909               7.724          1910Qc0105
  5203.747 607.01314     2.364    -2.797               7.724          1910Pa0115
  5203.779 106.00113     2.257    -3.289               3.464            AX13Q295
  5203.787      22.0     2.470     -3.83                                        
  5203.788      28.0     5.280     -1.16                                        
  5203.819 607.01314     0.003    -5.803               7.724          0600Pc0025
  5203.861 607.01314     1.785    -2.389               7.724          1507Ra0235
  5203.869 607.01214     1.039    -4.521               7.724          0902Pc0475
  5203.871 106.00113     1.501    -4.232               3.464            AX02R235
  5203.933      42.0     3.165     -1.33                                        
  5203.941 607.01314     0.025    -4.513               7.724          0600Pb0095
  5203.943      23.0     2.576     -2.72                                        
  5203.964      22.0     3.556     -2.47                                        
  5203.967 607.01314     2.399    -2.213               7.724          1910Qb0165
  5203.970      23.0     3.908     -4.38                                        
  5203.975 106.00113     1.501    -4.245               3.464            AX02R225
  5203.992 607.01314     2.399    -3.145               7.724          1910Pd0175
  5204.007 607.01314     0.047    -3.971               7.724          0600Qb0135
  5204.010      22.0     3.580     -2.50                                        
  5204.035 607.01314     0.047    -4.854               7.724          0600Pd0145
  5204.060 106.00113     1.501    -6.377               3.464            AX02Q235
  5204.123 106.00113     1.787   -10.873               3.464            CX05P125
  5204.130      57.1     2.302     -0.28                                        
  5204.143 607.01314     0.007    -4.777               7.724          0600Qc0045
  5204.154 607.01314     0.007    -4.946               7.724          0600Pa0055
  5204.155 607.01314     0.195    -5.025               7.724          0600Rd0295
  5204.157 607.01314     1.697    -3.432               7.724          1507Pc0105
  5204.187 607.01314     1.031    -3.610               7.724          1104Rd0165
  5204.195 607.01314     1.726    -2.687               7.724          1507Pb0155
  5204.197 112.00126     0.378     0.222               1.340           00P223h26
  5204.212 112.00125     0.379     0.222               1.340           00P223h25
  5204.226 112.00124     0.379     0.222               1.340           00P223h24
  5204.265      58.0     0.547     -0.29                                        
  5204.289 607.01214     2.580    -2.201               7.724          1910Rb0295
  5204.301 607.01214     1.254    -4.417               7.724          0902Rc0565
  5204.313      92.1     0.778     -1.84                                        
  5204.332 607.01214     2.580    -2.984               7.724          1910Qd0305
  5204.370 607.01314     0.972    -4.261               7.724          1104Rd0005
  5204.373      60.0     0.000     -0.77                                        
  5204.409 112.00124     0.569    -2.170               1.340           22P218b24
  5204.411 607.01214     1.254    -2.576               7.724          0902Qa0575
  5204.421 607.01314     0.025    -4.813               7.724          0600Rc0095
  5204.436 112.00126     0.051    -0.292               1.340           00P208h26
  5204.440 607.01314     0.025    -4.105               7.724          0600Qa0105
  5204.458 112.00125     0.051    -0.292               1.340           00P208h25
  5204.483 112.00124     0.051    -0.292               1.340           00P208h24
  5204.498      24.0     0.941     -0.19                                 SOBECK 
  5204.503      74.0     2.531     -0.86                                        
  5204.512      69.1     3.419     -0.38                                        
  5204.526 607.01314     0.950    -3.639               7.724          1003Qc0305
  5204.552      42.0     3.357     -1.87                                        
  5204.580 112.00124     0.379    -2.218               1.340           00Q223b24
  5204.583      26.0     0.087     -4.33                              NIST/A    
  5204.583 607.01314     0.950    -2.840               7.724          1003Pa0315
  5204.590 607.01314     0.077    -4.053               7.724          0600Ra0185
  5204.593      23.0     3.296     -1.38                                        
  5204.616 112.00124     0.998    -3.110               1.340           23R128b24
  5204.629      22.0     2.479     -3.38                                        
  5204.636 607.01314     1.741    -3.237               7.724          1507Rc0175
  5204.667 607.01314     1.741    -2.255               7.724          1507Qa0185
  5204.691 607.01214     1.097    -3.553               7.724          1104Rc0205
  5204.694      26.0     2.947     -4.45                                        
  5204.699      24.0     3.102     -5.59                                        
  5204.702 112.00126     0.378     0.244               1.340           00P123h26
  5204.714 112.00125     0.379     0.244               1.340           00P123h25
  5204.717      58.0     0.493     -0.54                                        
  5204.729 112.00124     0.379     0.244               1.340           00P123h24
  5204.731 607.01214     1.097    -2.436               7.724          1104Qa0215
  5204.749 607.01314     2.386    -3.114               7.724          1910Rc0145
  5204.750 607.01314     1.713    -3.007               7.724          1507Qc0135
  5204.773 607.01314     1.713    -2.755               7.724          1507Pa0145
  5204.773 607.01314     2.386    -2.246               7.724          1910Qa0155
  5204.795 607.01314     2.380    -2.661               7.724          1910Pb0135
  5204.811 607.01314     2.491    -3.279               7.724          1910Rd0275
  5204.833 607.01214     1.564    -4.557               7.724          0902Rd0685
  5204.878 106.00113     2.395    -6.919               3.464            AX45P245
  5204.879 607.01314     2.355    -3.375               7.724          1910Pc0085
  5204.947      26.0     2.988     -4.36                                        
  5204.957 607.01214     2.521    -3.192               7.724          1910Rc0245
  5204.962 607.01214     1.177    -3.983               7.724          1003Rc0425
  5204.985   23.0051     1.892    -3.586                                 KURHFS 
  5204.993 607.01214     2.521    -1.999               7.724          1910Qa0255
  5205.007   23.0051     1.892    -3.565                                 KURHFS 
  5205.007   23.0051     1.892    -4.042                                 KURHFS 
  5205.008      39.0     1.852     -1.87                                        
  5205.036   23.0051     1.892    -3.565                                 KURHFS 
  5205.036   23.0051     1.892    -3.711                                 KURHFS 
  5205.043 607.01214     1.177    -2.357               7.724          1003Qa0435
  5205.059 106.00112     1.508    -4.232               3.464            AX02R235
  5205.073   23.0051     1.892    -3.244                                 KURHFS 
  5205.094 112.00124     0.051    -1.732               1.340           00Q208b24
  5205.113 112.00126     0.051    -0.213               1.340           00P108h26
  5205.127      41.0     1.156     -2.07                                        
  5205.133 112.00125     0.051    -0.213               1.340           00P108h25
  5205.134      58.0     0.410     -0.62                                        
  5205.151 607.01314     2.422    -2.356               7.724          1910Ra0205
  5205.154 112.00124     0.051    -0.213               1.340           00P108h24
  5205.156 106.00112     1.507    -4.245               3.464            AX02R225
  5205.172 607.01314     0.974    -3.846               7.724          1104Rb0015
  5205.176 607.01314     0.975    -3.673               7.724          1104Rb0025
  5205.177 607.01314     0.974    -3.589               7.724          1104Qd0025
  5205.183 607.01314     0.975    -3.498               7.724          1104Qd0035
  5205.203      26.0     4.987     -1.84                                        
  5205.204      42.0     3.393     -1.71                                        
  5205.230 607.01214     2.532    -1.997               7.724          1910Qb0255
  5205.250 607.01314     1.757    -2.226               7.724          1507Qb0195
  5205.259      22.0     3.567     -2.42                                        
  5205.265 106.00112     1.508    -6.377               3.464            AX02Q235
  5205.268 607.01214     2.532    -3.230               7.724          1910Pd0265
  5205.283 607.01314     1.757    -3.280               7.724          1507Pd0205
  5205.290      26.0     4.257     -2.72                                        
  5205.306 607.01314     0.973    -4.121               7.724          1104Rb0005
  5205.309 607.01314     0.973    -3.719               7.724          1104Qd0015
  5205.319 607.01314     0.977    -3.543               7.724          1104Rb0035
  5205.327 607.01314     0.977    -3.433               7.724          1104Qd0045
  5205.362      26.0     3.299     -4.47                                        
  5205.413      26.0     4.909     -2.18                                        
  5205.423 607.01314     0.104    -4.019               7.724          0600Rb0205
  5205.425 607.01314     1.039    -3.614               7.724          1104Rd0175
  5205.464 607.01314     0.104    -4.618               7.724          0600Qd0215
  5205.498      58.1     1.246     -1.10                                        
  5205.502 112.00124     0.964    -3.322               1.340           12R131b24
  5205.563 106.00113     1.570    -2.430               3.464            BX12P235
  5205.573 607.01314     0.009    -4.724               7.724          0600Qc0055
  5205.578 607.01314     0.972    -3.887               7.724          1104Qd0005
  5205.585 607.01314     0.009    -4.827               7.724          0600Pa0065
  5205.601 607.01314     0.979    -3.438               7.724          1104Rb0045
  5205.610 607.01314     0.979    -3.384               7.724          1104Qd0055
  5205.652 607.01314     1.805    -2.382               7.724          1507Rb0245
  5205.663      66.0     2.502      0.13                                        
  5205.674 106.00113     1.570    -6.312               3.464            BX12Q235
  5205.694 607.01314     1.805    -3.041               7.724          1507Qd0255
  5205.720      39.1     1.033     -0.28                              Biemont11 
  5205.720 607.01314     0.004    -5.501               7.724          0600Pc0035
  5205.728 112.00126     0.348     0.203               1.340           00P222h26
  5205.746 112.00125     0.348     0.203               1.340           00P222h25
  5205.747      25.0     5.380     -3.73                                        
  5205.751 106.00113     1.570    -2.059               3.464            BX12P245
  5205.763 112.00124     0.349     0.203               1.340           00P222h24
  5205.777      24.0     3.847     -4.22                                        
  5205.779      90.1     1.902     -1.37                                        
  5205.821 607.01314     1.877    -3.436               7.724          1507Rd0315
  5205.862 607.01314     0.030    -4.810               7.724          0600Rc0105
  5205.884 607.01314     0.030    -4.057               7.724          0600Qa0115
  5205.888      22.0     3.437     -3.97                                        
  5205.939 112.00126     0.063    -0.227               1.340           00P209h26
  5205.953      26.0     3.249     -3.77                                        
  5205.963 112.00125     0.063    -0.227               1.340           00P209h25
  5205.989 112.00124     0.064    -0.227               1.340           00P209h24
  5206.022 607.01314     0.981    -3.350               7.724          1104Rb0055
  5206.023      24.0     0.941      0.02                                 SOBECK 
  5206.034 607.01314     0.982    -3.348               7.724          1104Qd0065
  5206.042 106.00113     1.648    -3.851               3.464            AX13R215
  5206.062 607.01314     2.440    -2.346               7.724          1910Rb0215
  5206.088      22.0     2.486     -0.28                                 LAWLER 
  5206.094 607.01314     2.440    -2.915               7.724          1910Qd0225
  5206.118 607.01214     0.294    -3.763               7.724          0600Ra0355
  5206.121 112.00124     0.349    -2.197               1.340           00Q222b24
  5206.136      42.0     2.985     -2.14                                        
  5206.187      74.0     2.456     -0.93                                        
  5206.195      24.0     2.706     -1.28                                        
  5206.200 106.00113     1.648    -5.906               3.464            AX13Q215
  5206.200 607.01314     2.906    -3.294               7.724          2212Pc0255
  5206.224 607.01314     0.964    -2.833               7.724          1003Pb0315
  5206.226 607.01214     1.062    -3.306               7.724          1104Qc0165
  5206.232 112.00126     0.348     0.226               1.340           00P122h26
  5206.247 112.00125     0.348     0.226               1.340           00P122h25
  5206.256 106.00113     1.648    -3.862               3.464            AX13R205
  5206.258 607.01214     1.062    -2.902               7.724          1104Pa0175
  5206.265 112.00124     0.349     0.226               1.340           00P122h24
  5206.288 106.00113     1.568    -2.915               3.464            BX02P235
  5206.332      26.0     5.066     -3.51                                        
  5206.336 106.00113     1.523    -6.385               3.464            AX24R135
  5206.337      22.0     2.015     -5.53                                        
  5206.340      24.0     5.284     -1.69                                        
  5206.348 607.01214     0.098    -5.033               7.724          0600Pc0195
  5206.389 607.01314     0.054    -3.934               7.724          0600Qb0145
  5206.405 607.01314     2.369    -2.899               7.724          1910Qc0115
  5206.409      25.0     4.824     -3.26                                        
  5206.418 607.01314     0.054    -4.855               7.724          0600Pd0155
  5206.419 607.01214     1.103    -2.752               7.724          1003Pb0385
  5206.424 607.01314     2.369    -2.745               7.724          1910Pa0125
  5206.425      25.1     5.373     -8.66                                        
  5206.428      63.0     2.058      0.24                                        
  5206.449 112.00124     0.593    -2.199               1.340           22P219b24
  5206.458      24.0     3.842     -2.53                                        
  5206.474      22.0     3.548     -2.72                                        
  5206.488 607.01314     0.085    -4.028               7.724          0600Ra0195
  5206.490      71.0     0.247     -2.30                                        
  5206.496      90.1     0.770     -2.09                                        
  5206.519      68.0     0.000     -1.41                                        
  5206.521 106.00112     1.581   -10.231               3.464            CX05P045
  5206.528 607.01314     0.973    -3.887               7.724          1104Qb0005
  5206.531 607.01314     0.973    -4.189               7.724          1104Pd0015
  5206.534   23.0051     2.267    -4.626                                 KURHFS 
  5206.538   23.0051     2.267    -4.341                                 KURHFS 
  5206.538   23.0051     2.267    -4.596                                 KURHFS 
  5206.541      24.0     3.432     -1.25                                        
  5206.546 112.00124     0.064    -1.785               1.340           00Q209b24
  5206.548   23.0051     2.267    -4.153                                 KURHFS 
  5206.548   23.0051     2.267    -4.596                                 KURHFS 
  5206.548   23.0051     2.267    -4.647                                 KURHFS 
  5206.550      59.1     0.949     -0.05                                LINOHFS 
  5206.553      27.1     3.418     -4.55                                        
  5206.562   23.0051     2.267    -4.062                                 KURHFS 
  5206.562   23.0051     2.267    -4.208                                 KURHFS 
  5206.562   23.0051     2.267    -4.772                                 KURHFS 
  5206.566 112.00126     0.063    -0.160               1.340           00P109h26
  5206.567   23.0051     2.252    -1.731                                 KURHFS 
  5206.573   23.0051     2.252    -1.710                                 KURHFS 
  5206.573   23.0051     2.252    -2.187                                 KURHFS 
  5206.580   23.0051     2.252    -1.710                                 KURHFS 
  5206.580   23.0051     2.252    -1.856                                 KURHFS 
  5206.580   23.0051     2.267    -3.953                                 KURHFS 
  5206.580   23.0051     2.267    -4.040                                 KURHFS 
  5206.580   23.0051     2.267    -4.994                                 KURHFS 
  5206.585 607.01314     0.985    -3.274               7.724          1104Rb0065
  5206.589 112.00125     0.064    -0.160               1.340           00P109h25
  5206.590   23.0051     2.252    -1.389                                 KURHFS 
  5206.593      23.0     3.275     -3.14                                        
  5206.597      26.0     4.291     -3.27                                        
  5206.599 106.00113     1.330    -2.746               3.464            BX13Q145
  5206.599 607.01314     0.985    -3.320               7.724          1104Qd0075
  5206.603   23.0051     2.267    -3.755                                 KURHFS 
  5206.603   23.0051     2.267    -4.094                                 KURHFS 
  5206.603   23.0051     2.267    -5.404                                 KURHFS 
  5206.612 112.00124     0.064    -0.160               1.340           00P109h24
  5206.628 607.01314     0.030    -4.458               7.724          0600Pb0105
  5206.631   23.0051     2.267    -3.591                                 KURHFS 
  5206.631   23.0051     2.267    -4.290                                 KURHFS 
  5206.662 106.00113     1.568    -2.823               3.464            BX02P245
  5206.663      90.1     1.322     -1.55                                        
  5206.663 106.00113     1.330    -6.250               3.464            BX13P155
  5206.664   23.0051     2.267    -3.450                                 KURHFS 
  5206.681 607.01214     1.893    -3.342               7.724          1507Rc0285
  5206.692 106.00113     1.330    -6.151               3.464            BX13R145
  5206.704 106.00113     2.228    -7.417               3.464            AX50R375
  5206.712      15.0     6.949     -3.50                                        
  5206.731 607.01214     1.893    -2.030               7.724          1507Qa0295
  5206.757 106.00113     1.330    -2.701               3.464            BX13Q155
  5206.772 607.01214     0.203    -4.958               7.724          0600Rc0285
  5206.806      26.0     4.280     -2.53                                        
  5206.817 607.01314     1.046    -3.618               7.724          1104Rd0185
  5206.828 607.01214     0.152    -4.024               7.724          0600Pb0245
  5206.830 607.01214     0.203    -3.594               7.724          0600Qa0295
  5206.894 607.01314     2.939    -2.967               7.724          2212Qc0285
  5206.900 106.00113     1.612   -10.775               3.464            CX05P065
  5206.950 607.01314     2.940    -2.273               7.724          2212Pa0295
  5206.952 607.01214     0.140    -4.692               7.724          0600Qc0235
  5206.996 607.01214     0.440    -5.169               7.724          0600Rd0435
  5207.000 607.01214     0.140    -4.035               7.724          0600Pa0245
  5207.005 607.01214     1.040    -3.687               7.724          1104Pc0135
  5207.023 607.01214     1.117    -2.411               7.724          1104Qb0225
  5207.030 607.01314     0.208    -5.032               7.724          0600Rd0305
  5207.044 112.00126     0.318     0.183               1.340           00P221h26
  5207.058      26.0     4.962     -4.01                                        
  5207.065 112.00125     0.319     0.183               1.340           00P221h25
  5207.066 607.01214     1.117    -3.602               7.724          1104Pd0235
  5207.081 106.00113     2.277    -3.599               3.464            AX02Q335
  5207.082 607.01314     1.795    -2.370               7.724          1507Ra0245
  5207.086 112.00124     0.319     0.183               1.340           00P221h24
  5207.107 607.01214     1.845    -3.084               7.724          1507Qc0245
  5207.151 607.01214     1.845    -2.445               7.724          1507Pa0255
  5207.160      23.0     3.054     -3.80                                        
  5207.172 607.01314     0.013    -4.685               7.724          0600Qc0065
  5207.187 607.01314     0.013    -4.729               7.724          0600Pa0075
  5207.190      22.0     1.979     -5.48                                        
  5207.201      22.0     0.818     -4.05                                        
  5207.209 607.01314     0.974    -3.650               7.724          1104Qb0015
  5207.214 607.01314     0.974    -3.958               7.724          1104Pd0025
  5207.217      24.0     5.667     -0.69                                        
  5207.224 112.00126     0.077    -0.171               1.340           00P210h26
  5207.249 112.00125     0.078    -0.171               1.340           00P210h25
  5207.278 112.00124     0.078    -0.171               1.340           00P210h24
  5207.291 607.01314     0.988    -3.207               7.724          1104Rb0075
  5207.295 106.00113     2.388    -3.536               3.464            AX56P215
  5207.299 607.01314     2.407    -2.183               7.724          1910Qb0175
  5207.306 607.01314     0.988    -3.299               7.724          1104Qd0085
  5207.325 106.00113     2.277    -6.243               3.464            AX02P335
  5207.327 607.01314     2.407    -3.148               7.724          1910Pd0185
  5207.342 106.00113     2.277    -6.698               3.464            AX02R325
  5207.366 112.00124     0.014    -1.378               1.340           00P204b24
  5207.379      24.0     3.553     -2.34                                        
  5207.398      22.0     3.675     -3.31                                        
  5207.417 607.01214     0.311    -3.768               7.724          0600Rb0355
  5207.444 607.01214     0.217    -3.594               7.724          0600Qb0295
  5207.448 112.00124     0.319    -2.175               1.340           00Q221b24
  5207.466 607.01314     0.035    -4.809               7.724          0600Rc0115
  5207.476 607.01314     1.702    -3.414               7.724          1507Pc0115
  5207.477 607.01314     2.392    -3.118               7.724          1910Rc0155
  5207.489 607.01214     0.311    -4.776               7.724          0600Qd0365
  5207.490 607.01314     0.035    -4.013               7.724          0600Qa0125
  5207.500 607.01314     2.392    -2.213               7.724          1910Qa0165
  5207.503 607.01214     0.217    -5.005               7.724          0600Pd0305
  5207.530 106.00113     2.388    -3.640               3.464            AX56P205
  5207.547 112.00126     0.318     0.207               1.340           00P121h26
  5207.566 112.00125     0.319     0.207               1.340           00P121h25
  5207.586 607.01214     2.464    -3.287               7.724          1910Pc0185
  5207.587 106.00113     2.277    -3.614               3.464            AX02Q325
  5207.587 112.00124     0.319     0.207               1.340           00P121h24
  5207.598 607.01214     1.856    -2.435               7.724          1507Pb0255
  5207.633      26.0     5.106     -2.08                              PK15THEOR 
  5207.661      23.0     2.357     -1.12                               LAWNOHFS 
  5207.700 112.00124     0.253    -1.819               1.340           11P210b24
  5207.717 607.01214     2.500    -2.393               7.724          1910Pb0225
  5207.718 607.01314     1.749    -3.242               7.724          1507Rc0185
  5207.749 607.01314     1.749    -2.228               7.724          1507Qa0195
  5207.753 607.01214     1.078    -2.851               7.724          1104Pb0185
  5207.785 106.00113     1.524    -6.344               3.464            AX24R135
  5207.792 112.00124     0.078    -1.832               1.340           00Q210b24
  5207.794 607.01314     0.007    -5.338               7.724          0600Pc0045
  5207.816 112.00126     0.077    -0.113               1.340           00P110h26
  5207.819   59.1141     0.795    -4.493                                 LI/LAW 
  5207.823   59.1141     0.795    -4.184                                 LI/LAW 
  5207.826   59.1141     0.795    -4.122                                 LI/LAW 
  5207.830   59.1141     0.795    -4.305                                 LI/LAW 
  5207.840 112.00125     0.078    -0.113               1.340           00P110h25
  5207.850      22.0     2.083     -1.10                                        
  5207.857   59.1141     0.795    -2.731                                 LI/LAW 
  5207.858   59.1141     0.795    -2.533                                 LI/LAW 
  5207.859   59.1141     0.795    -2.482                                 LI/LAW 
  5207.861   59.1141     0.795    -2.529                                 LI/LAW 
  5207.863   59.1141     0.795    -2.727                                 LI/LAW 
  5207.866 112.00124     0.078    -0.113               1.340           00P110h24
  5207.866 607.01214     1.906    -2.029               7.724          1507Qb0295
  5207.871 607.01314     1.719    -3.005               7.724          1507Qc0145
  5207.875 607.01314     2.359    -3.343               7.724          1910Pc0095
  5207.879   59.1141     0.795    -1.640                                 LI/LAW 
  5207.882 106.00113     1.568    -7.062               3.464            BX02Q235
  5207.885   59.1141     0.795    -1.572                                 LI/LAW 
  5207.891   59.1141     0.795    -1.503                                 LI/LAW 
  5207.897 607.01314     1.719    -2.715               7.724          1507Pa0155
  5207.898   59.1141     0.795    -1.435                                 LI/LAW 
  5207.904   59.1141     0.795    -1.369                                 LI/LAW 
  5207.911      22.0     3.102     -1.66                                        
  5207.911   59.1141     0.795    -1.304                                 LI/LAW 
  5207.913 106.00113     1.503    -4.233               3.464            AX02R235
  5207.918 607.01214     1.906    -3.387               7.724          1507Pd0305
  5207.938      26.0     3.635     -2.40                              NIST/E    
  5207.941 607.01314     1.733    -2.654               7.724          1507Pb0165
  5207.958 106.00113     1.105    -5.800               3.464            BX13P085
  5207.960 607.01314     0.113    -3.996               7.724          0600Rb0215
  5207.982      20.0     5.870     -3.71                                        
  5207.985      24.0     3.119     -4.00                                        
  5208.002 607.01314     0.113    -4.624               7.724          0600Qd0225
  5208.016 607.01214     2.490    -2.940               7.724          1910Qc0215
  5208.027 607.01314     0.975    -3.465               7.724          1104Qb0025
  5208.033 607.01314     0.975    -3.829               7.724          1104Pd0035
  5208.048 607.01214     2.490    -2.407               7.724          1910Pa0225
  5208.063      26.0     3.684     -7.10                                        
  5208.082 106.00113     2.388    -5.390               3.464            AX56Q205
  5208.088 607.01314     2.431    -2.334               7.724          1910Ra0215
  5208.100      24.0     2.707     -1.77                                        
  5208.103 106.00113     1.503    -6.341               3.464            AX02Q235
  5208.105 106.00113     2.227    -9.367               3.464            AX50P385
  5208.108      58.1     1.338     -1.99                              Lawler09  
  5208.134      24.0     3.553     -2.62                                        
  5208.139 607.01314     0.992    -3.147               7.724          1104Rb0085
  5208.145 112.00126     0.290     0.162               1.340           00P220h26
  5208.156 607.01314     0.992    -3.284               7.724          1104Qd0095
  5208.168 112.00125     0.290     0.162               1.340           00P220h25
  5208.192 112.00124     0.291     0.162               1.340           00P220h24
  5208.210 106.00113     1.503    -4.245               3.464            AX02R225
  5208.237      24.1     3.736     -9.48                                        
  5208.242 112.00124     0.618    -2.227               1.340           22P220b24
  5208.249      22.0     3.397     -3.25                                        
  5208.260 607.01214     1.107    -3.560               7.724          1104Rc0215
  5208.292 112.00126     0.093    -0.122               1.340           00P211h26
  5208.302 607.01214     1.107    -2.413               7.724          1104Qa0225
  5208.306 106.00112     1.528    -6.385               3.464            AX24R135
  5208.319 112.00125     0.093    -0.122               1.340           00P211h25
  5208.326 106.00112     1.654    -3.850               3.464            AX13R215
  5208.337 607.01314     2.386    -2.622               7.724          1910Pb0145
  5208.348 112.00124     0.093    -0.122               1.340           00P211h24
  5208.359      23.0     2.573     -6.21                                        
  5208.363 607.01314     1.055    -3.623               7.724          1104Rd0195
  5208.370 106.00112     1.654    -3.861               3.464            AX13R205
  5208.409      24.0     0.941      0.17                                 SOBECK 
  5208.418 607.01314     0.974    -4.189               7.724          1104Pb0015
  5208.430      23.0     3.284     -3.04                                        
  5208.475 607.01314     2.502    -3.287               7.724          1910Rd0285
  5208.489 106.00112     1.654    -5.939               3.464            AX13Q215
  5208.497 106.00113     1.751   -11.202               3.464            CX05P115
  5208.527      24.1     5.666     -5.20                                        
  5208.542 607.01314     0.094    -4.005               7.724          0600Ra0205
  5208.559 112.00124     0.291    -2.151               1.340           00Q220b24
  5208.579      26.0     3.926     -3.81                                        
  5208.594      26.0     3.241     -0.89                              DenHarto14
  5208.614      24.0     3.110     -3.88                                        
  5208.647 112.00126     0.290     0.187               1.340           00P120h26
  5208.652 607.01214     1.813    -3.422               7.724          1507Pc0215
  5208.669 112.00125     0.290     0.187               1.340           00P120h25
  5208.693 112.00124     0.291     0.187               1.340           00P120h24
  5208.701      58.0     1.041      0.00                                        
  5208.748 106.00112     1.832   -10.643               3.464            CX05P135
  5208.813      26.0     5.060     -2.46                                        
  5208.831 112.00124     0.093    -1.875               1.340           00Q211b24
  5208.838      24.0     1.029     -4.14                                        
  5208.858 112.00126     0.093    -0.070               1.340           00P111h26
  5208.880 607.01314     1.766    -2.201               7.724          1507Qb0205
  5208.884 112.00125     0.093    -0.070               1.340           00P111h25
  5208.909 607.01214     1.154    -2.963               7.724          0902Pb0525
  5208.910      58.0     0.520     -0.61                                        
  5208.911 112.00124     0.093    -0.070               1.340           00P111h24
  5208.911 607.01314     0.061    -3.899               7.724          0600Qb0155
  5208.913 607.01314     1.766    -3.286               7.724          1507Pd0215
  5208.926 607.01314     2.951    -2.265               7.724          2212Pb0295
  5208.940 607.01314     0.016    -4.656               7.724          0600Qc0075
  5208.942 607.01314     0.061    -4.858               7.724          0600Pd0165
  5208.956 607.01314     0.016    -4.646               7.724          0600Pa0085
  5208.960      26.0     2.607     -4.56                                        
  5208.983 607.01314     0.977    -3.325               7.724          1104Qb0035
  5208.991 607.01314     0.977    -3.744               7.724          1104Pd0045
  5209.030      26.0     5.269     -3.46                                        
  5209.030 112.00126     0.263     0.139               1.340           00P219h26
  5209.055 112.00125     0.263     0.139               1.340           00P219h25
  5209.068      47.0     3.661      0.05                                        
  5209.081 112.00124     0.264     0.139               1.340           00P219h24
  5209.122 106.00113     2.397    -6.984               3.464            AX45P245
  5209.133 607.01314     0.996    -3.093               7.724          1104Rb0095
  5209.144 112.00126     0.109    -0.078               1.340           00P212h26
  5209.151 607.01314     0.996    -3.273               7.724          1104Qd0105
  5209.172 112.00125     0.110    -0.078               1.340           00P212h25
  5209.202 112.00124     0.110    -0.078               1.340           00P212h24
  5209.232 607.01314     0.041    -4.810               7.724          0600Rc0125
  5209.258 607.01314     0.041    -3.973               7.724          0600Qa0135
  5209.268 106.00112     1.509    -4.232               3.464            AX02R235
  5209.273 607.01314     2.374    -2.892               7.724          1910Qc0125
  5209.292 607.01314     2.374    -2.698               7.724          1910Pa0135
  5209.304      40.0     1.549     -0.78                                        
  5209.337 106.00113     1.533    -5.935               3.464            BX13R195
  5209.357 607.01314     1.816    -2.362               7.724          1507Rb0255
  5209.395 607.01214     1.197    -2.357               7.724          1003Qb0435
  5209.401 607.01314     1.816    -3.047               7.724          1507Qd0265
  5209.450 607.01314     0.035    -4.408               7.724          0600Pb0115
  5209.453 112.00124     0.264    -2.127               1.340           00Q219b24
  5209.458      26.0     5.066     -3.42                                        
  5209.475 112.00124     1.001    -2.513               1.340           22P232b24
  5209.476 106.00112     1.509    -6.340               3.464            AX02Q235
  5209.479 607.01214     1.197    -4.044               7.724          1003Pd0445
  5209.503      22.0     2.091     -4.70                                        
  5209.532      42.0     3.440     -1.70                                        
  5209.532 112.00126     0.263     0.165               1.340           00P119h26
  5209.539 106.00112     1.509    -4.245               3.464            AX02R225
  5209.545 607.01314     0.911    -3.971               7.724          1003Pc0275
  5209.546 607.01314     2.449    -2.324               7.724          1910Rb0225
  5209.556 112.00125     0.263     0.165               1.340           00P119h25
  5209.579 607.01314     2.449    -2.923               7.724          1910Qd0235
  5209.582 112.00124     0.264     0.165               1.340           00P119h24
  5209.655 607.01214     1.035    -4.064               7.724          1003Pc0345
  5209.659 112.00124     0.110    -1.915               1.340           00Q212b24
  5209.690 112.00126     0.109    -0.032               1.340           00P112h26
  5209.698 112.00126     0.237     0.114               1.340           00P218h26
  5209.717 112.00125     0.110    -0.032               1.340           00P112h25
  5209.724 112.00125     0.238     0.114               1.340           00P218h25
  5209.745 112.00124     0.110    -0.032               1.340           00P112h24
  5209.752 112.00124     0.238     0.114               1.340           00P218h24
  5209.766 106.00112     1.529    -6.344               3.464            AX24R135
  5209.780 112.00126     0.127    -0.039               1.340           00P213h26
  5209.785 112.00124     0.645    -2.254               1.340           22P221b24
  5209.786 607.01314     1.890    -3.443               7.724          1507Rd0325
  5209.787 607.01214     2.532    -3.199               7.724          1910Rc0255
  5209.805 607.01214     1.103    -3.740               7.724          1003Qc0385
  5209.807 112.00125     0.128    -0.039               1.340           00P213h25
  5209.824 607.01214     2.532    -1.980               7.724          1910Qa0265
  5209.838 112.00124     0.128    -0.039               1.340           00P213h24
  5209.879 607.01214     1.103    -2.744               7.724          1003Pa0395
  5209.885      26.0     3.234     -3.26                                        
  5209.914 106.00113     1.789    -6.192               3.464            AX35R135
  5209.919 607.01214     1.070    -3.310               7.724          1104Qc0175
  5209.939      62.0     1.622      0.36                                        
  5209.953 607.01214     1.070    -2.871               7.724          1104Pa0185
  5210.017   27.0059     3.407    -2.264                                 LAWHFS 
  5210.018   27.0059     3.407    -2.440                                 LAWHFS 
  5210.019   27.0059     3.407    -2.690                                 LAWHFS 
  5210.021   27.0059     3.407    -3.118                                 LAWHFS 
  5210.024   27.0059     3.407    -2.264                                 LAWHFS 
  5210.027   27.0059     3.407    -2.100                                 LAWHFS 
  5210.032   27.0059     3.407    -2.092                                 LAWHFS 
  5210.034   27.0059     3.407    -2.565                                 LAWHFS 
  5210.037   27.0059     3.407    -2.253                                 LAWHFS 
  5210.040   27.0059     3.407    -2.126                                 LAWHFS 
  5210.040 607.01314     0.009    -5.234               7.724          0600Pc0055
  5210.043 607.01314     0.975    -3.912               7.724          1104Pb0025
  5210.047   27.0059     3.407    -1.843                                 LAWHFS 
  5210.054   27.0059     3.407    -1.627                                 LAWHFS 
  5210.056 607.01314     0.222    -5.039               7.724          0600Rd0315
  5210.066 607.01314     1.063    -3.629               7.724          1104Rd0205
  5210.070      22.0     3.106     -1.07                                        
  5210.078 607.01314     0.979    -3.212               7.724          1104Qb0045
  5210.088 607.01314     0.979    -3.683               7.724          1104Pd0055
  5210.117      20.0     5.041     -3.03                                        
  5210.131 106.00113     2.336    -5.999               3.464            AX46R205
  5210.131 112.00124     0.238    -2.102               1.340           00Q218b24
  5210.136      33.0     6.280     -0.20                                        
  5210.149 112.00126     0.213     0.088               1.340           00P217h26
  5210.176 112.00125     0.213     0.088               1.340           00P217h25
  5210.198 112.00126     0.147    -0.003               1.340           00P214h26
  5210.201 112.00126     0.237     0.143               1.340           00P118h26
  5210.206 112.00124     0.213     0.088               1.340           00P217h24
  5210.226 112.00125     0.147    -0.003               1.340           00P214h25
  5210.226 112.00125     0.238     0.143               1.340           00P118h25
  5210.254 112.00124     0.238     0.143               1.340           00P118h24
  5210.257 112.00124     0.147    -0.003               1.340           00P214h24
  5210.271 607.01314     1.001    -3.044               7.724          1104Rb0105
  5210.275 112.00124     0.128    -1.951               1.340           00Q213b24
  5210.285      22.0     3.317     -2.43                                        
  5210.292 607.01314     1.001    -3.265               7.724          1104Qd0115
  5210.311 112.00126     0.128     0.003               1.340           00P113h26
  5210.323      20.0     5.177     -2.04                                        
  5210.339      58.1     0.956     -1.07                              Lawler09  
  5210.339 112.00125     0.128     0.003               1.340           00P113h25
  5210.341 106.00113     2.389    -3.536               3.464            AX56P215
  5210.344 106.00113     1.635   -11.161               3.464            CX05P075
  5210.368 112.00124     0.128     0.003               1.340           00P113h24
  5210.383 112.00126     0.189     0.060               1.340           00P216h26
  5210.384      22.0     0.048     -0.82                                 LAWLER 
  5210.389 607.01214     2.543    -1.978               7.724          1910Qb0265
  5210.395 607.01314     2.399    -3.122               7.724          1910Rc0165
  5210.399 112.00126     0.168     0.030               1.340           00P215h26
  5210.411 112.00125     0.190     0.060               1.340           00P216h25
  5210.420 607.01314     2.399    -2.183               7.724          1910Qa0175
  5210.427 112.00125     0.168     0.030               1.340           00P215h25
  5210.428 607.01214     2.543    -3.238               7.724          1910Pd0275
  5210.434      42.0     1.530     -2.93                              NIST/C+   
  5210.441 112.00124     0.190     0.060               1.340           00P216h24
  5210.448      24.0     5.651     -1.82                                        
  5210.452      23.0     2.579     -2.97                                        
  5210.458 112.00124     0.168     0.030               1.340           00P215h24
  5210.480      64.1     1.620     -0.93                              DenHarto06
  5210.480 607.01314     1.805    -2.351               7.724          1507Ra0255
  5210.493      23.0     3.890     -3.12                                        
  5210.493   21.0045     1.427    -5.779                                 KURHFS 
  5210.493   21.0045     1.427    -6.190                                 KURHFS 
  5210.501   21.0045     1.427    -6.076                                 KURHFS 
  5210.501   21.0045     1.427    -6.190                                 KURHFS 
  5210.501   21.0045     1.427    -6.395                                 KURHFS 
  5210.506   21.0045     1.427    -6.076                                 KURHFS 
  5210.506   21.0045     1.427    -6.201                                 KURHFS 
  5210.511   21.0045     1.427    -6.201                                 KURHFS 
  5210.511   21.0045     1.427    -6.377                                 KURHFS 
  5210.527 106.00113     1.204    -3.225               3.464            BX13P115
  5210.592      26.0     5.006     -3.06                                        
  5210.592 112.00124     0.213    -2.075               1.340           00Q217b24
  5210.597 106.00113     1.204    -7.295               3.464            BX13Q115
  5210.626      26.0     4.909     -3.58                                        
  5210.643 607.01314     0.124    -3.973               7.724          0600Rb0225
  5210.645 607.01214     1.417    -2.791               7.724          0902Rb0625
  5210.654 112.00126     0.213     0.119               1.340           00P117h26
  5210.677 112.00124     0.147    -1.985               1.340           00Q214b24
  5210.681 112.00125     0.213     0.119               1.340           00P117h25
  5210.687 607.01314     0.124    -4.631               7.724          0600Qd0235
  5210.707 106.00113     2.389    -3.640               3.464            AX56P205
  5210.709 112.00124     0.213     0.119               1.340           00P117h24
  5210.718 112.00126     0.147     0.035               1.340           00P114h26
  5210.747 112.00125     0.147     0.035               1.340           00P114h25
  5210.754 607.01314     0.104    -3.982               7.724          0600Ra0215
  5210.766 607.01214     1.417    -4.209               7.724          0902Qd0635
  5210.769 106.00112     1.576    -2.914               3.464            BX02P235
  5210.776 112.00124     0.147     0.035               1.340           00P114h24
  5210.811 607.01314     2.414    -2.154               7.724          1910Qb0185
  5210.821 106.00113     2.470    -5.893               3.464            AX51P375
  5210.824      24.1     4.039     -3.91                                        
  5210.828 106.00113     1.204    -3.167               3.464            BX13P125
  5210.829      24.0     5.645     -1.97                                        
  5210.835      27.0     4.144     -0.50                                        
  5210.836 112.00124     0.190    -2.047               1.340           00Q216b24
  5210.837 607.01314     2.414    -3.151               7.724          1910Pd0195
  5210.844 112.00124     0.964    -2.491               1.340           22P231b24
  5210.864 112.00124     0.168    -2.017               1.340           00Q215b24
  5210.865      24.1     3.755     -2.94                                        
  5210.867 607.01214     0.311    -3.749               7.724          0600Ra0365
  5210.876 607.01314     0.020    -4.635               7.724          0600Qc0085
  5210.883 106.00112     1.576    -7.061               3.464            BX02Q235
  5210.891 112.00126     0.190     0.093               1.340           00P116h26
  5210.894 607.01314     0.020    -4.573               7.724          0600Pa0095
  5210.912 112.00126     0.168     0.065               1.340           00P115h26
  5210.918 112.00125     0.190     0.093               1.340           00P116h25
  5210.921      24.0     3.090     -6.07                                        
  5210.940 112.00125     0.168     0.065               1.340           00P115h25
  5210.948 112.00124     0.190     0.093               1.340           00P116h24
  5210.952      24.0     4.436     -1.53                                        
  5210.970 112.00124     0.168     0.065               1.340           00P115h24
  5210.975 607.01214     1.047    -3.683               7.724          1104Pc0145
  5210.978 607.01314     1.757    -3.248               7.724          1507Rc0195
  5210.979 607.01314     1.707    -3.401               7.724          1507Pc0125
  5210.980 106.00112     1.576    -2.822               3.464            BX02P245
