a line list in the range:    5959.00   5971.00
  5959.013 112.00124     0.745    -1.581               1.340           13P219b24
  5959.111 112.00124     0.565    -4.550               1.340           13R209b24
  5959.148      24.0     4.446     -1.18                                        
  5959.185 112.00124     0.566    -1.629               1.340           13Q109b24
  5959.227 607.01214     1.906    -3.372               7.724          0600Pa0915
  5959.227 607.01214     2.416    -2.524               7.724          1710Rb0115
  5959.245 607.01214     1.051    -2.903               7.724          0500Ra0675
  5959.250 607.01214     2.416    -2.766               7.724          1710Qd0125
  5959.268 607.01214     3.071    -3.270               7.724          2113Rd0135
  5959.300 607.01314     2.928    -2.890               7.724          2012Qc0275
  5959.309 112.00124     0.467    -2.241               1.340           02R113b24
  5959.319 607.01314     1.498    -2.407               7.724          1206Pb0155
  5959.371 607.01314     2.928    -2.218               7.724          2012Pa0285
  5959.422 607.01314     0.647    -2.393               7.724          0702Ra0265
  5959.432 607.01214     0.795    -3.949               7.724          0601Rc0475
  5959.463 607.01214     2.472    -3.149               7.724          1710Rd0205
  5959.486 607.01214     2.395    -2.552               7.724          1710Qb0065
  5959.498 112.00124     0.745    -3.805               1.340           13Q219b24
  5959.504 607.01214     2.395    -3.113               7.724          1710Pd0075
  5959.542 607.01214     3.035    -3.518               7.724          2113Rb0015
  5959.555 607.01214     0.795    -2.210               7.724          0601Qa0485
  5959.557 607.01214     3.035    -3.253               7.724          2113Qd0025
  5959.609 607.01214     3.034    -3.792               7.724          2113Rb0005
  5959.619 607.01214     3.034    -3.385               7.724          2113Qd0015
  5959.639 112.00124     0.745    -1.555               1.340           13P119b24
  5959.686 607.01214     0.716    -3.484               7.724          0702Rc0295
  5959.686 607.01214     3.036    -3.346               7.724          2113Rb0025
  5959.688      58.1     1.625     -0.69                              Lawler09  
  5959.709 607.01214     3.036    -3.162               7.724          2113Qd0035
  5959.717 607.01314     0.576    -3.338               7.724          0702Rc0185
  5959.743      24.0     3.446     -4.32                                        
  5959.750      25.0     5.334     -3.27                                        
  5959.763 607.01214     0.716    -2.075               7.724          0702Qa0305
  5959.764 607.01314     0.576    -2.286               7.724          0702Qa0195
  5959.809 607.01214     1.648    -3.077               7.724          1206Rc0275
  5959.812 607.01314     0.594    -2.259               7.724          0702Qb0205
  5959.864 607.01314     0.594    -3.381               7.724          0702Pd0215
  5959.876 607.01214     1.648    -1.768               7.724          1206Qa0285
  5959.885 112.00124     0.510    -3.080               1.340           13R101b24
  5959.892 607.01214     3.034    -3.554               7.724          2113Qd0005
  5959.915      26.0     4.140     -2.32                                        
  5960.010 607.01214     0.875    -4.610               7.724          0500Rc0605
  5960.020 112.00124     1.065    -3.767               1.340           13P230b24
  5960.022      26.0     4.581     -3.02                                        
  5960.045 607.01214     3.038    -3.217               7.724          2113Rb0035
  5960.059 106.00113     2.389    -4.311               3.464            AX36Q215
  5960.073 607.01214     3.038    -3.095               7.724          2113Qd0045
  5960.081      62.0     1.368     -0.39                                        
  5960.090 106.00113     2.389    -4.259               3.464            AX36Q205
  5960.114      22.0     2.394     -3.81                                        
  5960.123      73.0     2.963     -0.95                                        
  5960.124 607.01214     0.689    -2.605               7.724          0601Pb0425
  5960.168 607.01214     0.875    -2.690               7.724          0500Qa0615
  5960.254 607.01214     1.661    -1.767               7.724          1206Qb0285
  5960.323 607.01214     1.661    -3.112               7.724          1206Pd0295
  5960.335 607.01314     0.539    -3.094               7.724          0702Qc0135
  5960.343 607.01214     0.730    -2.077               7.724          0702Qb0305
  5960.362      26.0     5.082     -4.05                                        
  5960.368   25.0055     3.132    -6.934                                 KURHFS 
  5960.370 607.01314     0.539    -2.811               7.724          0702Pa0145
  5960.373   25.0055     3.132    -6.672                                 KURHFS 
  5960.375   25.0055     3.132    -7.700                                 KURHFS 
  5960.376   25.0055     3.132    -6.934                                 KURHFS 
  5960.384   25.0055     3.132    -6.570                                 KURHFS 
  5960.387   25.0055     3.132    -7.001                                 KURHFS 
  5960.387 607.01314     0.734    -4.552               7.724          0500Rc0565
  5960.389   25.0055     3.132    -6.672                                 KURHFS 
  5960.401   25.0055     3.132    -6.575                                 KURHFS 
  5960.405   25.0055     3.132    -6.554                                 KURHFS 
  5960.408   25.0055     3.132    -6.570                                 KURHFS 
  5960.422 607.01214     0.730    -3.487               7.724          0702Pd0315
  5960.424   25.0055     3.132    -6.738                                 KURHFS 
  5960.425 607.01214     1.276    -4.757               7.724          0500Rd0745
  5960.429   25.0055     3.132    -6.223                                 KURHFS 
  5960.433   25.0055     3.132    -6.575                                 KURHFS 
  5960.459   25.0055     3.132    -5.960                                 KURHFS 
  5960.465   25.0055     3.132    -6.738                                 KURHFS 
  5960.486   23.0051     1.852    -4.866                                 KURHFS 
  5960.486   23.0051     1.852    -5.062                                 KURHFS 
  5960.492   23.0051     1.852    -4.841                                 KURHFS 
  5960.492   23.0051     1.852    -4.852                                 KURHFS 
  5960.492   23.0051     1.852    -5.062                                 KURHFS 
  5960.502   23.0051     1.852    -4.714                                 KURHFS 
  5960.502   23.0051     1.852    -4.738                                 KURHFS 
  5960.502   23.0051     1.852    -4.841                                 KURHFS 
  5960.514   23.0051     1.852    -4.547                                 KURHFS 
  5960.514   23.0051     1.852    -4.695                                 KURHFS 
  5960.514   23.0051     1.852    -4.738                                 KURHFS 
  5960.530   23.0051     1.852    -4.378                                 KURHFS 
  5960.530   23.0051     1.852    -4.695                                 KURHFS 
  5960.530   23.0051     1.852    -4.706                                 KURHFS 
  5960.530 607.01314     0.735    -2.705               7.724          0500Qa0575
  5960.548   23.0051     1.852    -4.219                                 KURHFS 
  5960.548   23.0051     1.852    -4.706                                 KURHFS 
  5960.548   23.0051     1.852    -4.783                                 KURHFS 
  5960.570   23.0051     1.852    -4.071                                 KURHFS 
  5960.570   23.0051     1.852    -4.783                                 KURHFS 
  5960.570   23.0051     1.852    -4.998                                 KURHFS 
  5960.589      57.0     1.046     -1.14                                        
  5960.595   23.0051     1.852    -3.935                                 KURHFS 
  5960.595   23.0051     1.852    -4.998                                 KURHFS 
  5960.611 607.01214     2.390    -3.119               7.724          1710Pb0045
  5960.618 607.01214     3.040    -3.114               7.724          2113Rb0045
  5960.653 607.01214     3.040    -3.045               7.724          2113Qd0055
  5960.677      26.0     5.301     -2.46                                        
  5960.703      58.1     1.766     -1.29                                        
  5960.703 607.01314     2.939    -2.207               7.724          2012Pb0285
  5960.709 607.01314     1.484    -2.740               7.724          1206Qc0135
  5960.742 607.01314     1.484    -2.474               7.724          1206Pa0145
  5960.821      20.0     5.041     -5.58                                        
  5960.871      58.0     0.998     -0.59                                        
  5960.873 607.01214     3.077    -3.270               7.724          2113Rd0145
  5960.950 607.01214     0.595    -4.015               7.724          0601Pc0375
  5960.974 607.01314     2.241    -3.135               7.724          1609Pc0235
  5961.022 607.01214     0.664    -2.496               7.724          0702Pb0255
  5961.075 607.01214     3.034    -3.554               7.724          2113Qb0005
  5961.084 607.01214     3.034    -3.855               7.724          2113Pd0015
  5961.085 607.01214     0.652    -3.178               7.724          0702Qc0245
  5961.145      60.0     1.129     -0.27                                        
  5961.149 607.01214     0.652    -2.508               7.724          0702Pa0255
  5961.162 607.01314     1.468    -3.162               7.724          1206Pc0105
  5961.202 607.01314     2.896    -3.223               7.724          2012Pc0245
  5961.211      16.0     8.040     -1.20                                        
  5961.260 106.00113     2.389    -7.211               3.464            AX36R205
  5961.305 607.01214     2.422    -2.483               7.724          1710Rb0125
  5961.330 607.01214     2.422    -2.762               7.724          1710Qd0135
  5961.406 607.01214     3.043    -3.027               7.724          2113Rb0055
  5961.447 607.01214     3.043    -3.008               7.724          2113Qd0065
  5961.475      26.0     5.341     -4.08                                        
  5961.524      26.0     5.064     -2.66                                        
  5961.527      20.0     6.030     -7.35                                        
  5961.540 607.01214     2.398    -2.481               7.724          1710Qb0075
  5961.555 607.01314     0.671    -2.385               7.724          0702Rb0275
  5961.567 607.01214     2.398    -3.087               7.724          1710Pd0085
  5961.599 607.01214     0.825    -2.246               7.724          0702Ra0375
  5961.609      20.0     6.030     -4.04                                        
  5961.624 607.01314     0.671    -3.169               7.724          0702Qd0285
  5961.666 112.00124     0.516    -2.294               1.340           13R203b24
  5961.676      26.0     5.269     -3.89                                        
  5961.694 112.00124     0.516    -3.380               1.340           13Q103b24
  5961.719 607.01314     0.522    -3.516               7.724          0702Pc0105
  5961.736      22.0     3.110     -3.07                                        
  5961.814 607.01214     0.609    -3.528               7.724          0702Pc0205
  5961.847      23.0     2.553     -4.45                                        
  5961.894 106.00113     1.870    -6.744               3.464            AX36R075
  5961.918      26.0     4.217     -3.16                                        
  5961.950 607.01214     1.562    -3.146               7.724          1206Pc0195
  5961.984 607.01214     3.035    -3.318               7.724          2113Qb0015
  5961.990 607.01314     1.520    -2.982               7.724          1206Rc0185
  5962.000 607.01214     3.035    -3.623               7.724          2113Pd0025
  5962.034 607.01314     1.520    -1.951               7.724          1206Qa0195
  5962.065      24.0     4.407     -3.04                                        
  5962.065      24.0     4.407     -4.06                                        
  5962.151   23.0051     1.944    -5.268                                 KURHFS 
  5962.158   23.0051     1.944    -5.268                                 KURHFS 
  5962.158   23.0051     1.944    -5.444                                 KURHFS 
  5962.169   23.0051     1.944    -5.104                                 KURHFS 
  5962.169   23.0051     1.944    -5.569                                 KURHFS 
  5962.169   23.0051     1.944    -5.694                                 KURHFS 
  5962.181 607.01214     2.481    -3.155               7.724          1710Rd0215
  5962.184   23.0051     1.944    -5.096                                 KURHFS 
  5962.184   23.0051     1.944    -5.130                                 KURHFS 
  5962.184   23.0051     1.944    -6.122                                 KURHFS 
  5962.202   23.0051     1.944    -4.847                                 KURHFS 
  5962.202   23.0051     1.944    -5.257                                 KURHFS 
  5962.220      26.0     4.603     -4.08                                        
  5962.224   23.0051     1.944    -4.631                                 KURHFS 
  5962.348 106.00112     2.398    -7.184               3.464            AX36R205
  5962.412 607.01214     3.045    -2.952               7.724          2113Rb0065
  5962.436 106.00113     1.870    -6.721               3.464            AX36R075
  5962.450 106.00112     2.398    -4.309               3.464            AX36Q215
  5962.459 607.01214     3.045    -2.979               7.724          2113Qd0075
  5962.466      23.0     2.576     -4.94                                        
  5962.539 106.00112     2.398    -4.258               3.464            AX36Q205
  5962.565 607.01314     1.538    -1.924               7.724          1206Qb0205
  5962.580      57.0     1.138     -1.27                                        
  5962.614 607.01314     1.538    -3.021               7.724          1206Pd0215
  5962.641 106.00112     2.398    -6.433               3.464            AX36P215
  5962.660 607.01214     2.346    -3.191               7.724          1609Pc0285
  5962.705 607.01214     3.083    -3.273               7.724          2113Rd0155
  5962.726 106.00113     2.217    -4.259               3.464            AX25Q225
  5962.751   25.0055     3.133    -6.881                                 KURHFS 
  5962.754   25.0055     3.133    -6.103                                 KURHFS 
  5962.755   25.0055     3.133    -6.133                                 KURHFS 
  5962.755 106.00112     2.222    -4.259               3.464            AX25Q225
  5962.759   25.0055     3.133    -6.802                                 KURHFS 
  5962.762   25.0055     3.133    -5.927                                 KURHFS 
  5962.764   25.0055     3.133    -5.848                                 KURHFS 
  5962.770   25.0055     3.133    -6.927                                 KURHFS 
  5962.774   25.0055     3.133    -5.860                                 KURHFS 
  5962.777   25.0055     3.133    -5.626                                 KURHFS 
  5962.785   25.0055     3.133    -7.279                                 KURHFS 
  5962.789      20.0     6.031     -1.81                                        
  5962.791   25.0055     3.133    -5.886                                 KURHFS 
  5962.795   25.0055     3.133    -5.442                                 KURHFS 
  5962.811   25.0055     3.133    -6.062                                 KURHFS 
  5962.811 607.01214     1.893    -1.771               7.724          0903Qb0705
  5962.817   25.0055     3.133    -5.284                                 KURHFS 
  5962.831 106.00112     2.222    -7.139               3.464            AX25R215
  5962.842   25.0055     3.133    -5.144                                 KURHFS 
  5962.846 106.00113     2.217    -7.139               3.464            AX25R215
  5962.882 607.01214     1.741    -2.144               7.724          0903Pb0655
  5962.900 106.00112     2.588    -9.689               3.464            AX04R315
  5962.923 106.00112     2.222    -6.479               3.464            AX25P225
  5962.976      24.0     5.663     -2.17                                        
  5962.981 106.00113     2.217    -6.479               3.464            AX25P225
  5962.983      24.0     5.107     -3.73                                        
  5962.985 607.01214     1.893    -3.836               7.724          0903Pd0715
  5963.000 106.00112     2.222    -4.240               3.464            AX25Q215
  5963.013      59.0     1.082      0.13                                        
  5963.042 112.00124     0.516    -2.242               1.340           13R103b24
  5963.055      26.0     3.639     -3.89                                        
  5963.100 106.00113     2.217    -4.240               3.464            AX25Q215
  5963.101 607.01314     0.560    -2.711               7.724          0702Pb0165
  5963.105 607.01214     3.036    -3.135               7.724          2113Qb0025
  5963.115 112.00124     0.554    -1.731               1.340           13Q208b24
  5963.127 607.01214     3.036    -3.493               7.724          2113Pd0035
  5963.182 112.00124     0.554    -4.512               1.340           13P108b24
  5963.184 106.00112     2.010    -4.598               3.464            AX36R115
  5963.188      22.0     3.110     -3.25                                        
  5963.225 607.01314     0.659    -2.376               7.724          0702Ra0275
  5963.230      62.1     1.515     -1.18                              Lawler06  
  5963.239      26.0     2.221     -4.89                                        
  5963.243 607.01314     0.585    -3.345               7.724          0702Rc0195
  5963.277      25.1     6.663     -1.95                                        
  5963.293 607.01314     0.585    -2.260               7.724          0702Qa0205
  5963.313 607.01214     2.392    -3.012               7.724          1710Pb0055
  5963.319      26.0     5.337     -2.89                                        
  5963.336      58.0     0.206     -1.45                                        
  5963.350      22.0     3.111     -1.86                                        
  5963.376 106.00112     2.010    -4.601               3.464            AX36R125
  5963.423 607.01214     3.035    -3.855               7.724          2113Pb0015
  5963.426      27.0     4.471     -0.73                                        
  5963.431 106.00112     2.010    -6.202               3.464            AX36Q125
  5963.447      26.0     1.607     -8.67                                        
  5963.592 607.01214     2.428    -2.446               7.724          1710Rb0135
  5963.619 607.01214     2.428    -2.761               7.724          1710Qd0145
  5963.635 607.01214     3.049    -2.886               7.724          2113Rb0075
  5963.638 607.01214     1.613    -2.171               7.724          1206Pb0245
  5963.659 607.01314     0.613    -3.094               7.724          0500Pb0515
  5963.689 607.01214     3.049    -2.957               7.724          2113Qd0085
  5963.725      63.0     1.911     -0.15                                        
  5963.784 607.01214     2.402    -2.418               7.724          1710Qb0085
  5963.829 607.01214     2.402    -3.067               7.724          1710Pd0095
  5963.838 112.00124     0.554    -4.507               1.340           13R208b24
  5963.845 607.01314     1.505    -2.373               7.724          1206Pb0165
  5963.905 112.00124     0.554    -1.677               1.340           13Q108b24
  5963.909 607.01214     2.390    -2.782               7.724          1710Ra0055
  5963.915 607.01214     0.740    -3.079               7.724          0500Pb0555
  5963.928 607.01214     2.392    -2.721               7.724          1710Ra0065
  5963.935 607.01214     0.842    -2.248               7.724          0702Rb0375
  5963.962 607.01314     0.545    -3.095               7.724          0702Qc0145
  5963.968 607.01314     0.604    -2.235               7.724          0702Qb0215
  5963.985       6.0     8.641     -2.80                                        
  5963.999 607.01314     0.545    -2.772               7.724          0702Pa0155
  5964.004 607.01214     1.602    -2.813               7.724          1206Qc0235
  5964.023 607.01314     0.604    -3.388               7.724          0702Pd0225
  5964.032 607.01214     0.842    -3.342               7.724          0702Qd0385
  5964.061 607.01214     1.602    -2.182               7.724          1206Pa0245
  5964.098 607.01214     0.689    -3.696               7.724          0601Qc0425
  5964.133 607.01214     2.387    -2.850               7.724          1710Ra0045
  5964.141 607.01314     2.284    -2.817               7.724          1609Qc0275
  5964.165 607.01214     0.960    -2.422               7.724          0601Rb0545
  5964.181 607.01214     2.395    -2.666               7.724          1710Ra0075
  5964.198 607.01314     2.284    -2.117               7.724          1609Pa0285
  5964.209 607.01214     0.689    -2.598               7.724          0601Pa0435
  5964.306 607.01214     0.960    -3.750               7.724          0601Qd0555
  5964.363      20.0     5.581     -4.47                                        
  5964.439 607.01214     3.038    -2.995               7.724          2113Qb0035
  5964.458      66.0     1.238     -0.72                                        
  5964.467 607.01214     3.038    -3.405               7.724          2113Pd0045
  5964.468 607.01314     1.491    -2.739               7.724          1206Qc0145
  5964.470      22.0     3.125     -1.63                                        
  5964.503 607.01314     1.491    -2.434               7.724          1206Pa0155
  5964.522      25.1     6.180     -3.60                                        
  5964.543      23.1     6.674     -2.80                                        
  5964.578      24.0     3.008     -2.04                                        
  5964.600 607.01214     2.386    -2.925               7.724          1710Ra0035
  5964.619      58.0     0.670     -1.13                                        
  5964.676 607.01214     2.398    -2.615               7.724          1710Ra0085
  5964.739   23.0051     1.194    -4.155                                 KURHFS 
  5964.745   23.0051     1.194    -4.134                                 KURHFS 
  5964.745   23.0051     1.194    -4.611                                 KURHFS 
  5964.754   23.0051     1.194    -4.134                                 KURHFS 
  5964.754   23.0051     1.194    -4.280                                 KURHFS 
  5964.765   23.0051     1.194    -3.813                                 KURHFS 
  5964.765 106.00112     2.683    -7.737               3.464            AX03Q345
  5964.765 607.01214     3.090    -3.276               7.724          2113Rd0165
  5964.794 106.00112     2.010    -4.598               3.464            AX36R115
  5964.802      22.0     3.111     -1.13                                        
  5964.821      25.0     5.668     -3.61                                        
  5964.842      20.0     5.581     -4.74                                        
  5964.845   27.0059     3.512    -3.719                                 KURHFS 
  5964.845   27.0059     3.512    -3.786                                 KURHFS 
  5964.845   27.0059     3.512    -4.418                                 KURHFS 
  5964.865   27.0059     3.512    -3.523                                 KURHFS 
  5964.865   27.0059     3.512    -3.523                                 KURHFS 
  5964.865   27.0059     3.512    -4.263                                 KURHFS 
  5964.884 106.00112     2.010    -4.601               3.464            AX36R125
  5964.889 106.00112     2.683    -4.780               3.464            AX03P355
  5964.894   27.0059     3.512    -3.319                                 KURHFS 
  5964.894   27.0059     3.512    -3.418                                 KURHFS 
  5964.894   27.0059     3.512    -4.263                                 KURHFS 
  5964.905 607.01314     0.497    -3.929               7.724          0601Pc0325
  5964.932   27.0059     3.512    -3.149                                 KURHFS 
  5964.932   27.0059     3.512    -3.371                                 KURHFS 
  5964.932   27.0059     3.512    -4.360                                 KURHFS 
  5964.939 106.00112     2.010    -6.181               3.464            AX36Q125
  5964.980   27.0059     3.512    -3.003                                 KURHFS 
  5964.980   27.0059     3.512    -3.377                                 KURHFS 
  5964.980   27.0059     3.512    -4.564                                 KURHFS 
  5964.982 112.00124     0.395    -4.133               1.340           02R108b24
  5964.988      22.1     1.891     -4.70                                        
  5965.038   27.0059     3.512    -2.874                                 KURHFS 
  5965.038   27.0059     3.512    -3.450                                 KURHFS 
  5965.038   27.0059     3.512    -4.962                                 KURHFS 
  5965.078 607.01214     3.052    -2.827               7.724          2113Rb0085
  5965.099      26.0     5.368     -4.19                                        
  5965.105   27.0059     3.512    -2.758                                 KURHFS 
  5965.105   27.0059     3.512    -3.661                                 KURHFS 
  5965.114 607.01214     2.490    -3.162               7.724          1710Rd0225
  5965.138 607.01214     3.052    -2.941               7.724          2113Qd0095
  5965.154 106.00112     2.683    -4.765               3.464            AX03P345
  5965.182   27.0059     3.512    -2.653                                 KURHFS 
  5965.233 607.01314     2.296    -2.108               7.724          1609Pb0285
  5965.258 112.00124     0.722    -1.614               1.340           13P218b24
  5965.291 607.01314     1.473    -3.145               7.724          1206Pc0115
  5965.303 607.01214     2.384    -3.010               7.724          1710Ra0025
  5965.317      22.0     3.407     -3.41                                        
  5965.341 607.01214     1.893    -3.780               7.724          0903Rc0705
  5965.407 607.01214     1.148    -4.132               7.724          0601Rd0625
  5965.413 607.01214     2.402    -2.569               7.724          1710Ra0095
  5965.465 607.01214     0.817    -2.210               7.724          0601Qb0485
  5965.469      26.0     4.227     -2.95                                        
  5965.469      26.0     5.353     -3.07                                        
  5965.504 607.01214     3.036    -3.579               7.724          2113Pb0025
  5965.515 607.01214     1.893    -1.764               7.724          0903Qa0715
  5965.521   27.0059     3.710    -3.787                                 KURHFS 
  5965.521   27.0059     3.710    -4.042                                 KURHFS 
  5965.521   27.0059     3.710    -4.072                                 KURHFS 
  5965.539   27.0059     3.710    -3.599                                 KURHFS 
  5965.539   27.0059     3.710    -3.654                                 KURHFS 
  5965.539   27.0059     3.710    -4.042                                 KURHFS 
  5965.566   27.0059     3.710    -3.399                                 KURHFS 
  5965.566   27.0059     3.710    -3.508                                 KURHFS 
  5965.566   27.0059     3.710    -4.093                                 KURHFS 
  5965.580 607.01214     0.730    -3.496               7.724          0702Rc0305
  5965.591 607.01214     0.817    -4.004               7.724          0601Pd0495
  5965.602   27.0059     3.710    -3.201                                 KURHFS 
  5965.602   27.0059     3.710    -3.486                                 KURHFS 
  5965.602   27.0059     3.710    -4.218                                 KURHFS 
  5965.621 607.01214     1.741    -3.544               7.724          0903Qc0655
  5965.646   27.0059     3.710    -3.037                                 KURHFS 
  5965.646   27.0059     3.710    -3.540                                 KURHFS 
  5965.646   27.0059     3.710    -4.440                                 KURHFS 
  5965.660 607.01214     0.730    -2.060               7.724          0702Qa0315
  5965.691      26.0     3.265     -6.85                                        
  5965.696 607.01214     1.661    -3.085               7.724          1206Rc0285
  5965.700   27.0059     3.710    -2.896                                 KURHFS 
  5965.700   27.0059     3.710    -3.736                                 KURHFS 
  5965.700   27.0059     3.710    -4.850                                 KURHFS 
  5965.704      24.0     3.844     -3.93                                        
  5965.746      62.1     1.261     -1.47                                        
  5965.758 112.00124     0.722    -3.789               1.340           13Q218b24
  5965.764 607.01214     1.661    -1.752               7.724          1206Qa0295
  5965.767 607.01314     1.529    -2.989               7.724          1206Rc0195
  5965.784 607.01214     1.741    -2.137               7.724          0903Pa0665
  5965.810 607.01314     0.527    -3.500               7.724          0702Pc0115
  5965.814 607.01314     1.529    -1.925               7.724          1206Qa0205
  5965.828      22.0     1.878     -0.41                                        
  5965.842      74.0     2.351     -1.16                                        
  5965.862 106.00112     1.780    -2.410               3.464            BX13R225
  5965.871      20.0     5.574     -3.31                                        
  5965.894 112.00124     0.722    -1.586               1.340           13P118b24
  5965.894 607.01314     0.684    -2.368               7.724          0702Rb0285
  5965.965 607.01314     0.684    -3.177               7.724          0702Qd0295
  5965.987 607.01214     3.040    -2.883               7.724          2113Qb0045
  5965.989      26.0     4.952     -1.76                                        
  5965.992 106.00112     1.780    -6.833               3.464            BX13Q235
  5966.021 607.01214     3.040    -3.343               7.724          2113Pd0055
  5966.035   63.1153     1.249    -1.626                              Law01HFSIS
  5966.039   63.1151     1.249    -1.626                              Law01HFSIS
  5966.039   63.1153     1.249    -2.638                              Law01HFSIS
  5966.041   63.1153     1.249    -3.958                              Law01HFSIS
  5966.044   63.1151     1.249    -2.638                              Law01HFSIS
  5966.048   63.1151     1.249    -3.964                              Law01HFSIS
  5966.050   63.1153     1.249    -1.746                              Law01HFSIS
  5966.051   63.1153     1.249    -2.455                              Law01HFSIS
  5966.052   63.1153     1.249    -3.618                              Law01HFSIS
  5966.057   63.1153     1.249    -1.877                              Law01HFSIS
  5966.057   63.1153     1.249    -2.421                              Law01HFSIS
  5966.057   63.1153     1.249    -3.507                              Law01HFSIS
  5966.058   63.1153     1.249    -3.618                              Law01HFSIS
  5966.059   63.1153     1.249    -2.023                              Law01HFSIS
  5966.059   63.1153     1.249    -2.186                              Law01HFSIS
  5966.059   63.1153     1.249    -2.362                              Law01HFSIS
  5966.059   63.1153     1.249    -2.480                              Law01HFSIS
  5966.059   63.1153     1.249    -2.663                              Law01HFSIS
  5966.061   63.1151     1.249    -1.746                              Law01HFSIS
  5966.065   63.1151     1.249    -2.455                              Law01HFSIS
  5966.067   63.1151     1.249    -3.619                              Law01HFSIS
  5966.077   63.1151     1.249    -1.877                              Law01HFSIS
  5966.079   63.1151     1.249    -2.421                              Law01HFSIS
  5966.081   63.1151     1.249    -3.507                              Law01HFSIS
  5966.085      24.0     4.851     -2.45                                        
  5966.088   63.1151     1.249    -2.023                              Law01HFSIS
  5966.088 607.01214     2.434    -2.411               7.724          1710Rb0145
  5966.090   63.1151     1.249    -2.480                              Law01HFSIS
  5966.091   63.1151     1.249    -3.619                              Law01HFSIS
  5966.096   63.1151     1.249    -2.186                              Law01HFSIS
  5966.097   63.1151     1.249    -2.663                              Law01HFSIS
  5966.100   63.1151     1.249    -2.362                              Law01HFSIS
  5966.117 607.01214     2.434    -2.761               7.724          1710Qd0155
  5966.133 607.01214     0.616    -4.709               7.724          0500Pc0505
  5966.143 607.01314     0.503    -4.634               7.724          0500Pc0465
  5966.180 106.00112     1.780    -2.041               3.464            BX13R235
  5966.185      58.0     0.719     -0.54                                        
  5966.214 607.01214     2.406    -2.361               7.724          1710Qb0095
  5966.215 607.01214     2.395    -2.923               7.724          1710Pb0065
  5966.244 607.01214     2.384    -3.105               7.724          1710Ra0015
  5966.261      26.0     4.577     -3.25                                        
  5966.292 607.01214     2.406    -3.053               7.724          1710Pd0105
  5966.301      24.0     4.201     -4.26                                        
  5966.331      58.0     0.731     -0.32                                        
  5966.340 106.00113     2.664    -3.206               3.464            AX53R355
  5966.386 607.01214     2.406    -2.526               7.724          1710Ra0105
  5966.444 106.00112     2.399    -4.310               3.464            AX36Q215
  5966.475 607.01314     2.939    -2.895               7.724          2012Qc0285
  5966.502 607.01214     1.674    -1.751               7.724          1206Qb0295
  5966.513 106.00112     2.399    -7.210               3.464            AX36R205
  5966.519      24.1     6.681     -3.37                                        
  5966.548 607.01314     2.940    -2.201               7.724          2012Pa0295
  5966.560 106.00113     1.452    -6.496               3.464            BX14P105
  5966.563 607.01214     0.745    -2.062               7.724          0702Qb0315
  5966.573 607.01214     1.674    -3.121               7.724          1206Pd0305
  5966.601      27.0     5.193     -2.46                                        
  5966.634 106.00112     2.399    -6.409               3.464            AX36P215
  5966.645 607.01214     0.745    -3.495               7.724          0702Pd0325
  5966.667 112.00124     0.858    -1.763               1.340           02P228b24
  5966.704 106.00112     2.399    -4.259               3.464            AX36Q205
  5966.742 607.01214     3.057    -2.774               7.724          2113Rb0095
  5966.770 106.00113     1.827    -4.709               3.464            AX25R135
  5966.808 607.01214     3.057    -2.928               7.724          2113Qd0105
  5966.845 106.00113     1.827    -4.707               3.464            AX25R145
  5966.865      24.0     4.201     -3.86                                        
  5966.962 106.00113     1.827    -6.439               3.464            AX25Q145
  5966.965 607.01314     0.594    -3.352               7.724          0702Rc0205
  5966.978      23.1     6.708     -3.96                                        
  5966.999 607.01314     1.547    -1.900               7.724          1206Qb0215
  5967.017 607.01314     0.594    -2.236               7.724          0702Qa0215
  5967.050 607.01314     1.547    -3.028               7.724          1206Pd0225
  5967.054 607.01214     3.097    -3.281               7.724          2113Rd0175
  5967.070 607.01214     0.740    -4.377               7.724          0500Qc0555
  5967.073 607.01214     0.664    -3.186               7.724          0702Qc0255
  5967.083 106.00113     2.336    -6.387               3.464            AX36P205
  5967.107 607.01314     0.613    -4.308               7.724          0500Qc0515
  5967.114      63.0     1.667      0.33                                        
  5967.115 112.00124     0.858    -4.382               1.340           02Q228b24
  5967.136 106.00112     1.568    -3.775               3.464            BX14P135
  5967.140 607.01214     0.664    -2.489               7.724          0702Pa0265
  5967.214 112.00124     0.512    -2.397               1.340           13R202b24
  5967.215 607.01214     0.740    -3.072               7.724          0500Pa0565
  5967.223 607.01314     0.671    -2.359               7.724          0702Ra0285
  5967.234 112.00124     0.512    -3.314               1.340           13Q102b24
  5967.238 607.01314     0.613    -3.087               7.724          0500Pa0525
  5967.239 106.00112     1.568    -7.549               3.464            BX14Q135
  5967.245 112.00124     0.544    -1.793               1.340           13Q207b24
  5967.267      25.1     6.181     -5.48                                        
  5967.294 112.00124     0.593    -1.764               1.340           02Q219b24
  5967.304 112.00124     0.544    -4.466               1.340           13P107b24
  5967.306      65.1     1.395     -0.40                                        
  5967.313 112.00124     0.858    -1.746               1.340           02P128b24
  5967.414 607.01214     0.676    -2.477               7.724          0702Pb0265
  5967.427 607.01214     0.960    -2.410               7.724          0601Ra0555
  5967.433 607.01214     2.383    -3.204               7.724          1710Ra0005
  5967.446 112.00124     0.593    -5.358               1.340           02P119b24
  5967.481 106.00112     1.568    -3.707               3.464            BX14P145
  5967.588 106.00113     2.730    -9.055               3.464            AX15R305
  5967.599 607.01214     2.411    -2.486               7.724          1710Ra0115
  5967.619 112.00124     0.593    -5.357               1.340           02R219b24
  5967.658 607.01314     0.568    -2.679               7.724          0702Pb0175
  5967.663 607.01214     0.842    -2.234               7.724          0702Ra0385
  5967.749 607.01214     3.043    -2.789               7.724          2113Qb0055
  5967.771 112.00124     0.593    -1.742               1.340           02Q119b24
  5967.783      23.1     2.554     -2.75                                        
  5967.790 607.01214     3.043    -3.296               7.724          2113Pd0065
  5967.790 607.01314     0.552    -3.096               7.724          0702Qc0155
  5967.800 607.01214     3.038    -3.404               7.724          2113Pb0035
  5967.820      59.1     1.195     -0.62                                LINOHFS 
  5967.830 607.01314     0.552    -2.735               7.724          0702Pa0165
  5967.863      24.0     4.096     -4.21                                        
  5967.895      26.0     4.206     -4.21                                        
  5967.923      22.0     2.304     -6.32                                        
  5967.992 607.01314     2.251    -3.142               7.724          1609Pc0245
  5968.000 607.01314     0.760    -2.705               7.724          0500Qb0575
  5968.028      22.0     2.332     -4.42                                        
  5968.030 106.00113     2.337    -4.223               3.464            AX36Q195
  5968.059 112.00124     0.544    -4.459               1.340           13R207b24
  5968.060      58.1     1.785     -1.00                              Lawler09  
  5968.119 112.00124     0.544    -1.731               1.340           13Q107b24
  5968.146 607.01314     0.760    -4.614               7.724          0500Pd0585
  5968.154 607.01214     0.619    -3.535               7.724          0702Pc0215
  5968.185 106.00113     2.336    -4.260               3.464            AX36Q205
  5968.209   21.0045     3.630    -0.940                                 KURHFS 
  5968.211   21.0045     3.630    -0.857                                 KURHFS 
  5968.211   21.0045     3.630    -1.665                                 KURHFS 
  5968.213   21.0045     3.630    -0.771                                 KURHFS 
  5968.213   21.0045     3.630    -1.447                                 KURHFS 
  5968.213   21.0045     3.630    -2.878                                 KURHFS 
  5968.216   21.0045     3.630    -0.687                                 KURHFS 
  5968.216   21.0045     3.630    -1.353                                 KURHFS 
  5968.216   21.0045     3.630    -2.644                                 KURHFS 
  5968.219   21.0045     3.630    -0.606                                 KURHFS 
  5968.219   21.0045     3.630    -1.321                                 KURHFS 
  5968.219   21.0045     3.630    -2.598                                 KURHFS 
  5968.223   21.0045     3.630    -0.528                                 KURHFS 
  5968.223   21.0045     3.630    -1.341                                 KURHFS 
  5968.223   21.0045     3.630    -2.665                                 KURHFS 
  5968.227   21.0045     3.630    -0.454                                 KURHFS 
  5968.227   21.0045     3.630    -1.428                                 KURHFS 
  5968.227   21.0045     3.630    -2.848                                 KURHFS 
  5968.232   21.0045     3.630    -0.384                                 KURHFS 
  5968.232   21.0045     3.630    -1.651                                 KURHFS 
  5968.232   21.0045     3.630    -3.230                                 KURHFS 
  5968.241 607.01214     1.571    -3.150               7.724          1206Pc0205
  5968.251      26.1     5.906     -4.04                                        
  5968.255      24.0     5.460     -3.85                                        
  5968.263 607.01214     2.500    -3.170               7.724          1710Rd0235
  5968.275      24.1     6.636     -3.30                                        
  5968.295 607.01314     2.951    -2.190               7.724          2012Pb0295
  5968.298      26.0     4.952     -2.69                                        
  5968.306 607.01314     0.614    -2.212               7.724          0702Qb0225
  5968.335      22.0     3.087     -3.80                                        
  5968.363 607.01314     0.614    -3.396               7.724          0702Pd0235
  5968.407      63.0     2.432     -0.42                                        
  5968.429 112.00124     0.508    -2.916               1.340           13R100b24
  5968.440 607.01314     1.498    -2.741               7.724          1206Qc0155
  5968.443 607.01214     1.082    -2.905               7.724          0500Rb0675
  5968.450      25.1     4.753     -4.73                                        
  5968.466      42.0     3.441     -2.60                                        
  5968.473   21.0045     3.630    -1.573                                 KURHFS 
  5968.473   21.0045     3.630    -2.143                                 KURHFS 
  5968.475   21.0045     3.630    -1.547                                 KURHFS 
  5968.475   21.0045     3.630    -1.922                                 KURHFS 
  5968.475   21.0045     3.630    -2.143                                 KURHFS 
  5968.477   21.0045     3.630    -1.466                                 KURHFS 
  5968.477   21.0045     3.630    -1.825                                 KURHFS 
  5968.477   21.0045     3.630    -1.922                                 KURHFS 
  5968.477 607.01314     1.498    -2.398               7.724          1206Pa0165
  5968.479   21.0045     3.630    -1.361                                 KURHFS 
  5968.479   21.0045     3.630    -1.790                                 KURHFS 
  5968.479   21.0045     3.630    -1.825                                 KURHFS 
  5968.483   21.0045     3.630    -1.248                                 KURHFS 
  5968.483   21.0045     3.630    -1.790                                 KURHFS 
  5968.483   21.0045     3.630    -1.808                                 KURHFS 
  5968.486   21.0045     3.630    -1.134                                 KURHFS 
  5968.486   21.0045     3.630    -1.808                                 KURHFS 
  5968.486   21.0045     3.630    -1.892                                 KURHFS 
  5968.491   21.0045     3.630    -1.023                                 KURHFS 
  5968.491   21.0045     3.630    -1.892                                 KURHFS 
  5968.491   21.0045     3.630    -2.113                                 KURHFS 
  5968.495   21.0045     3.630    -0.916                                 KURHFS 
  5968.495   21.0045     3.630    -2.113                                 KURHFS 
  5968.517      23.1     3.755     -7.04                                        
  5968.563 607.01314     1.512    -2.341               7.724          1206Pb0175
  5968.619 607.01214     1.082    -4.402               7.724          0500Qd0685
  5968.628 607.01214     3.061    -2.726               7.724          2113Rb0105
  5968.646 607.01214     2.384    -3.026               7.724          1710Qa0025
  5968.646 607.01214     2.384    -3.279               7.724          1710Qa0015
  5968.676      68.0     1.158     -0.62                                        
  5968.700 607.01314     2.906    -3.231               7.724          2012Pc0255
  5968.701 607.01214     3.061    -2.920               7.724          2113Qd0115
  5968.734 607.01214     2.384    -3.250               7.724          1710Rc0005
  5968.740 607.01214     2.384    -3.196               7.724          1710Rc0015
  5968.775      26.0     5.344     -3.94                                        
  5968.795      24.0     2.707     -5.55                                        
  5968.796 607.01214     2.441    -2.379               7.724          1710Rb0155
  5968.806 607.01214     2.411    -2.309               7.724          1710Qb0105
  5968.812 607.01214     0.817    -3.955               7.724          0601Rc0485
  5968.827 607.01214     2.441    -2.762               7.724          1710Qd0165
  5968.830      62.1     1.461     -1.15                              Lawler06  
  5968.894 112.00124     1.435    -2.208               1.340           03Q240b24
  5968.910 607.01214     2.386    -2.865               7.724          1710Qa0035
  5968.915 106.00113     1.827    -4.707               3.464            AX25R145
  5968.922 112.00124     0.512    -2.343               1.340           13R102b24
  5968.938 607.01214     0.817    -2.200               7.724          0601Qa0495
  5968.957 106.00113     1.827    -4.709               3.464            AX25R135
  5968.958 607.01214     2.411    -3.043               7.724          1710Pd0115
  5968.991 607.01214     2.386    -3.146               7.724          1710Rc0025
  5969.017 106.00113     1.827    -6.416               3.464            AX25Q145
  5969.049 607.01214     2.416    -2.450               7.724          1710Ra0125
  5969.066      24.1     4.039     -4.76                                        
  5969.085 112.00124     1.435    -5.552               1.340           03P140b24
  5969.132 106.00113     2.337    -7.036               3.464            AX36R195
  5969.138      22.0     3.125     -1.05                                        
  5969.149 607.01214     0.903    -2.690               7.724          0500Qb0615
  5969.165 112.00124     1.435    -5.577               1.340           03R240b24
  5969.203      22.0     3.866     -3.04                                        
  5969.310 607.01214     0.903    -4.678               7.724          0500Pd0625
  5969.316 607.01214     2.398    -2.845               7.724          1710Pb0075
  5969.319       6.0     7.940     -3.75                                        
  5969.356 112.00124     1.435    -2.197               1.340           03Q140b24
  5969.391      26.0     4.581     -4.14                                        
  5969.414 607.01214     2.387    -2.743               7.724          1710Qa0045
  5969.419 112.00124     0.450    -2.295               1.340           02R212b24
  5969.476      62.0     1.696     -0.36                                        
  5969.487 607.01214     2.387    -3.106               7.724          1710Rc0035
  5969.522 112.00124     0.450    -4.319               1.340           02Q112b24
  5969.542      26.1     2.690     -8.86                                        
  5969.562      26.0     4.280     -2.73                                        
  5969.573 607.01214     3.104    -3.286               7.724          2113Rd0185
  5969.637 607.01314     1.478    -3.132               7.724          1206Pc0125
  5969.671 106.00113     1.698    -4.981               3.464            AX14R165
  5969.690 106.00113     1.698    -4.982               3.464            AX14R175
  5969.724 607.01214     0.710    -2.595               7.724          0601Pb0435
  5969.727 607.01214     3.045    -2.708               7.724          2113Qb0065
  5969.753 607.01314     1.538    -2.996               7.724          1206Rc0205
  5969.765      75.0     3.303     -0.91                                        
  5969.775 607.01214     3.045    -3.261               7.724          2113Pd0075
  5969.802 607.01314     1.538    -1.902               7.724          1206Qa0215
  5969.829 106.00113     2.094    -7.381               3.464            AX14R235
  5969.845 106.00113     1.698    -6.830               3.464            AX14Q175
  5969.893      23.1     2.555     -3.61                                        
  5969.909 106.00112     1.877    -6.743               3.464            AX36R075
  5969.926 106.00113     2.094    -4.433               3.464            AX14Q245
  5969.993      25.1     6.640     -5.11                                        
  5970.048      15.0     8.109     -4.03                                        
  5970.059 106.00113     2.094    -4.432               3.464            AX14Q235
  5970.073 112.00124     0.450    -2.268               1.340           02R112b24
  5970.074      38.0     2.688     -0.69                                        
  5970.080 106.00112     1.233    -2.345               3.464            BX10R275
  5970.107      23.1     3.755     -5.18                                        
  5970.107 607.01314     0.533    -3.489               7.724          0702Pc0125
  5970.112 607.01214     1.613    -2.821               7.724          1206Qc0245
  5970.139 112.00124     1.031    -3.763               1.340           13P229b24
  5970.151 607.01214     1.624    -2.151               7.724          1206Pb0255
  5970.156 106.00113     2.094    -6.757               3.464            AX14P245
  5970.160 607.01214     2.390    -2.644               7.724          1710Qa0055
  5970.171 607.01214     1.613    -2.161               7.724          1206Pa0255
  5970.227 607.01214     2.390    -3.074               7.724          1710Rc0045
  5970.240 106.00113     1.486    -7.604               3.464            AX14R125
  5970.282 106.00112     1.832    -4.708               3.464            AX25R135
  5970.310 607.01214     3.040    -3.272               7.724          2113Pb0045
  5970.338 607.01214     0.860    -2.235               7.724          0702Rb0385
  5970.406 106.00112     1.832    -4.706               3.464            AX25R145
  5970.419 607.01314     0.697    -2.351               7.724          0702Rb0295
  5970.437 607.01214     0.860    -3.355               7.724          0702Qd0395
  5970.453 106.00112     1.877    -6.720               3.464            AX36R075
  5970.456      24.0     3.847     -2.94                                        
  5970.493 607.01314     0.697    -3.185               7.724          0702Qd0305
  5970.502 106.00112     1.832    -6.439               3.464            AX25Q145
  5970.504 106.00112     2.055    -7.935               3.464            AX03R265
  5970.542 106.00112     2.591    -9.609               3.464            AX04R315
  5970.605 607.01214     0.613    -4.023               7.724          0601Pc0385
  5970.625 106.00112     2.055    -4.836               3.464            AX03Q275
  5970.630      24.0     3.844     -3.38                                        
  5970.691      24.0     4.452     -1.06                                        
  5970.738 607.01214     3.066    -2.682               7.724          2113Rb0115
  5970.739 607.01214     2.422    -2.415               7.724          1710Ra0135
  5970.756       6.0     7.940     -4.57                                        
  5970.765      24.0     3.102     -4.07                                        
  5970.776      22.0     3.332     -2.66                                        
  5970.784 106.00113     2.338    -6.363               3.464            AX36P205
  5970.810      24.0     3.011     -3.26                                        
  5970.817 106.00112     2.055    -4.850               3.464            AX03Q265
  5970.818 607.01214     3.066    -2.914               7.724          2113Qd0125
  5970.841 112.00124     0.535    -1.865               1.340           13Q206b24
  5970.883 607.01314     0.604    -3.360               7.724          0702Rc0215
  5970.892 112.00124     0.535    -4.417               1.340           13P106b24
  5970.936 112.00124     0.700    -1.649               1.340           13P217b24
  5970.937 607.01314     0.604    -2.214               7.724          0702Qa0225
  5970.938 106.00112     2.055    -7.247               3.464            AX03P275
  5970.951      22.0     3.705     -3.30                                        
  5970.955 607.01314     0.760    -4.557               7.724          0500Rc0575
  5970.966 106.00112     2.100    -7.381               3.464            AX14R235
