a line list in the range:    5189.00   5201.00
  5189.044 607.01314     0.035    -4.307               7.724          0600Rb0115
  5189.045 106.00112     1.568    -6.422               3.464            AX24R145
  5189.067 607.01314     0.035    -4.588               7.724          0600Qd0125
  5189.070 607.01314     0.924    -2.883               7.724          1003Pb0285
  5189.105 607.01214     2.434    -3.292               7.724          1910Pc0145
  5189.110      22.0     0.825     -5.19                                        
  5189.116 607.01214     0.247    -3.827               7.724          0600Rb0315
  5189.120 607.01214     1.070    -2.539               7.724          1104Qb0175
  5189.146      26.0     4.952     -2.07                                        
  5189.154 607.01214     1.070    -3.569               7.724          1104Pd0185
  5189.180 607.01214     0.247    -4.747               7.724          0600Qd0325
  5189.186      41.0     0.130     -1.37                                        
  5189.206 607.01314     2.440    -3.247               7.724          1910Rd0225
  5189.208      24.0     5.240     -2.56                                        
  5189.226 607.01314     2.906    -2.943               7.724          2212Qc0255
  5189.263      58.0     1.162      0.12                                        
  5189.276 607.01314     2.906    -2.329               7.724          2212Pa0265
  5189.278 112.00124     0.206    -1.590               1.340           11P206b24
  5189.290 607.01314     2.339    -3.293               7.724          1910Qc0025
  5189.290 607.01314     2.339    -3.648               7.724          1910Pa0035
  5189.310      23.0     1.891     -4.48                                        
  5189.449 607.01214     0.164    -3.665               7.724          0600Qb0255
  5189.490 607.01214     1.054    -3.522               7.724          1104Rc0155
  5189.501 607.01214     0.164    -4.971               7.724          0600Pd0265
  5189.521 607.01214     1.054    -2.571               7.724          1104Qa0165
  5189.554 607.01214     1.107    -2.666               7.724          1104Ra0225
  5189.566 106.00112     1.978    -3.573               3.464            AX24R225
  5189.575 607.01314     1.719    -2.379               7.724          1507Qb0145
  5189.578      22.0     2.238     -1.19                                 LAWLER 
  5189.600 607.01314     1.719    -3.263               7.724          1507Pd0155
  5189.624 607.01314     2.355    -2.915               7.724          1910Pb0085
  5189.641      23.0     3.957     -2.96                                        
  5189.656 607.01314     1.757    -2.494               7.724          1507Rb0195
  5189.671 106.00113     1.329    -6.730               3.464            AX13R155
  5189.673      24.0     3.886     -4.13                                        
  5189.677      90.1     2.514     -0.82                                        
  5189.689 607.01314     1.757    -3.010               7.724          1507Qd0205
  5189.698 106.00112     1.978    -5.681               3.464            AX24Q225
  5189.711 106.00113     1.140    -7.203               3.464            AX02R175
  5189.749 106.00112     1.978    -3.593               3.464            AX24R215
  5189.749 607.01314     2.348    -2.625               7.724          1910Qa0075
  5189.761 607.01314     2.348    -3.155               7.724          1910Rc0065
  5189.778 607.01314     2.374    -2.549               7.724          1910Ra0135
  5189.792      25.0     4.422     -1.38                                        
  5189.841 607.01314     1.684    -3.078               7.724          1507Qc0075
  5189.846 607.01314     0.009    -4.428               7.724          0600Qb0055
  5189.855 607.01314     1.684    -3.090               7.724          1507Pa0085
  5189.858 607.01314     0.009    -4.957               7.724          0600Pd0065
  5189.866 607.01214     0.098    -4.662               7.724          0600Qc0195
  5189.885      15.0     6.949     -1.91                                        
  5189.889 607.01314     2.369    -2.401               7.724          1910Qb0115
  5189.890 607.01314     1.702    -3.223               7.724          1507Rc0115
  5189.906 607.01214     0.098    -4.131               7.724          0600Pa0205
  5189.910 607.01214     1.013    -3.771               7.724          1104Pc0085
  5189.911 607.01314     1.702    -2.459               7.724          1507Qa0125
  5189.911 607.01314     2.369    -3.154               7.724          1910Pd0125
  5189.916 607.01214     0.152    -4.926               7.724          0600Rc0245
  5189.920 607.01214     2.543    -2.252               7.724          1910Rb0265
  5189.922 607.01214     1.107    -2.982               7.724          0902Pb0505
  5189.959 607.01214     2.543    -2.963               7.724          1910Qd0275
  5189.965      23.0     3.275     -2.25                                        
  5189.966 607.01214     0.152    -3.666               7.724          0600Qa0255
  5190.037 607.01314     0.124    -4.981               7.724          0600Rd0235
  5190.068 607.01214     2.532    -2.241               7.724          1910Ra0265
  5190.072 607.01214     2.456    -2.920               7.724          1910Qc0175
  5190.098 112.00124     0.977    -3.293               1.340           01R135b24
  5190.098 607.01214     2.456    -2.516               7.724          1910Pa0185
  5190.113      23.1     3.755     -2.67                                        
  5190.181 112.00124     0.001    -0.959               1.340           00Q201b24
  5190.181 112.00124     0.001    -1.260               1.340           00P101h24
  5190.197 112.00125     0.001    -1.260               1.340           00P101h25
  5190.207 112.00126     0.001    -1.260               1.340           00P101h26
  5190.257 607.01314     2.917    -2.318               7.724          2212Pb0265
  5190.296      25.0     5.407     -2.88                                        
  5190.303 607.01314     0.041    -4.266               7.724          0600Rb0125
  5190.328 607.01314     0.041    -4.586               7.724          0600Qd0135
  5190.339 607.01314     1.678    -3.658               7.724          1507Pc0055
  5190.415 607.01314     1.741    -2.501               7.724          1507Ra0185
  5190.415 607.01314     2.341    -3.176               7.724          1910Qc0035
  5190.415 607.01314     2.341    -3.439               7.724          1910Pa0045
  5190.424      15.0     6.954     -1.92                              NIST/E    
  5190.430      62.1     0.543     -2.42                              Lawler06  
  5190.439      25.0     4.422     -1.56                                        
  5190.459 607.01214     1.028    -3.306               7.724          1104Qc0115
  5190.482 607.01214     1.028    -3.102               7.724          1104Pa0125
  5190.539 112.00124     0.586     0.318               1.340           00P229h24
  5190.546 106.00112     1.716    -3.838               3.464            AX13R225
  5190.568 112.00125     0.585     0.318               1.340           00P229h25
  5190.579 112.00126     0.584     0.318               1.340           00P229h26
  5190.590 607.01314     0.004    -5.050               7.724          0600Pb0035
  5190.605 106.00112     1.716    -3.850               3.464            AX13R215
  5190.626 112.00124     0.467    -2.004               1.340           22P213b24
  5190.684      23.0     2.372     -1.62                               LAWNOHFS 
  5190.702 106.00112     1.569    -6.379               3.464            AX24R145
  5190.717 106.00112     1.716    -5.957               3.464            AX13Q225
  5190.734 106.00113     1.865   -10.475               3.464            CX05P145
  5190.765      25.0     4.422     -1.52                                        
  5190.769 106.00112     1.290    -2.796               3.464            BX13Q135
  5190.796 607.01214     1.128    -2.657               7.724          1104Rb0235
  5190.841 607.01214     1.128    -3.339               7.724          1104Qd0245
  5190.842 607.01314     1.702    -2.851               7.724          1507Pb0115
  5190.853 106.00112     1.290    -6.131               3.464            BX13R135
  5190.855 106.00112     1.290    -6.228               3.464            BX13P145
  5190.872      90.1     0.510     -2.06                              Nils02/19%
  5190.874 112.00124     0.586    -2.333               1.340           00Q229b24
  5190.885 607.01314     1.663    -3.602               7.724          1406Pc0315
  5190.888 607.01314     2.352    -2.560               7.724          1910Qa0085
  5190.913 607.01214     2.500    -2.059               7.724          1910Qb0225
  5190.939 106.00112     1.290    -2.742               3.464            BX13Q145
  5190.946 607.01214     2.500    -3.208               7.724          1910Pd0235
  5190.963 607.01214     1.139    -3.971               7.724          1003Rc0405
  5190.966 607.01314     2.352    -3.140               7.724          1910Rc0075
  5191.017 607.01314     2.339    -4.129               7.724          1910Pc0025
  5191.020 106.00113     2.364    -3.580               3.464            AX02Q345
  5191.040 607.01214     1.139    -2.380               7.724          1003Qa0415
  5191.047 112.00124     0.586     0.334               1.340           00P129h24
  5191.073 112.00125     0.585     0.334               1.340           00P129h25
  5191.080      64.1     1.597     -0.91                              DenHarto06
  5191.095 112.00126     0.585     0.334               1.340           00P129h26
  5191.153 607.01314     0.013    -4.346               7.724          0600Qb0065
  5191.167 607.01314     0.013    -4.924               7.724          0600Pd0075
  5191.206      28.0     5.276     -1.54                                        
  5191.218   23.0051     1.847    -6.969                                 KURHFS 
  5191.219      22.0     3.389     -3.80                                        
  5191.219   23.0051     1.847    -6.496                                 KURHFS 
  5191.219   23.0051     1.847    -6.684                                 KURHFS 
  5191.219   23.0051     1.847    -6.939                                 KURHFS 
  5191.219   23.0051     1.847    -6.939                                 KURHFS 
  5191.219   23.0051     1.847    -6.990                                 KURHFS 
  5191.220   23.0051     1.847    -6.405                                 KURHFS 
  5191.220   23.0051     1.847    -6.551                                 KURHFS 
  5191.220   23.0051     1.847    -7.115                                 KURHFS 
  5191.221   23.0051     1.847    -6.296                                 KURHFS 
  5191.221   23.0051     1.847    -6.383                                 KURHFS 
  5191.221   23.0051     1.847    -7.337                                 KURHFS 
  5191.223   23.0051     1.847    -6.098                                 KURHFS 
  5191.223   23.0051     1.847    -6.437                                 KURHFS 
  5191.223   23.0051     1.847    -7.747                                 KURHFS 
  5191.225   23.0051     1.847    -5.934                                 KURHFS 
  5191.225   23.0051     1.847    -6.633                                 KURHFS 
  5191.227   23.0051     1.847    -5.793                                 KURHFS 
  5191.267 106.00113     2.364    -6.250               3.464            AX02P345
  5191.287      24.0     4.443     -1.88                                        
  5191.291 607.01314     2.399    -2.477               7.724          1910Rb0165
  5191.294 106.00113     2.364    -6.684               3.464            AX02R335
  5191.315 607.01314     2.399    -2.886               7.724          1910Qd0175
  5191.320      59.1     0.422     -0.68                                        
  5191.385      26.0     3.265     -4.19                                        
  5191.413 607.01314     2.380    -2.517               7.724          1910Ra0145
  5191.416 106.00112     1.144    -7.203               3.464            AX02R175
  5191.428      24.1     3.755     -3.36                                        
  5191.440      60.1     0.204     -0.62                              DenHarto03
  5191.446 607.01214     1.361    -2.808               7.724          0902Rb0605
  5191.454      42.0     3.909     -0.23                              NIST/B    
  5191.455      26.0     3.038     -0.55                              NIST/B    
  5191.540 106.00113     2.364    -3.597               3.464            AX02Q335
  5191.562 607.01214     1.361    -4.201               7.724          0902Qd0615
  5191.587      26.1     3.195     -4.86                                        
  5191.592      40.1     1.755     -0.71                                        
  5191.625      23.1     3.796     -4.20                                        
  5191.633      58.1     0.869     -0.60                              Lawler09  
  5191.669 607.01214     2.490    -3.171               7.724          1910Rc0215
  5191.689 607.01314     1.827    -3.407               7.724          1507Rd0275
  5191.699 607.01314     0.047    -4.227               7.724          0600Rb0135
  5191.702 607.01214     2.490    -2.061               7.724          1910Qa0225
  5191.714      58.0     0.719     -0.04                                        
  5191.727 607.01314     0.047    -4.587               7.724          0600Qd0145
  5191.737 607.01314     2.343    -3.097               7.724          1910Qc0045
  5191.737 607.01314     2.343    -3.289               7.724          1910Pa0055
  5191.769 106.00113     1.330    -6.683               3.464            AX13R155
  5191.800 607.01214     1.823    -2.498               7.724          1507Pb0225
  5191.823      22.0     3.688     -2.17                                        
  5191.867 607.01314     1.688    -3.054               7.724          1507Qc0085
  5191.884      24.0     3.842     -2.82                                        
  5191.884 607.01314     1.688    -3.018               7.724          1507Pa0095
  5191.899      22.0     1.501     -4.47                                        
  5191.901 607.01314     1.707    -3.222               7.724          1507Rc0125
  5191.924 607.01314     1.707    -2.419               7.724          1507Qa0135
  5191.969 607.01314     2.449    -3.253               7.724          1910Rd0235
  5191.975 607.01214     1.068    -2.778               7.724          1003Pb0365
  5191.977 106.00112     1.915   -10.343               3.464            CX05P155
  5191.987   23.0051     2.245    -1.350                                 KURHFS 
  5191.987   23.0051     2.245    -1.827                                 KURHFS 
  5191.990   23.0051     2.245    -1.350                                 KURHFS 
  5191.990   23.0051     2.245    -1.496                                 KURHFS 
  5191.995      24.0     3.392     -0.40                                 SOBECK 
  5192.020 607.01314     0.134    -4.988               7.724          0600Rd0245
  5192.046      26.0     5.060     -2.06                                        
  5192.046 106.00112     1.334    -6.730               3.464            AX13R155
  5192.055 607.01214     1.856    -3.320               7.724          1507Rc0255
  5192.092      58.1     1.625     -1.20                              Lawler09  
  5192.100 607.01214     1.856    -2.083               7.724          1507Qa0265
  5192.178 607.01214     1.062    -3.528               7.724          1104Rc0165
  5192.210 607.01214     1.062    -2.541               7.724          1104Qa0175
  5192.280 607.01214     0.382    -5.151               7.724          0600Rd0405
  5192.315      27.0     4.146     -0.96                                        
  5192.317 607.01314     0.876    -3.951               7.724          1003Pc0245
  5192.320 607.01314     2.359    -2.854               7.724          1910Pb0095
  5192.324 607.01214     1.813    -3.063               7.724          1507Qc0215
  5192.332 607.01214     1.868    -2.081               7.724          1507Qb0265
  5192.336 607.01214     1.047    -2.982               7.724          1104Pb0145
  5192.339      22.0     3.675     -2.72                                        
  5192.344      26.0     2.998     -0.42                              NIST/B+   
  5192.362 607.01214     1.813    -2.512               7.724          1507Pa0225
  5192.364 607.01314     2.355    -3.129               7.724          1910Rc0085
  5192.364 607.01314     2.374    -2.357               7.724          1910Qb0125
  5192.374 607.01214     1.078    -2.510               7.724          1104Qb0185
  5192.379 607.01214     1.868    -3.362               7.724          1507Pd0275
  5192.383 607.01314     1.726    -2.345               7.724          1507Qb0155
  5192.386 607.01314     2.374    -3.149               7.724          1910Pd0135
  5192.393      27.0     4.144     -0.48                                        
  5192.393 106.00113     1.168    -3.282               3.464            BX13P105
  5192.399      27.1     5.462     -6.02                                        
  5192.401      25.0     5.345     -4.00                                        
  5192.410 607.01214     1.078    -3.575               7.724          1104Pd0195
  5192.412 607.01314     1.726    -3.265               7.724          1507Pd0165
  5192.419 607.01314     2.355    -2.503               7.724          1910Qa0095
  5192.456 106.00113     1.168    -7.354               3.464            BX13Q105
  5192.482 607.01214     1.117    -2.645               7.724          1104Ra0235
  5192.491 607.01314     0.007    -4.918               7.724          0600Pb0045
  5192.495      26.0     4.412     -4.28                                        
  5192.495      28.0     3.696     -1.30                              Wood14    
  5192.503 112.00124     1.001    -2.903               1.340           12R132b24
  5192.521 607.01314     1.766    -2.469               7.724          1507Rb0205
  5192.549 112.00124     0.004    -1.177               1.340           00Q202b24
  5192.556 607.01314     1.766    -3.016               7.724          1507Qd0215
  5192.567 112.00124     0.004    -0.890               1.340           00P102h24
  5192.569 112.00125     0.004    -0.890               1.340           00P102h25
  5192.573 112.00126     0.004    -0.890               1.340           00P102h26
  5192.575 607.01214     1.107    -4.180               7.724          0902Qc0505
  5192.590 607.01314     0.016    -4.275               7.724          0600Qb0075
  5192.603 607.01214     1.229    -2.594               7.724          0902Qb0555
  5192.606 607.01314     0.016    -4.900               7.724          0600Pd0085
  5192.610      60.1     1.136      0.27                              DenHarto03
  5192.673 607.01214     1.107    -2.975               7.724          0902Pa0515
  5192.685 607.01214     0.072    -5.023               7.724          0600Pc0165
  5192.706      74.0     1.855     -1.62                                        
  5192.710 607.01214     1.229    -4.479               7.724          0902Pd0565
  5192.712 106.00113     1.168    -3.224               3.464            BX13P115
  5192.731 607.01314     1.681    -3.583               7.724          1507Pc0065
  5192.746 607.01314     1.749    -2.477               7.724          1507Ra0195
  5192.756 607.01314     2.951    -3.219               7.724          2212Rc0295
  5192.769 607.01214     0.118    -4.091               7.724          0600Pb0215
  5192.813 607.01314     2.951    -1.921               7.724          2212Qa0305
  5192.819 607.01214     2.472    -2.468               7.724          1910Pb0195
  5192.835   27.0059     4.061    -3.517                                 KURHFS 
  5192.837      22.0     3.455     -4.07                                        
  5192.837 607.01314     2.341    -3.823               7.724          1910Pc0035
  5192.854   27.0059     4.061    -3.517                                 KURHFS 
  5192.854   27.0059     4.061    -3.693                                 KURHFS 
  5192.871      66.1     0.000     -1.90                                        
  5192.874 607.01214     0.247    -3.805               7.724          0600Ra0325
  5192.882   27.0059     4.061    -3.353                                 KURHFS 
  5192.882   27.0059     4.061    -3.818                                 KURHFS 
  5192.882   27.0059     4.061    -3.943                                 KURHFS 
  5192.914      27.1     5.204     -2.27                                        
  5192.920   27.0059     4.061    -3.345                                 KURHFS 
  5192.920   27.0059     4.061    -3.379                                 KURHFS 
  5192.920   27.0059     4.061    -4.371                                 KURHFS 
  5192.960 607.01214     1.017    -3.743               7.724          1104Pc0095
  5192.967   27.0059     4.061    -3.096                                 KURHFS 
  5192.967   27.0059     4.061    -3.506                                 KURHFS 
  5192.969      22.0     0.021     -0.95                                 LAWLER 
  5192.973 106.00113     1.251    -6.446               3.464            BX02P185
  5192.984      23.0     2.314      0.13                               LAWNOHFS 
  5193.004 106.00113     2.195    -6.969               3.464            AX56P165
  5193.023   27.0059     4.061    -2.880                                 KURHFS 
  5193.068      41.0     0.197     -1.25                                        
  5193.130      45.0     3.536      0.74                                        
  5193.223 607.01214     1.786    -3.411               7.724          1507Pc0185
  5193.235 607.01314     0.054    -4.192               7.724          0600Rb0145
  5193.242 607.01314     2.386    -2.486               7.724          1910Ra0155
  5193.252 607.01214     1.034    -3.302               7.724          1104Qc0125
  5193.253 607.01314     2.345    -3.040               7.724          1910Qc0055
  5193.253 607.01314     2.345    -3.171               7.724          1910Pa0065
  5193.264 607.01314     0.054    -4.588               7.724          0600Qd0155
  5193.277 607.01214     1.034    -3.055               7.724          1104Pa0135
  5193.300      23.0     3.824     -3.21                                        
  5193.302      24.1     6.817     -4.32                                        
  5193.310      24.0     3.887     -3.91                                        
  5193.315      24.0     4.444     -2.49                                        
  5193.320      68.1     0.886     -2.77                              Lawler08  
  5193.343 112.00124     0.549     0.304               1.340           00P228h24
  5193.362 112.00125     0.548     0.304               1.340           00P228h25
  5193.368 112.00126     0.547     0.304               1.340           00P228h26
  5193.394      23.1     3.756     -3.91                                        
  5193.403 112.00126     0.008    -1.095               1.340           00P203h26
  5193.405      27.0     4.146     -3.74                                        
  5193.415 112.00125     0.009    -1.095               1.340           00P203h25
  5193.420 607.01214     2.441    -3.288               7.724          1910Pc0155
  5193.426 112.00124     0.009    -1.095               1.340           00P203h24
  5193.432      23.1     2.523     -2.15                                        
  5193.448 607.01214     0.262    -3.812               7.724          0600Rb0325
  5193.478 607.01314     0.924    -3.624               7.724          1003Qc0285
  5193.492      24.0     3.419     -0.72                                        
  5193.514 607.01214     0.262    -4.754               7.724          0600Qd0335
  5193.529      76.0     1.367     -2.52                                        
  5193.532 607.01314     0.924    -2.874               7.724          1003Pa0295
  5193.565   23.0051     2.252    -1.745                                 KURHFS 
  5193.565   23.0051     2.252    -1.921                                 KURHFS 
  5193.571   23.0051     2.252    -1.620                                 KURHFS 
  5193.571   23.0051     2.252    -1.745                                 KURHFS 
  5193.578   23.0051     2.252    -1.620                                 KURHFS 
  5193.578   23.0051     2.252    -1.734                                 KURHFS 
  5193.578   23.0051     2.252    -1.939                                 KURHFS 
  5193.587   23.0051     2.252    -1.323                                 KURHFS 
  5193.587   23.0051     2.252    -1.734                                 KURHFS 
  5193.606   23.0051     2.246    -6.273                                 KURHFS 
  5193.622   23.0051     2.246    -6.252                                 KURHFS 
  5193.622   23.0051     2.246    -6.729                                 KURHFS 
  5193.644   23.0051     2.246    -6.252                                 KURHFS 
  5193.644   23.0051     2.246    -6.398                                 KURHFS 
  5193.664      24.0     5.258     -2.11                                        
  5193.670   23.0051     2.246    -5.931                                 KURHFS 
  5193.682 112.00124     0.549    -2.315               1.340           00Q228b24
  5193.698      42.0     2.916     -2.23                                        
  5193.709 607.01214     0.177    -3.646               7.724          0600Qb0265
  5193.740 607.01214     1.361    -2.797               7.724          0902Ra0615
  5193.763 607.01214     0.177    -4.979               7.724          0600Pd0275
  5193.826      90.1     0.000     -2.38                              Nils02/12%
  5193.851 112.00124     0.485    -2.041               1.340           22P214b24
  5193.851 112.00124     0.549     0.321               1.340           00P128h24
  5193.867 112.00125     0.548     0.321               1.340           00P128h25
  5193.881      22.0     2.343     -1.15                                 LAWLER 
  5193.882 112.00126     0.547     0.321               1.340           00P128h26
  5193.882 607.01214     0.164    -4.934               7.724          0600Rc0255
  5193.886 607.01214     0.108    -4.669               7.724          0600Qc0205
  5193.891      73.0     2.154     -1.57                                        
  5193.895 607.01314     2.407    -2.448               7.724          1910Rb0175
  5193.921 607.01314     2.407    -2.890               7.724          1910Qd0185
  5193.928 607.01214     0.108    -4.105               7.724          0600Pa0215
  5193.933 607.01214     0.164    -3.647               7.724          0600Qa0265
  5193.941 607.01314     1.707    -2.805               7.724          1507Pb0125
  5193.947      22.0     1.052     -3.44                                        
  5193.952 607.01314     2.359    -3.121               7.724          1910Rc0095
  5193.986 607.01314     2.359    -2.450               7.724          1910Qa0105
  5194.008 106.00112     1.335    -6.683               3.464            AX13R155
  5194.037      22.0     2.101     -0.56                                        
  5194.037 607.01314     2.886    -3.282               7.724          2212Pc0235
  5194.055      27.0     4.501     -4.25                                        
  5194.074      26.0     4.952     -2.52                                        
  5194.080 607.01314     1.692    -3.037               7.724          1507Qc0095
  5194.087      25.0     4.824     -3.83                                        
  5194.087      25.0     4.824     -4.01                                        
  5194.091 607.01314     1.713    -3.223               7.724          1507Rc0135
  5194.092 607.01314     1.692    -2.954               7.724          1507Pa0105
  5194.117 607.01314     1.713    -2.382               7.724          1507Qa0145
  5194.122      28.0     5.276     -1.65                                        
  5194.151 607.01314     0.146    -4.996               7.724          0600Rd0255
  5194.157 607.01314     0.020    -4.211               7.724          0600Qb0085
  5194.175 607.01314     0.020    -4.883               7.724          0600Pd0095
  5194.177 112.00124     0.216    -1.657               1.340           11P207b24
  5194.183 607.01314     2.334    -3.409               7.724          1809Pc0315
  5194.202 607.01214     1.139    -2.637               7.724          1104Rb0245
  5194.213 607.01314     0.013    -4.456               7.724          0600Ra0075
  5194.217      22.0     3.102     -1.41                                        
  5194.228      24.1     6.798     -3.42                                        
  5194.242 607.01314     0.009    -4.512               7.724          0600Ra0065
  5194.250 607.01214     1.139    -3.346               7.724          1104Qd0255
  5194.256 607.01214     2.464    -2.924               7.724          1910Qc0185
  5194.278 106.00112     1.081    -5.757               3.464            BX13P075
  5194.281 106.00112     1.718    -3.838               3.464            AX13R225
  5194.283 607.01214     2.464    -2.486               7.724          1910Pa0195
  5194.346      22.0     1.967     -5.95                                        
  5194.350 607.01314     0.016    -4.404               7.724          0600Ra0085
  5194.355 607.01214     2.543    -2.224               7.724          1910Ra0275
  5194.375 607.01214     1.018    -4.514               7.724          0902Pc0465
  5194.392      24.0     3.090     -5.97                                        
  5194.398      59.0     0.171     -0.02                                        
  5194.437 607.01314     0.007    -4.574               7.724          0600Ra0055
  5194.454 106.00112     1.718    -5.922               3.464            AX13Q225
  5194.474   23.0051     2.364    -4.818                                 KURHFS 
  5194.474   23.0051     2.364    -5.014                                 KURHFS 
  5194.474   23.0051     2.364    -5.081                                 KURHFS 
  5194.476   23.0051     2.364    -4.614                                 KURHFS 
  5194.476   23.0051     2.364    -4.818                                 KURHFS 
  5194.476   23.0051     2.364    -5.713                                 KURHFS 
  5194.479   23.0051     2.364    -4.444                                 KURHFS 
  5194.479   23.0051     2.364    -4.713                                 KURHFS 
  5194.479   23.0051     2.364    -5.558                                 KURHFS 
  5194.482   23.0051     2.364    -4.298                                 KURHFS 
  5194.482   23.0051     2.364    -4.666                                 KURHFS 
  5194.482   23.0051     2.364    -5.558                                 KURHFS 
  5194.486   23.0051     2.364    -4.169                                 KURHFS 
  5194.486   23.0051     2.364    -4.672                                 KURHFS 
  5194.486   23.0051     2.364    -5.655                                 KURHFS 
  5194.491   23.0051     2.364    -4.053                                 KURHFS 
  5194.491   23.0051     2.364    -4.745                                 KURHFS 
  5194.491   23.0051     2.364    -5.859                                 KURHFS 
  5194.497   23.0051     2.364    -3.948                                 KURHFS 
  5194.497   23.0051     2.364    -4.956                                 KURHFS 
  5194.497   23.0051     2.364    -6.257                                 KURHFS 
  5194.504 106.00112     1.718    -3.850               3.464            AX13R215
  5194.515 607.01214     2.555    -2.234               7.724          1910Rb0275
  5194.521 607.01314     0.009    -4.811               7.724          0600Pb0055
  5194.555 607.01214     2.555    -2.970               7.724          1910Qd0285
  5194.597      24.0     2.706     -5.25                                        
  5194.622 607.01314     0.937    -2.866               7.724          1003Pb0295
  5194.641 106.00113     2.223    -4.815               3.464            AX50Q385
  5194.650 607.01314     0.020    -4.357               7.724          0600Ra0095
  5194.668 607.01314     2.964    -1.920               7.724          2212Qb0305
  5194.724      62.0     1.622      0.24                                        
  5194.743      20.0     5.724     -2.78                                        
  5194.766      58.0     0.000     -1.29                                        
  5194.778      23.0     2.294     -0.02                               LAWNOHFS 
  5194.798 607.01314     0.004    -4.643               7.724          0600Ra0045
  5194.829 106.00113     1.827    -6.222               3.464            AX35R145
  5194.853 607.01314     2.343    -3.657               7.724          1910Pc0045
  5194.874      23.0     2.262     -0.39                               LAWNOHFS 
  5194.899 607.01214     1.229    -4.413               7.724          0902Rc0555
  5194.910 607.01314     2.459    -3.259               7.724          1910Rd0245
  5194.911 607.01314     0.061    -4.158               7.724          0600Rb0155
  5194.911 607.01314     2.917    -2.951               7.724          2212Qc0265
  5194.917 607.01214     1.158    -2.379               7.724          1003Qb0415
  5194.942      26.0     1.557     -2.09                              NIST/A    
  5194.942 607.01314     0.061    -4.591               7.724          0600Qd0165
  5194.958 607.01314     2.348    -2.998               7.724          1910Qc0065
  5194.963 607.01314     2.917    -2.310               7.724          2212Pa0275
  5194.964 607.01314     2.348    -3.073               7.724          1910Pa0075
  5194.965 607.01314     1.839    -3.415               7.724          1507Rd0285
  5194.991 112.00124     0.009    -1.319               1.340           00Q203b24
  5194.997 607.01214     1.158    -4.030               7.724          1003Pd0425
  5195.006 607.01214     1.229    -2.585               7.724          0902Qa0565
  5195.008 607.01314     2.380    -2.317               7.724          1910Qb0135
  5195.011 112.00126     0.009    -0.681               1.340           00P103h26
  5195.013 112.00125     0.009    -0.681               1.340           00P103h25
  5195.016      44.0     1.087     -1.20                                        
  5195.016 112.00124     0.009    -0.681               1.340           00P103h24
  5195.030 607.01314     2.380    -3.145               7.724          1910Pd0145
  5195.042 607.01214     1.070    -3.533               7.724          1104Rc0175
  5195.074 607.01214     1.534    -4.554               7.724          0902Rd0675
  5195.076 607.01214     1.070    -2.512               7.724          1104Qa0185
  5195.087 106.00113     2.253    -6.198               3.464            AX13R295
  5195.089 607.01214     1.004    -4.050               7.724          1003Pc0325
  5195.096 106.00113     2.253    -3.266               3.464            AX13Q305
  5195.110      59.1     1.110     -0.18                                LINOHFS 
  5195.114 607.01314     0.025    -4.313               7.724          0600Ra0105
  5195.154      26.0     5.060     -2.21                                        
  5195.184 607.01314     2.364    -2.799               7.724          1910Pb0105
  5195.248 106.00113     2.196    -7.016               3.464            AX56P165
  5195.253 607.01314     2.392    -2.457               7.724          1910Ra0165
  5195.260 607.01314     1.757    -2.453               7.724          1507Ra0205
  5195.295 106.00113     2.253    -3.289               3.464            AX13Q295
  5195.304 106.00113     2.253    -5.903               3.464            AX13P305
  5195.310      59.1     0.795     -0.27                                LINOHFS 
  5195.310 607.01314     1.684    -3.528               7.724          1507Pc0075
  5195.312      26.0     5.008     -4.14                                        
  5195.329 607.01314     0.003    -4.720               7.724          0600Ra0035
  5195.356 607.01314     1.733    -2.312               7.724          1507Qb0165
  5195.358      23.0     2.276     -0.18                               LAWNOHFS 
  5195.379   25.0055     3.132    -4.908                                 KURHFS 
  5195.381   25.0055     3.132    -4.623                                 KURHFS 
  5195.384   25.0055     3.132    -4.878                                 KURHFS 
  5195.384 607.01314     1.733    -3.267               7.724          1507Pd0175
  5195.387   25.0055     3.132    -4.401                                 KURHFS 
  5195.391 106.00113     1.576   -10.233               3.464            CX05P045
  5195.392   25.0055     3.132    -4.702                                 KURHFS 
  5195.395   25.0055     3.132    -5.656                                 KURHFS 
  5195.396   25.0055     3.132    -4.217                                 KURHFS 
  5195.403   25.0055     3.132    -4.635                                 KURHFS 
  5195.408   25.0055     3.132    -5.577                                 KURHFS 
  5195.410   25.0055     3.132    -4.059                                 KURHFS 
  5195.418   25.0055     3.132    -4.661                                 KURHFS 
  5195.424   25.0055     3.132    -5.702                                 KURHFS 
  5195.427   25.0055     3.132    -3.919                                 KURHFS 
  5195.437   25.0055     3.132    -4.837                                 KURHFS 
  5195.445   25.0055     3.132    -6.054                                 KURHFS 
  5195.472      26.0     4.217      0.02                                        
  5195.477 106.00112     2.281    -6.662               3.464            AX02R325
  5195.494 607.01214     2.510    -2.037               7.724          1910Qb0235
  5195.496 607.01214     1.068    -3.725               7.724          1003Qc0365
  5195.528 607.01214     2.510    -3.215               7.724          1910Pd0245
  5195.535 106.00112     1.832    -6.222               3.464            AX35R145
  5195.552 607.01314     1.775    -2.445               7.724          1507Rb0215
  5195.565 106.00112     2.281    -3.599               3.464            AX02Q335
  5195.566 607.01214     1.068    -2.769               7.724          1003Pa0375
  5195.584 607.01214     1.128    -2.626               7.724          1104Ra0245
  5195.589 607.01314     1.775    -3.021               7.724          1507Qd0225
  5195.621      74.0     3.219     -0.58                                        
  5195.732 607.01314     2.364    -3.115               7.724          1910Rc0105
  5195.739 607.01314     0.030    -4.273               7.724          0600Ra0115
  5195.742      23.0     3.270     -2.96                                        
  5195.758 607.01314     2.364    -2.403               7.724          1910Qa0115
  5195.767 106.00112     2.281    -3.614               3.464            AX02Q325
  5195.790 607.01214     1.087    -2.484               7.724          1104Qb0195
  5195.814      90.0     0.615     -1.46                                        
  5195.828 607.01214     1.087    -3.581               7.724          1104Pd0205
  5195.834      41.0     0.142     -1.40                                        
  5195.855 106.00112     2.281    -6.278               3.464            AX02P335
  5195.857 607.01314     0.025    -4.154               7.724          0600Qb0095
  5195.877 607.01314     0.025    -4.870               7.724          0600Pd0105
  5195.898 607.01214     2.500    -3.178               7.724          1910Rc0225
  5195.931 607.01214     2.500    -2.039               7.724          1910Qa0235
  5195.940 112.00124     0.513     0.289               1.340           00P227h24
  5195.949 607.01214     1.054    -2.946               7.724          1104Pb0155
  5195.951 112.00125     0.512     0.289               1.340           00P227h25
  5195.951 112.00126     0.511     0.289               1.340           00P227h26
  5196.028 607.01314     0.001    -4.806               7.724          0600Ra0025
  5196.037      42.0     2.756     -2.19                                        
  5196.059      26.0     4.253     -0.52                                        
  5196.088      70.0     3.384      0.06                                        
  5196.152      33.0     6.280      0.20                                        
  5196.152 112.00126     0.014    -0.772               1.340           00P204h26
  5196.166 112.00125     0.014    -0.772               1.340           00P204h25
  5196.174      23.1     2.219     -7.36                                        
  5196.180 112.00124     0.014    -0.772               1.340           00P204h24
  5196.195 607.01214     1.022    -3.721               7.724          1104Pc0105
  5196.199      22.0     1.995     -6.54                                        
  5196.225 607.01214     1.040    -3.300               7.724          1104Qc0135
  5196.230      26.0     2.947     -5.70                                        
  5196.252 607.01214     1.040    -3.012               7.724          1104Pa0145
  5196.273 106.00112     2.204    -6.969               3.464            AX56P165
  5196.280 607.01314     2.928    -2.300               7.724          2212Pb0275
  5196.282 112.00124     0.513    -2.297               1.340           00Q227b24
  5196.335      22.0     0.899     -5.11                                        
  5196.347 106.00113     1.827    -6.179               3.464            AX35R145
  5196.353 112.00124     0.004    -1.261               1.340           00P202b24
  5196.376      24.0     4.443     -3.42                                        
  5196.420      39.1     1.748     -1.23                              Biemont11 
  5196.429 607.01314     0.157    -5.003               7.724          0600Rd0265
  5196.446      24.0     3.446     -0.27                                        
  5196.447 112.00124     0.513     0.307               1.340           00P127h24
  5196.454      22.0     3.109     -3.69                                        
  5196.456 112.00125     0.512     0.307               1.340           00P127h25
  5196.460 607.01314     1.719    -3.225               7.724          1507Rc0145
  5196.464      24.0     3.553     -3.06                                        
  5196.464 112.00126     0.511     0.307               1.340           00P127h26
  5196.474 607.01314     1.697    -3.025               7.724          1507Qc0105
  5196.488 607.01314     1.697    -2.897               7.724          1507Pa0115
  5196.488 607.01314     1.719    -2.347               7.724          1507Qa0155
  5196.494      24.0     2.707     -3.73                                        
  5196.513      20.0     5.667     -3.19                                        
  5196.525 607.01314     0.035    -4.235               7.724          0600Ra0125
  5196.553   25.0055     3.133    -3.783                                 LAWHFS 
  5196.558   25.0055     3.133    -2.686                                 LAWHFS 
  5196.558   25.0055     3.133    -3.653                                 LAWHFS 
  5196.561   25.0055     3.133    -2.175                                 LAWHFS 
  5196.564      24.0     3.446     -0.36                                        
  5196.564   25.0055     3.133    -2.498                                 LAWHFS 
  5196.564   25.0055     3.133    -3.748                                 LAWHFS 
  5196.569   25.0055     3.133    -2.042                                 LAWHFS 
  5196.572   25.0055     3.133    -2.443                                 LAWHFS 
  5196.573   25.0055     3.133    -4.085                                 LAWHFS 
  5196.578   25.0055     3.133    -1.912                                 LAWHFS 
  5196.583   25.0055     3.133    -2.481                                 LAWHFS 
  5196.590   25.0055     3.133    -1.790                                 LAWHFS 
  5196.594   25.0055     3.133    -2.669                                 LAWHFS 
  5196.604      71.0     2.293      0.10                                        
  5196.604   25.0055     3.133    -1.677                                 LAWHFS 
  5196.619   25.0055     3.133    -1.573                                 LAWHFS 
  5196.628      26.0     5.016     -2.83                                        
  5196.663      23.0     3.803     -2.59                                        
  5196.673 607.01314     2.414    -2.420               7.724          1910Rb0185
  5196.679 607.01314     0.013    -4.721               7.724          0600Pb0065
  5196.682      23.0     3.284     -2.02                                        
  5196.701 607.01314     2.414    -2.895               7.724          1910Qd0195
  5196.727 607.01314     0.069    -4.127               7.724          0600Rb0165
  5196.737      20.0     5.295     -5.16                                        
  5196.742 607.01214     1.868    -3.327               7.724          1507Rc0265
  5196.760 607.01314     0.069    -4.595               7.724          0600Qd0175
  5196.789 607.01214     1.868    -2.064               7.724          1507Qa0275
  5196.846 112.00124     0.504    -2.076               1.340           22P215b24
  5196.864 607.01314     2.352    -2.966               7.724          1910Qc0075
  5196.870 607.01314     2.352    -2.990               7.724          1910Pa0085
  5196.885 607.01214     1.834    -2.476               7.724          1507Pb0235
  5196.897 607.01314     0.000    -4.902               7.724          0600Ra0015
  5197.014      24.0     4.446     -2.09                                        
  5197.019 607.01214     0.401    -5.157               7.724          0600Rd0415
  5197.055      24.1     6.277     -4.14                                        
  5197.061 106.00112     2.339    -7.278               3.464            AX45P235
  5197.062 607.01214     1.823    -3.070               7.724          1507Qc0225
  5197.065 607.01314     2.345    -3.549               7.724          1910Pc0055
  5197.069 607.01214     0.080    -5.025               7.724          0600Pc0175
  5197.084      24.0     3.844     -2.69                                        
  5197.097      26.0     3.981     -3.64                                        
  5197.102 607.01214     1.823    -2.488               7.724          1507Pa0235
  5197.122 607.01214     0.262    -3.790               7.724          0600Ra0335
  5197.126 106.00112     1.832    -6.179               3.464            AX35R145
  5197.157      28.0     3.895     -1.19                                        
  5197.188   25.0055     3.133    -3.501                                 BLKKUR 
  5197.191   25.0055     3.133    -3.246                                 BLKKUR 
  5197.191   25.0055     3.133    -3.303                                 BLKKUR 
  5197.196   25.0055     3.133    -3.182                                 BLKKUR 
  5197.196   25.0055     3.133    -3.238                                 BLKKUR 
  5197.199   25.0055     3.133    -3.501                                 BLKKUR 
  5197.199 607.01314     1.713    -2.763               7.724          1507Pb0135
  5197.200      20.0     5.296     -4.11                                        
  5197.203   25.0055     3.133    -3.007                                 BLKKUR 
  5197.204   25.0055     3.133    -3.269                                 BLKKUR 
  5197.207   25.0055     3.133    -3.303                                 BLKKUR 
  5197.212   25.0055     3.133    -2.815                                 BLKKUR 
  5197.214   25.0055     3.133    -3.451                                 BLKKUR 
  5197.216      24.0     3.553     -2.09                                        
  5197.218   25.0055     3.133    -3.238                                 BLKKUR 
  5197.223   25.0055     3.133    -2.630                                 BLKKUR 
  5197.232   25.0055     3.133    -3.269                                 BLKKUR 
  5197.237   25.0055     3.133    -2.459                                 BLKKUR 
  5197.247   25.0055     3.133    -3.451                                 BLKKUR 
  5197.256      20.0     5.317     -4.86                                        
  5197.298 607.01214     0.129    -4.068               7.724          0600Pb0225
  5197.327 607.01214     1.880    -2.063               7.724          1507Qb0275
  5197.347 112.00124     0.014    -1.433               1.340           00Q204b24
  5197.365 112.00126     0.014    -0.539               1.340           00P104h26
  5197.372 112.00125     0.014    -0.539               1.340           00P104h25
  5197.376 607.01214     1.880    -3.370               7.724          1507Pd0285
  5197.379 112.00124     0.014    -0.539               1.340           00P104h24
  5197.449 607.01314     2.399    -2.430               7.724          1910Ra0175
  5197.472 607.01314     0.041    -4.200               7.724          0600Ra0135
  5197.480      26.1     5.952     -2.72                                        
  5197.568      26.1     3.230     -2.05                                 NIST/C 
  5197.577      26.0     4.952     -2.32                                        
  5197.586      20.0     4.621     -4.50                                        
  5197.594 607.01214     2.481    -2.441               7.724          1910Pb0205
  5197.627 106.00113     2.224    -7.376               3.464            AX50R375
  5197.666      66.1     0.538     -1.85                                        
  5197.691 607.01314     0.030    -4.102               7.724          0600Qb0105
  5197.692      22.0     3.556     -3.41                                        
  5197.701 607.01314     2.369    -3.112               7.724          1910Rc0115
  5197.713 607.01314     0.030    -4.862               7.724          0600Pd0115
  5197.726 607.01314     2.369    -2.359               7.724          1910Qa0125
  5197.742      26.0     5.060     -2.61                                        
  5197.768      26.0     4.368     -3.29                                        
  5197.773      64.0     0.880      0.05                                        
  5197.784      26.0     5.066     -3.63                                        
  5197.790      23.0     2.573     -5.33                                        
  5197.822 607.01314     2.386    -2.280               7.724          1910Qb0145
  5197.845 607.01314     2.386    -3.144               7.724          1910Pd0155
  5197.870 607.01214     1.158    -3.977               7.724          1003Rc0415
  5197.880 106.00113     1.911    -3.593               3.464            AX24R215
  5197.887 607.01314     0.887    -3.957               7.724          1003Pc0255
  5197.937      26.0     4.301     -1.61                              NIST/E    
  5197.938 607.01314     0.000    -5.003               7.724          0600Ra0005
  5197.939 607.01214     2.448    -3.286               7.724          1910Pc0165
  5197.941 607.01214     0.278    -3.797               7.724          0600Rb0335
  5197.949 607.01214     1.158    -2.368               7.724          1003Qa0425
  5197.951 607.01314     1.766    -2.431               7.724          1507Ra0215
  5197.972      24.0     5.663     -1.83                                        
  5197.981 106.00113     1.911    -3.611               3.464            AX24R205
  5198.009 607.01214     0.278    -4.761               7.724          0600Qd0345
  5198.013 607.01214     0.177    -4.942               7.724          0600Rc0265
  5198.030 607.01314     2.469    -3.265               7.724          1910Rd0255
  5198.053      60.0     0.140     -0.68                                        
  5198.066 607.01214     0.177    -3.629               7.724          0600Qa0275
  5198.073 607.01214     0.118    -4.676               7.724          0600Qc0215
  5198.074 106.00113     1.911    -5.702               3.464            AX24Q215
  5198.074 607.01314     1.688    -3.487               7.724          1507Pc0085
  5198.082 607.01214     1.078    -3.540               7.724          1104Rc0185
  5198.099 106.00112     1.172    -3.281               3.464            BX13P105
  5198.117 607.01214     0.118    -4.081               7.724          0600Pa0225
  5198.118 607.01214     1.078    -2.485               7.724          1104Qa0195
  5198.120      22.0     3.397     -3.18                                        
  5198.125      27.0     4.392     -3.85                                        
  5198.127 607.01214     0.190    -3.628               7.724          0600Qb0275
  5198.131      23.0     2.573     -4.75                                        
  5198.160 106.00112     1.172    -7.353               3.464            BX13Q105
  5198.174 607.01214     1.795    -3.414               7.724          1507Pc0195
  5198.183 607.01214     0.190    -4.988               7.724          0600Pd0285
  5198.197 106.00113     1.825   -10.645               3.464            CX05P135
  5198.217 607.01314     2.369    -2.749               7.724          1910Pb0115
  5198.317      22.0     3.548     -3.27                                        
  5198.328 112.00124     0.478     0.274               1.340           00P226h24
  5198.328 112.00126     0.476     0.274               1.340           00P226h26
  5198.332 112.00125     0.477     0.274               1.340           00P226h25
  5198.409      24.0     4.444     -1.38                                        
  5198.411 607.01314     1.851    -3.422               7.724          1507Rd0295
  5198.422 106.00112     1.172    -3.223               3.464            BX13P115
  5198.452 106.00112     1.567    -9.986               3.464            CX05P035
  5198.490 607.01314     1.741    -2.282               7.724          1507Qb0175
  5198.520 106.00112     2.205    -7.015               3.464            AX56P165
  5198.520 607.01314     1.741    -3.271               7.724          1507Pd0185
  5198.531      24.1     6.800     -4.61                                        
  5198.541      22.0     2.304     -4.55                                        
  5198.550      42.0     3.300     -1.43                                        
  5198.579 607.01314     0.047    -4.167               7.724          0600Ra0145
  5198.588 112.00126     0.021    -0.590               1.340           00P205h26
  5198.604 112.00125     0.021    -0.590               1.340           00P205h25
  5198.621 112.00124     0.021    -0.590               1.340           00P205h24
  5198.641 607.01214     2.472    -2.929               7.724          1910Qc0195
  5198.670 607.01214     2.472    -2.458               7.724          1910Pa0205
  5198.672 112.00124     0.478    -2.278               1.340           00Q226b24
  5198.686 607.01314     0.077    -4.098               7.724          0600Rb0175
  5198.711      26.0     2.223     -2.13                              NIST/B    
  5198.721 607.01314     0.077    -4.600               7.724          0600Qd0185
  5198.750 607.01314     1.785    -2.423               7.724          1507Rb0225
  5198.789 607.01314     1.785    -3.028               7.724          1507Qd0235
  5198.800      90.0     1.304     -0.78                                        
  5198.834 112.00124     0.478     0.292               1.340           00P126h24
  5198.836 112.00125     0.477     0.292               1.340           00P126h25
  5198.838      22.0     3.567     -3.76                                        
  5198.839 112.00126     0.476     0.292               1.340           00P126h26
  5198.843 607.01214     2.555    -2.207               7.724          1910Ra0285
  5198.853 607.01314     0.001    -4.998               7.724          0600Rc0015
  5198.855 607.01314     0.169    -5.010               7.724          0600Rd0275
  5198.857 607.01314     0.001    -4.823               7.724          0600Qa0025
  5198.867      26.0     3.544     -3.55                                        
  5198.887 112.00124     0.227    -1.716               1.340           11P208b24
  5198.912 106.00112     1.256    -6.445               3.464            BX02P185
  5198.916 607.01314     0.000    -5.051               7.724          0600Rc0005
  5198.917 607.01314     0.937    -3.631               7.724          1003Qc0295
  5198.918 607.01314     0.000    -5.077               7.724          0600Qa0015
  5198.952      25.0     5.392     -4.08                                        
  5198.960 607.01314     0.003    -4.950               7.724          0600Rc0025
  5198.963 607.01314     2.355    -2.942               7.724          1910Qc0085
  5198.967 607.01314     0.003    -4.661               7.724          0600Qa0035
  5198.968 607.01314     0.016    -4.643               7.724          0600Pb0075
  5198.970 607.01314     2.355    -2.918               7.724          1910Pa0095
  5198.972 607.01314     0.937    -2.856               7.724          1003Pa0305
  5199.007 607.01314     1.726    -3.228               7.724          1507Rc0155
  5199.033 607.01314     1.726    -2.314               7.724          1507Qa0165
  5199.051 607.01314     1.702    -3.016               7.724          1507Qc0115
  5199.072 607.01314     1.702    -2.845               7.724          1507Pa0125
  5199.089      22.0     1.045     -5.43                                        
  5199.106 607.01214     1.085    -2.765               7.724          1003Pb0375
  5199.163   23.0051     1.349    -9.731                                 KURHFS 
  5199.164      90.0     0.479     -1.31                                        
  5199.167   23.0051     1.349    -9.446                                 KURHFS 
  5199.167   23.0051     1.349    -9.701                                 KURHFS 
  5199.174   23.0051     1.349    -9.258                                 KURHFS 
  5199.174   23.0051     1.349    -9.701                                 KURHFS 
  5199.174   23.0051     1.349    -9.752                                 KURHFS 
  5199.185   23.0051     1.349    -9.167                                 KURHFS 
  5199.185   23.0051     1.349    -9.313                                 KURHFS 
  5199.185   23.0051     1.349    -9.877                                 KURHFS 
  5199.185 106.00112     1.917    -3.593               3.464            AX24R215
  5199.199   23.0051     1.349    -9.058                                 KURHFS 
  5199.199   23.0051     1.349    -9.145                                 KURHFS 
  5199.199   23.0051     1.349   -10.099                                 KURHFS 
  5199.200      64.1     1.620     -1.25                              DenHarto06
  5199.203 106.00112     1.917    -3.611               3.464            AX24R205
  5199.217   23.0051     1.349    -8.860                                 KURHFS 
  5199.217   23.0051     1.349    -9.199                                 KURHFS 
  5199.217   23.0051     1.349   -10.509                                 KURHFS 
  5199.238 607.01314     0.004    -4.911               7.724          0600Rc0035
  5199.239   23.0051     1.349    -8.696                                 KURHFS 
  5199.239   23.0051     1.349    -9.395                                 KURHFS 
  5199.245 106.00113     2.223    -9.405               3.464            AX50P385
  5199.246 607.01314     0.004    -4.538               7.724          0600Qa0045
  5199.264   23.0051     1.349    -8.555                                 KURHFS 
  5199.304 607.01214     2.567    -2.217               7.724          1910Rb0285
  5199.313 106.00112     1.917    -5.701               3.464            AX24Q215
  5199.317 607.01214     1.131    -2.973               7.724          0902Pb0515
  5199.346 607.01214     2.567    -2.977               7.724          1910Qd0295
  5199.361      26.0     4.730     -3.74                                        
  5199.370 607.01214     1.097    -2.458               7.724          1104Qb0205
  5199.379 607.01214     1.047    -3.301               7.724          1104Qc0145
  5199.398      24.1     6.892     -4.04                                        
  5199.408 607.01214     1.047    -2.973               7.724          1104Pa0155
  5199.409 607.01214     1.097    -3.588               7.724          1104Pd0215
  5199.474      25.0     4.426     -1.72                                        
  5199.474 607.01314     2.348    -3.473               7.724          1910Pc0065
  5199.510      22.0     3.407     -4.20                                        
  5199.531      26.0     3.879     -3.49                                        
  5199.557 112.00124     0.021    -1.526               1.340           00Q205b24
  5199.574 112.00126     0.021    -0.432               1.340           00P105h26
  5199.584 112.00125     0.021    -0.432               1.340           00P105h25
  5199.596 112.00124     0.021    -0.432               1.340           00P105h24
  5199.614 112.00124     0.525    -2.009               1.340           22P216b24
  5199.615 607.01214     1.028    -3.706               7.724          1104Pc0115
  5199.627 607.01314     2.422    -2.394               7.724          1910Rb0195
  5199.655      23.1     2.266     -3.99                                        
  5199.656 607.01314     2.422    -2.901               7.724          1910Qd0205
  5199.660 607.01314     0.035    -4.054               7.724          0600Qb0115
  5199.677 607.01314     0.988    -3.640               7.724          1104Rd0085
  5199.683 607.01314     0.035    -4.856               7.724          0600Pd0125
  5199.684 607.01314     0.007    -4.880               7.724          0600Rc0045
  5199.695 607.01314     0.007    -4.438               7.724          0600Qa0055
  5199.696      26.0     3.544     -3.37                                        
  5199.721 607.01214     1.062    -2.912               7.724          1104Pb0165
  5199.722      60.0     0.000     -0.81                                        
  5199.727 607.01314     0.992    -3.627               7.724          1104Rd0095
  5199.728      24.1     6.800     -3.28                                        
  5199.771 607.01314     0.985    -3.658               7.724          1104Rd0075
  5199.779      26.0     5.029     -2.46                                        
  5199.831 607.01314     2.407    -2.404               7.724          1910Ra0185
  5199.844 607.01314     0.054    -4.136               7.724          0600Ra0155
  5199.861 607.01314     2.374    -3.111               7.724          1910Rc0125
  5199.877      44.0     3.613      0.41                                        
  5199.884 607.01314     2.374    -2.318               7.724          1910Qa0135
  5199.921 607.01314     0.996    -3.617               7.724          1104Rd0105
  5200.008 607.01314     0.982    -3.683               7.724          1104Rd0065
  5200.012   23.0051     2.255    -4.296                                 KURHFS 
  5200.015 607.01314     2.896    -3.288               7.724          2212Pc0245
  5200.022      42.0     3.245     -1.90                                        
  5200.022   23.0051     2.255    -4.296                                 KURHFS 
  5200.022   23.0051     2.255    -4.472                                 KURHFS 
  5200.036   23.0051     2.255    -4.132                                 KURHFS 
  5200.036   23.0051     2.255    -4.597                                 KURHFS 
  5200.036   23.0051     2.255    -4.722                                 KURHFS 
  5200.056   23.0051     2.255    -4.124                                 KURHFS 
  5200.056   23.0051     2.255    -4.158                                 KURHFS 
  5200.056   23.0051     2.255    -5.150                                 KURHFS 
  5200.080   23.0051     2.255    -3.875                                 KURHFS 
  5200.080   23.0051     2.255    -4.285                                 KURHFS 
  5200.083      23.1     3.800     -4.78                                        
  5200.109      58.0     0.384     -0.65                                        
  5200.109   23.0051     2.255    -3.659                                 KURHFS 
  5200.121      60.1     0.559     -0.49                                        
  5200.123      25.0     4.426     -1.24                                        
  5200.153      42.0     2.680     -0.93                              NIST/B    
  5200.173      24.0     3.382     -0.58                                 SOBECK 
  5200.183      25.1     6.172     -8.16                                        
  5200.261 607.01314     1.001    -3.611               7.724          1104Rd0115
  5200.266 607.01214     2.521    -2.017               7.724          1910Qb0245
  5200.299 607.01314     0.009    -4.857               7.724          0600Rc0055
  5200.302 607.01214     2.521    -3.222               7.724          1910Pd0255
  5200.311 607.01314     0.009    -4.354               7.724          0600Qa0065
  5200.327 607.01214     2.510    -3.185               7.724          1910Rc0235
  5200.340 607.01314     0.950    -2.849               7.724          1003Pb0305
  5200.350      23.0     2.614     -0.78                                        
  5200.362 607.01214     2.510    -2.018               7.724          1910Qa0245
  5200.365      28.0     4.085     -1.49                                        
  5200.386 607.01314     0.979    -3.716               7.724          1104Rd0055
  5200.408      58.0     0.302     -0.67                                        
  5200.410      39.1     0.992     -0.47                              Biemont11 
  5200.461      58.0     0.978     -0.49                                        
  5200.495 112.00126     0.443     0.257               1.340           00P225h26
  5200.503 112.00125     0.443     0.257               1.340           00P225h25
  5200.507 112.00124     0.444     0.257               1.340           00P225h24
  5200.541      64.1     2.471     -0.36                                        
  5200.578      62.0     0.185      0.02                                        
  5200.616 607.01314     1.719    -2.724               7.724          1507Pb0145
  5200.732       6.0     8.764     -3.97                                        
  5200.738      42.0     2.275     -1.69                              NIST/B+   
  5200.748 607.01314     1.006    -3.608               7.724          1104Rd0125
  5200.768 112.00126     0.030    -0.465               1.340           00P206h26
  5200.786 112.00125     0.030    -0.465               1.340           00P206h25
  5200.787 607.01314     0.085    -4.070               7.724          0600Rb0185
  5200.801 607.01314     2.928    -2.959               7.724          2212Qc0275
  5200.806 112.00124     0.030    -0.465               1.340           00P206h24
  5200.810 607.01314     2.392    -2.246               7.724          1910Qb0155
  5200.818 607.01314     1.775    -2.410               7.724          1507Ra0225
  5200.824 607.01314     0.085    -4.605               7.724          0600Qd0195
  5200.832 607.01314     2.392    -3.144               7.724          1910Pd0165
  5200.840      23.0     2.357     -2.69                                        
  5200.854 112.00124     0.444    -2.259               1.340           00Q225b24
  5200.855 607.01314     2.928    -2.291               7.724          2212Pa0285
  5200.876 607.01314     0.001    -5.174               7.724          0600Qc0015
  5200.880 607.01314     0.001    -5.658               7.724          0600Pa0025
  5200.897      29.0     5.417     -0.93                                        
  5200.904 607.01314     0.977    -3.760               7.724          1104Rd0045
  5200.944 607.01214     1.389    -2.800               7.724          0902Rb0615
  5200.954      63.0     1.976      0.10                                        
