a line list in the range:    5229.00   5241.00
  5229.061 607.01314     0.061    -4.599               7.724          0600Qc0155
  5229.093 607.01314     0.061    -4.235               7.724          0600Pa0165
  5229.097 112.00124     0.936    -3.067               1.340           23R126b24
  5229.134 607.01314     0.104    -4.851               7.724          0600Rc0205
  5229.145 607.01314     1.775    -2.513               7.724          1507Pb0215
  5229.166      22.0     3.102     -3.97                                        
  5229.175 607.01314     0.104    -3.733               7.724          0600Qa0215
  5229.204 607.01214     2.532    -2.968               7.724          1910Qc0255
  5229.242 607.01214     2.532    -2.320               7.724          1910Pa0265
  5229.247      24.0     3.094     -5.97                                        
  5229.266      38.0     2.257      0.00                                        
  5229.276      24.0     4.614     -3.13                                        
  5229.319      68.1     2.602     -0.02                                        
  5229.320 607.01314     0.077    -4.179               7.724          0600Pb0175
  5229.333 607.01214     2.500    -3.301               7.724          1910Pc0225
  5229.399 106.00112     1.597    -3.862               3.464            AX13R205
  5229.467      22.0     3.705     -0.90                                        
  5229.467 607.01214     1.158    -2.716               7.724          1003Pb0415
  5229.497 607.01214     1.893    -3.115               7.724          1507Qc0285
  5229.503 106.00112     1.807    -3.627               3.464            AX24R195
  5229.504 607.01314     1.148    -3.680               7.724          1104Rd0285
  5229.548 607.01214     1.893    -2.369               7.724          1507Pa0295
  5229.554 607.01314     1.816    -2.091               7.724          1507Qb0255
  5229.555 106.00112     1.597    -5.887               3.464            AX13Q205
  5229.567 607.01314     1.006    -3.483               7.724          1104Rc0115
  5229.580 106.00112     1.597    -3.873               3.464            AX13R195
  5229.585      26.0     5.008     -4.29                                        
  5229.590 607.01314     1.006    -2.704               7.724          1104Qa0125
  5229.598 607.01314     1.816    -3.321               7.724          1507Pd0265
  5229.605 607.01314     2.491    -2.219               7.724          1910Ra0275
  5229.622 106.00112     1.807    -5.633               3.464            AX24Q195
  5229.635 106.00112     1.807    -3.643               3.464            AX24R185
  5229.638 106.00113     2.497    -5.853               3.464            AX46R235
  5229.663 607.01314     2.502    -2.226               7.724          1910Rb0275
  5229.704      20.0     5.295     -4.63                                        
  5229.705 607.01314     2.502    -2.971               7.724          1910Qd0285
  5229.742      58.0     0.274     -0.05                                        
  5229.778 106.00112     2.506    -5.915               3.464            AX46R235
  5229.794      26.0     3.879     -3.99                                        
  5229.845      26.0     3.281     -1.14                                        
  5229.866      26.0     4.217     -0.24                                        
  5229.873 607.01314     0.195    -3.857               7.724          0600Rb0285
  5229.908 106.00112     2.160    -6.013               3.464            AX46R165
  5229.929 607.01314     0.195    -4.676               7.724          0600Qd0295
  5229.945 607.01314     2.392    -3.266               7.724          1910Pc0155
  5229.949 607.01314     1.072    -2.712               7.724          1104Rb0205
  5229.962 607.01314     1.805    -3.281               7.724          1507Rc0245
  5229.988 607.01314     1.072    -3.282               7.724          1104Qd0215
  5230.004 607.01314     1.805    -2.093               7.724          1507Qa0255
  5230.145 607.01314     1.864    -2.267               7.724          1507Ra0305
  5230.152      58.0     0.398     -0.53                                        
  5230.159      42.0     3.904     -0.94                                        
  5230.173      20.0     5.296     -4.80                                        
  5230.182   27.0059     1.739    -2.868                                 KURHFS 
  5230.182   27.0059     1.739    -3.044                                 KURHFS 
  5230.190   27.0059     1.739    -2.743                                 KURHFS 
  5230.190   27.0059     1.739    -2.868                                 KURHFS 
  5230.202   27.0059     1.739    -2.743                                 KURHFS 
  5230.202   27.0059     1.739    -2.857                                 KURHFS 
  5230.202   27.0059     1.739    -3.062                                 KURHFS 
  5230.218   27.0059     1.739    -2.446                                 KURHFS 
  5230.218   27.0059     1.739    -2.857                                 KURHFS 
  5230.219      24.0     2.708     -1.73                                 SOBECK 
  5230.258 607.01314     0.988    -3.334               7.724          1104Qc0075
  5230.273 607.01314     0.988    -3.335               7.724          1104Pa0085
  5230.291 607.01214     2.543    -2.310               7.724          1910Pb0265
  5230.308      22.0     3.407     -4.17                                        
  5230.335 106.00112     1.443    -4.246               3.464            AX02R225
  5230.348 112.00124     1.062    -2.507               1.340           11P237b24
  5230.363      27.0     4.107     -0.37                                        
  5230.402      23.0     3.908     -3.33                                        
  5230.409 607.01314     1.766    -3.024               7.724          1507Qc0205
  5230.441 607.01314     1.766    -2.528               7.724          1507Pa0215
  5230.449 112.00124     0.857    -3.622               1.340           01R132b24
  5230.473 607.01314     1.877    -2.275               7.724          1507Rb0305
  5230.476 607.01314     2.414    -2.890               7.724          1910Qc0185
  5230.504 607.01314     2.414    -2.483               7.724          1910Pa0195
  5230.521 607.01314     0.041    -4.994               7.724          0600Pc0125
  5230.526 607.01314     1.877    -3.083               7.724          1507Qd0315
  5230.533 106.00112     1.443    -6.329               3.464            AX02Q225
  5230.534      22.0     2.736     -2.92                                        
  5230.584 106.00112     1.443    -4.259               3.464            AX02R215
  5230.589 607.01314     0.124    -3.708               7.724          0600Qb0225
  5230.601 607.01314     1.055    -2.720               7.724          1104Ra0195
  5230.612      45.0     3.995      0.34                                        
  5230.621      26.0     4.792     -2.95                                        
  5230.634 607.01314     0.124    -4.901               7.724          0600Pd0235
  5230.639 607.01314     0.182    -3.848               7.724          0600Ra0285
  5230.645 106.00113     2.477    -9.059               3.464            AX03R335
  5230.662 607.01214     1.475    -2.774               7.724          0902Rb0645
  5230.691      26.0     4.291     -1.89                                        
  5230.731 607.01214     1.128    -2.727               7.724          1104Pb0235
  5230.774 106.00113     1.243    -3.168               3.464            BX13P125
  5230.788 607.01214     1.475    -4.217               7.724          0902Qd0655
  5230.800 106.00113     2.459    -3.141               3.464            AX35R255
  5230.801      73.0     0.752     -2.29                                        
  5230.821 106.00113     2.459    -3.069               3.464            AX35R265
  5230.835      22.0     3.706     -1.27                                        
  5230.837 106.00113     2.459    -5.461               3.464            AX35Q265
  5230.842      58.0     0.659     -0.18                                        
  5230.849 106.00113     2.335    -3.206               3.464            AX35R245
  5230.850 106.00113     1.243    -7.238               3.464            BX13Q125
  5230.862      20.0     5.881     -4.67                                        
  5230.920      20.0     5.041     -3.76                                        
  5230.967      22.0     2.238     -1.19                                 LAWLER 
  5231.015 607.01314     1.006    -3.097               7.724          1104Pb0115
  5231.032 607.01314     2.459    -2.033               7.724          1910Qb0235
  5231.051 607.01314     0.981    -3.913               7.724          1104Pc0055
  5231.059      42.0     3.903     -0.33                              NIST/B    
  5231.061 106.00113     1.243    -3.111               3.464            BX13P135
  5231.067 607.01314     2.459    -3.178               7.724          1910Pd0245
  5231.081 607.01214     1.117    -3.341               7.724          1104Qc0225
  5231.083      27.0     4.392     -3.82                                        
  5231.125 607.01214     1.117    -2.739               7.724          1104Pa0235
  5231.134 607.01214     2.580    -3.228               7.724          1910Rc0295
  5231.158      26.0     5.008     -4.15                                        
  5231.160      90.0     0.317     -1.42                                        
  5231.172 112.00124     0.892    -3.283               1.340           12R129b24
  5231.178 607.01214     2.580    -1.911               7.724          1910Qa0305
  5231.206 607.01214     1.204    -4.200               7.724          0902Qc0545
  5231.217 106.00113     2.335    -5.465               3.464            AX35Q245
  5231.237 607.01214     1.906    -2.362               7.724          1507Pb0295
  5231.255      26.0     5.082     -3.28                                        
  5231.255 607.01314     1.741    -3.379               7.724          1507Pc0175
  5231.271 106.00113     2.461    -6.733               3.464            AX45P255
  5231.313 607.01214     1.204    -2.938               7.724          0902Pa0555
  5231.333 106.00113     2.335    -3.263               3.464            AX35R235
  5231.377 106.00112     2.165    -3.352               3.464            AX35R215
  5231.395      26.0     3.571     -2.72                                        
  5231.446 106.00112     2.165    -3.387               3.464            AX35R205
  5231.465 106.00112     1.509    -6.037               3.464            BX12P235
  5231.472      23.1     3.793     -2.97                                        
  5231.477 607.01314     1.012    -3.483               7.724          1104Rc0125
  5231.490 112.00124     0.384    -2.073               1.340           11P217b24
  5231.501 607.01314     1.012    -2.664               7.724          1104Qa0135
  5231.511      26.0     5.006     -2.82                                        
  5231.513 607.01214     1.334    -2.558               7.724          0902Qb0595
  5231.534 106.00112     1.509    -2.122               3.464            BX12Q225
  5231.535 106.00112     2.165    -5.511               3.464            AX35Q215
  5231.555 607.01214     0.382    -3.698               7.724          0600Ra0405
  5231.571 106.00113     2.215    -3.352               3.464            AX35R215
  5231.578 607.01314     1.031    -2.589               7.724          1104Qb0155
  5231.580 106.00113     2.215    -3.310               3.464            AX35R225
  5231.603 106.00112     1.509    -1.737               3.464            BX12Q235
  5231.605 607.01214     0.278    -4.996               7.724          0600Rc0335
  5231.608 607.01314     1.031    -3.528               7.724          1104Pd0165
  5231.629 106.00113     2.215    -5.515               3.464            AX35Q225
  5231.630 607.01214     1.334    -4.499               7.724          0902Pd0605
  5231.673 106.00112     1.509    -5.284               3.464            BX12R225
  5231.673 607.01214     0.278    -3.518               7.724          0600Qa0345
  5231.702      25.0     5.407     -2.12                                        
  5231.756      22.0     1.732     -3.03                                        
  5231.760 106.00113     2.397    -3.141               3.464            AX35R255
  5231.765      25.0     5.392     -2.25                                        
  5231.799      24.0     3.553     -3.44                                        
  5231.834      28.0     3.737     -2.16                                        
  5231.858 106.00112     2.161    -5.966               3.464            AX46R165
  5231.859 106.00112     2.361    -3.231               3.464            AX13Q315
  5231.883 607.01314     2.449    -3.165               7.724          1910Rc0225
  5231.917 607.01314     2.449    -2.032               7.724          1910Qa0235
  5231.924 607.01214     1.856    -3.445               7.724          1507Pc0255
  5231.975 106.00112     2.361    -6.205               3.464            AX13R305
  5231.986 106.00113     2.275    -3.263               3.464            AX35R235
  5231.990 112.00124     1.193    -0.708               1.340           01R240b24
  5232.038 106.00112     2.113    -6.671               3.464            AX02R305
  5232.085 106.00112     2.361    -5.869               3.464            AX13P315
  5232.104 607.01214     0.203    -4.733               7.724          0600Qc0285
  5232.126 106.00112     2.113    -3.631               3.464            AX02Q315
  5232.160 106.00113     2.397    -5.447               3.464            AX35Q255
  5232.162 607.01214     0.203    -3.939               7.724          0600Pa0295
  5232.175 112.00124     1.193    -3.701               1.340           01Q140b24
  5232.200 106.00112     2.361    -3.259               3.464            AX13Q305
  5232.259 607.01314     0.992    -3.312               7.724          1104Qc0085
  5232.276 607.01314     0.992    -3.263               7.724          1104Pa0095
  5232.286 106.00113     2.397    -3.206               3.464            AX35R245
  5232.315 607.01314     0.069    -4.602               7.724          0600Qc0165
  5232.316 106.00112     2.113    -3.645               3.464            AX02Q305
  5232.324 106.00113     2.275    -5.476               3.464            AX35Q235
  5232.340 607.01314     0.113    -4.858               7.724          0600Rc0215
  5232.348 607.01314     0.069    -4.201               7.724          0600Pa0175
  5232.360      42.0     2.595     -1.59                              NIST/B    
  5232.383 607.01314     0.113    -3.710               7.724          0600Qa0225
  5232.404 106.00112     2.113    -6.260               3.464            AX02P315
  5232.428 106.00113     2.275    -3.311               3.464            AX35R225
  5232.431 112.00124     1.193    -0.698               1.340           01R140b24
  5232.498      24.1     4.071     -2.18                              Lawler17  
  5232.540 607.01214     0.274    -4.299               7.724          0701Rd0095
  5232.544 607.01214     0.152    -5.065               7.724          0600Pc0245
  5232.562      22.0     2.406     -4.39                                        
  5232.584 607.01214     0.279    -4.291               7.724          0701Rd0105
  5232.640 607.01214     0.270    -4.311               7.724          0701Rd0085
  5232.673 607.01214     1.158    -3.761               7.724          1003Qc0415
  5232.689 607.01314     1.160    -3.687               7.724          1104Rd0295
  5232.738      24.0     4.201     -4.07                                        
  5232.754 607.01214     1.158    -2.708               7.724          1003Pa0425
  5232.773 607.01214     0.284    -4.286               7.724          0701Rd0115
  5232.775 607.01314     1.082    -2.689               7.724          1104Rb0215
  5232.813      41.0     1.156     -1.43                                        
  5232.815 607.01314     1.082    -3.288               7.724          1104Qd0225
  5232.819      23.0     2.581     -2.91                                        
  5232.829      26.0     5.066     -3.96                                        
  5232.863 607.01214     1.475    -2.763               7.724          0902Ra0655
  5232.882 607.01214     0.266    -4.327               7.724          0701Rd0075
  5232.907      25.1     6.387     -4.52                                        
  5232.909 607.01214     1.085    -4.086               7.724          1003Pc0375
  5232.918      58.1     1.319     -0.31                              Lawler09  
  5232.919 607.01314     1.063    -2.697               7.724          1104Ra0205
  5232.935 112.00124     0.064    -1.718               1.340           00P209b24
  5232.940      26.0     2.940     -0.06                              NIST/B+   
  5232.994 607.01214     2.593    -1.910               7.724          1910Qb0305
  5233.016 112.00124     1.019    -2.313               1.340           11P236b24
  5233.018 607.01314     2.951    -3.324               7.724          2212Pc0295
  5233.040 607.01214     2.593    -3.269               7.724          1910Pd0315
  5233.042      22.0     2.101     -5.67                                        
  5233.066      26.0     3.015     -4.80                                        
  5233.079      24.0     3.553     -3.79                                        
  5233.084      26.0     3.639     -4.82                                        
  5233.108 607.01214     0.289    -4.283               7.724          0701Rd0125
  5233.134 607.01314     0.085    -4.150               7.724          0600Pb0185
  5233.216      23.0     3.812     -4.21                                        
  5233.220      22.0     1.732     -3.19                                        
  5233.225      90.1     1.204     -1.52                                        
  5233.265 607.01214     0.263    -4.350               7.724          0701Rd0065
  5233.276      23.0     2.636     -4.81                                        
  5233.291 607.01314     2.431    -2.435               7.724          1910Pb0205
  5233.305 106.00112     2.508    -5.852               3.464            AX46R235
  5233.361      25.1     5.387     -7.70                                        
  5233.412      24.0     4.204     -4.51                                        
  5233.425      26.0     4.962     -3.85                                        
  5233.452      23.0     3.803     -4.23                                        
  5233.464 607.01214     0.217    -3.931               7.724          0600Pb0295
  5233.476 607.01314     0.985    -3.839               7.724          1104Pc0065
  5233.520      74.0     2.385     -1.23                                        
  5233.546 607.01214     1.107    -4.538               7.724          0902Pc0505
  5233.558 607.01314     1.018    -3.484               7.724          1104Rc0135
  5233.567 607.01214     1.087    -3.687               7.724          1104Pc0195
  5233.580      24.0     4.204     -4.16                                        
  5233.583 607.01214     0.294    -3.517               7.724          0600Qb0345
  5233.584 607.01314     1.018    -2.626               7.724          1104Qa0145
  5233.589 607.01214     0.295    -4.282               7.724          0701Rd0135
  5233.608 607.01314     0.208    -3.840               7.724          0600Rb0295
  5233.612      26.0     5.008     -3.27                                        
  5233.653 607.01214     0.294    -5.048               7.724          0600Pd0355
  5233.666 607.01314     0.208    -4.683               7.724          0600Qd0305
  5233.692      23.0     2.294     -0.53                               LAWNOHFS 
  5233.718 607.01214     1.334    -4.430               7.724          0902Rc0595
  5233.771      58.0     0.028     -1.27                                        
  5233.771   23.0051     2.246    -2.880                                 KURHFS 
  5233.771   23.0051     2.246    -2.880                                 KURHFS 
  5233.771   23.0051     2.246    -3.181                                 KURHFS 
  5233.788   23.0051     2.246    -2.716                                 KURHFS 
  5233.788   23.0051     2.246    -2.742                                 KURHFS 
  5233.788   23.0051     2.246    -3.056                                 KURHFS 
  5233.788 607.01214     0.260    -4.382               7.724          0701Rd0055
  5233.809   23.0051     2.246    -2.459                                 KURHFS 
  5233.809   23.0051     2.246    -2.708                                 KURHFS 
  5233.809   23.0051     2.246    -3.306                                 KURHFS 
  5233.811      22.0     0.818     -2.56                                        
  5233.834 607.01214     1.334    -2.550               7.724          0902Qa0605
  5233.837   23.0051     2.246    -2.243                                 KURHFS 
  5233.837   23.0051     2.246    -2.869                                 KURHFS 
  5233.837   23.0051     2.246    -3.734                                 KURHFS 
  5233.841 607.01314     2.502    -2.203               7.724          1910Ra0285
  5233.866      22.0     2.479     -5.09                                        
  5233.894 607.01314     1.785    -2.489               7.724          1507Pb0225
  5233.930 112.00124     0.408    -2.101               1.340           11P218b24
  5233.939      64.0     0.896     -0.44                                        
  5233.939 106.00113     1.377    -2.704               3.464            BX13Q155
  5233.956      37.0     1.588     -2.42                                        
  5233.981 106.00113     1.377    -6.278               3.464            BX13P165
  5234.007 607.01214     0.401    -3.703               7.724          0600Rb0405
  5234.019      58.1     1.026     -0.79                              Lawler09  
  5234.040 106.00113     1.377    -6.181               3.464            BX13R155
  5234.049   23.0051     2.357    -1.402                                 LAWLER 
  5234.049   23.0051     2.357    -1.505                                 LAWLER 
  5234.050   23.0051     2.357    -1.359                                 LAWLER 
  5234.050   23.0051     2.357    -1.726                                 LAWLER 
  5234.051   23.0051     2.357    -1.370                                 LAWLER 
  5234.054   23.0051     2.357    -1.447                                 LAWLER 
  5234.055   23.0051     2.357    -1.530                                 LAWLER 
  5234.057   23.0051     2.357    -1.516                                 LAWLER 
  5234.058   23.0051     2.357    -1.662                                 LAWLER 
  5234.060   23.0051     2.357    -1.378                                 LAWLER 
  5234.063   23.0051     2.357    -1.211                                 LAWLER 
  5234.063   23.0051     2.357    -1.726                                 LAWLER 
  5234.068   23.0051     2.357    -1.042                                 LAWLER 
  5234.068   23.0051     2.357    -1.505                                 LAWLER 
  5234.072 607.01314     1.012    -3.051               7.724          1104Pb0125
  5234.073   23.0051     2.357    -0.883                                 LAWLER 
  5234.074   23.0051     2.357    -1.402                                 LAWLER 
  5234.080   23.0051     2.357    -0.735                                 LAWLER 
  5234.082   23.0051     2.357    -1.359                                 LAWLER 
  5234.082 106.00113     1.377    -2.671               3.464            BX13Q165
  5234.087   23.0051     2.357    -0.599                                 LAWLER 
  5234.090   23.0051     2.357    -1.370                                 LAWLER 
  5234.090 607.01214     0.401    -4.810               7.724          0600Qd0415
  5234.099   23.0051     2.357    -1.447                                 LAWLER 
  5234.109   23.0051     2.357    -1.662                                 LAWLER 
  5234.111 607.01314     0.195    -3.832               7.724          0600Ra0295
  5234.120 607.01314     0.047    -4.986               7.724          0600Pc0135
  5234.190      60.1     0.550     -0.51                              DenHarto03
  5234.190      62.1     1.265     -1.27                              Lawler06  
  5234.204 607.01314     1.827    -2.072               7.724          1507Qb0265
  5234.219 607.01214     0.302    -4.283               7.724          0701Rd0145
  5234.233 607.01314     2.514    -2.209               7.724          1910Rb0285
  5234.250 607.01314     1.827    -3.328               7.724          1507Pd0275
  5234.258      42.0     2.291     -1.52                              NIST/B+   
  5234.261 106.00113     1.243    -6.654               3.464            AX13R135
  5234.263      26.0     5.016     -2.73                                        
  5234.268      57.0     0.511     -0.25                                        
  5234.271      23.1     2.263     -4.42                                        
  5234.275 607.01314     0.134    -3.687               7.724          0600Qb0235
  5234.276 607.01314     2.514    -2.983               7.724          1910Qd0295
  5234.298 607.01314     1.816    -3.289               7.724          1507Rc0255
  5234.305 607.01314     2.399    -3.264               7.724          1910Pc0165
  5234.310 106.00113     2.376    -1.827               3.464            AX51Q375
  5234.315      75.0     2.869     -0.93                                        
  5234.321 607.01314     0.134    -4.908               7.724          0600Pd0245
  5234.342 607.01314     1.816    -2.073               7.724          1507Qa0265
  5234.366 106.00112     1.139    -5.830               3.464            BX13P095
  5234.368   25.0055     2.296   -10.947                                 KURHFS 
  5234.370 106.00113     2.111    -6.002               3.464            AX46R155
  5234.378   25.0055     2.296   -10.814                                 KURHFS 
  5234.378   25.0055     2.296   -11.458                                 KURHFS 
  5234.393   25.0055     2.296   -10.684                                 KURHFS 
  5234.393   25.0055     2.296   -11.270                                 KURHFS 
  5234.393   25.0055     2.296   -12.555                                 KURHFS 
  5234.414   25.0055     2.296   -10.562                                 KURHFS 
  5234.414   25.0055     2.296   -11.215                                 KURHFS 
  5234.414   25.0055     2.296   -12.424                                 KURHFS 
  5234.425 607.01314     1.039    -2.557               7.724          1104Qb0165
  5234.437 607.01314     0.996    -3.296               7.724          1104Qc0095
  5234.439   25.0055     2.296   -10.449                                 KURHFS 
  5234.439   25.0055     2.296   -11.253                                 KURHFS 
  5234.439   25.0055     2.296   -12.521                                 KURHFS 
  5234.449 607.01214     0.258    -4.424               7.724          0701Rd0045
  5234.456 607.01314     0.996    -3.199               7.724          1104Pa0105
  5234.457 607.01314     1.039    -3.531               7.724          1104Pd0175
  5234.468   25.0055     2.296   -10.345                                 KURHFS 
  5234.468   25.0055     2.296   -11.441                                 KURHFS 
  5234.468   25.0055     2.296   -12.856                                 KURHFS 
  5234.551      26.0     3.299     -4.55                                        
  5234.593      26.0     5.008     -3.21                                        
  5234.605 106.00112     2.166    -3.352               3.464            AX35R215
  5234.618 607.01314     1.877    -2.252               7.724          1507Ra0315
  5234.624      26.1     3.221     -2.21                                 NIST/D+
  5234.668      23.0     2.503     -8.88                                        
  5234.677 607.01314     2.422    -2.894               7.724          1910Qc0195
  5234.707 607.01314     2.422    -2.454               7.724          1910Pa0205
  5234.715      27.0     4.172     -0.24                                        
  5234.764 106.00112     2.166    -5.477               3.464            AX35Q215
  5234.795 106.00113     2.108    -6.210               3.464            AX13R275
  5234.801 607.01314     1.775    -3.030               7.724          1507Qc0215
  5234.803 106.00113     1.572    -6.159               3.464            BX02P235
  5234.810 106.00112     2.166    -3.387               3.464            AX35R205
  5234.821 106.00113     2.108    -3.307               3.464            AX13Q285
  5234.838 607.01314     1.775    -2.503               7.724          1507Pa0225
  5234.846 106.00112     2.245    -7.370               3.464            AX50R375
  5234.882      46.0     4.451      0.16                                        
  5234.887 106.00113     2.217    -3.311               3.464            AX35R225
  5234.901 607.01214     0.547    -5.196               7.724          0600Rd0485
  5234.944 607.01314     0.964    -4.000               7.724          1003Pc0315
  5234.946      24.0     5.651     -2.02                                        
  5234.951 106.00112     2.245    -4.808               3.464            AX50Q385
  5234.998 106.00113     2.106    -6.671               3.464            AX02R305
  5234.998 106.00113     2.108    -3.324               3.464            AX13Q275
  5234.998 607.01214     0.309    -4.286               7.724          0701Rd0155
  5235.002      22.0     1.872     -3.68                                        
  5235.014 607.01214     2.543    -2.976               7.724          1910Qc0265
  5235.022 106.00113     2.106    -3.631               3.464            AX02Q315
  5235.023 106.00113     2.108    -5.882               3.464            AX13P285
  5235.037 106.00113     2.461    -3.069               3.464            AX35R265
  5235.053 607.01214     2.543    -2.300               7.724          1910Pa0275
  5235.071   27.0059     2.135    -3.276                                 KURHFS 
  5235.078   27.0059     2.135    -2.991                                 KURHFS 
  5235.078   27.0059     2.135    -3.246                                 KURHFS 
  5235.094   27.0059     2.135    -2.803                                 KURHFS 
  5235.094   27.0059     2.135    -3.246                                 KURHFS 
  5235.094   27.0059     2.135    -3.297                                 KURHFS 
  5235.103   27.0059     2.135    -4.125                                 LAWHFS 
  5235.115   27.0059     2.135    -3.714                                 LAWHFS 
  5235.117   27.0059     2.135    -2.712                                 KURHFS 
  5235.117   27.0059     2.135    -2.858                                 KURHFS 
  5235.117   27.0059     2.135    -3.422                                 KURHFS 
  5235.126   27.0059     2.135    -3.492                                 LAWHFS 
  5235.136   27.0059     2.135    -3.367                                 LAWHFS 
  5235.137 106.00112     2.245    -5.252               3.464            AX50Q375
  5235.145   27.0059     2.135    -3.316                                 LAWHFS 
  5235.148   27.0059     2.135    -2.603                                 KURHFS 
  5235.148   27.0059     2.135    -2.690                                 KURHFS 
  5235.148   27.0059     2.135    -3.644                                 KURHFS 
  5235.149   27.0059     2.135    -3.010                                 LAWHFS 
  5235.153   27.0059     2.135    -2.814                                 LAWHFS 
  5235.154   27.0059     2.135    -3.346                                 LAWHFS 
  5235.157   27.0059     2.135    -2.760                                 LAWHFS 
  5235.159   27.0059     2.135    -2.782                                 LAWHFS 
  5235.161   27.0059     2.135    -2.873                                 LAWHFS 
  5235.162   27.0059     2.135    -3.061                                 LAWHFS 
  5235.178   27.0059     2.135    -3.316                                 LAWHFS 
  5235.184   27.0059     2.135    -2.928                                 LAWHFS 
  5235.187   27.0059     2.135    -2.405                                 KURHFS 
  5235.187   27.0059     2.135    -2.744                                 KURHFS 
  5235.187   27.0059     2.135    -4.054                                 KURHFS 
  5235.190   27.0059     2.135    -2.673                                 LAWHFS 
  5235.195   27.0059     2.135    -2.475                                 LAWHFS 
  5235.197 106.00113     2.217    -5.479               3.464            AX35Q225
  5235.199   27.0059     2.135    -2.311                                 LAWHFS 
  5235.203   27.0059     2.135    -2.170                                 LAWHFS 
  5235.222 607.01314     1.890    -2.260               7.724          1507Rb0315
  5235.233   27.0059     2.135    -2.241                                 KURHFS 
  5235.233   27.0059     2.135    -2.940                                 KURHFS 
  5235.236 106.00113     2.106    -3.644               3.464            AX02Q305
  5235.242 106.00112     2.245    -9.399               3.464            AX50P385
  5235.248 607.01214     0.256    -4.482               7.724          0701Rd0035
  5235.261 106.00113     2.106    -6.260               3.464            AX02P315
  5235.276 607.01314     1.890    -3.091               7.724          1507Qd0325
  5235.285 607.01214     2.510    -3.306               7.724          1910Pc0235
  5235.286   27.0059     2.135    -2.100                                 KURHFS 
  5235.289 106.00113     2.217    -3.352               3.464            AX35R215
  5235.361 607.01214     1.658    -4.564               7.724          0902Rd0715
  5235.363 112.00124     0.977    -2.470               1.340           11P235b24
  5235.387      26.0     4.076     -0.97                              NIST/D+   
  5235.392      73.0     1.594     -1.78                                        
  5235.395      23.0     2.576     -4.09                                        
  5235.398      23.0     3.296     -4.30                                        
  5235.405      42.0     3.440     -1.88                                        
  5235.408 607.01314     1.072    -2.675               7.724          1104Ra0215
  5235.414      26.0     2.586     -4.08                                        
  5235.471 106.00113     2.461    -5.420               3.464            AX35Q265
  5235.494      28.0     3.895     -1.03                                        
  5235.579      24.0     5.667     -1.83                                        
  5235.579 607.01214     1.906    -3.123               7.724          1507Qc0295
  5235.590      23.0     3.803     -3.87                                        
  5235.606 106.00113     2.461    -3.141               3.464            AX35R255
  5235.621 607.01314     2.469    -2.013               7.724          1910Qb0245
  5235.631 607.01214     1.906    -2.352               7.724          1507Pa0305
  5235.657 607.01314     2.469    -3.185               7.724          1910Pd0255
  5235.682      24.0     5.663     -1.77                                        
  5235.705 607.01314     0.124    -4.865               7.724          0600Rc0225
  5235.731 607.01314     0.077    -4.607               7.724          0600Qc0175
  5235.750 607.01314     0.124    -3.688               7.724          0600Qa0235
  5235.762 607.01314     1.092    -2.666               7.724          1104Rb0225
  5235.767 607.01314     0.077    -4.170               7.724          0600Pa0185
  5235.805 607.01314     1.092    -3.294               7.724          1104Qd0235
  5235.811      58.1     1.480     -1.05                                        
  5235.811 607.01314     1.024    -3.487               7.724          1104Rc0145
  5235.834 607.01214     1.139    -2.706               7.724          1104Pb0245
  5235.839 607.01314     1.024    -2.592               7.724          1104Qa0155
  5235.854 607.01214     1.128    -3.348               7.724          1104Qc0235
  5235.863 607.01314     1.749    -3.380               7.724          1507Pc0185
  5235.871 106.00113     1.244    -6.613               3.464            AX13R135
  5235.900 607.01214     1.128    -2.717               7.724          1104Pa0245
  5235.928 607.01214     0.316    -4.289               7.724          0701Rd0165
  5235.987      24.0     3.842     -3.01                                        
  5235.988      28.0     4.415     -2.89                                        
  5236.082 607.01314     0.988    -3.785               7.724          1104Pc0075
  5236.106      24.0     3.553     -4.61                                        
  5236.114 106.00113     2.112    -5.958               3.464            AX46R155
  5236.120 112.00124     0.433    -2.129               1.340           11P219b24
  5236.130 607.01314     2.459    -3.174               7.724          1910Rc0235
  5236.166 607.01314     2.459    -2.011               7.724          1910Qa0245
  5236.183 607.01214     0.254    -4.565               7.724          0701Rd0025
  5236.204      26.0     4.186     -1.50                              NIST/C    
  5236.207 106.00113     2.159    -3.386               3.464            AX35R205
  5236.219 106.00113     2.159    -3.351               3.464            AX35R215
  5236.225      20.0     2.930     -5.63                                        
  5236.256      66.0     0.000     -1.77                                        
  5236.273 106.00113     2.159    -5.511               3.464            AX35Q215
  5236.292      23.0     2.357     -4.12                                        
  5236.384      26.0     4.309     -2.43                                        
  5236.429 607.01214     2.555    -2.291               7.724          1910Pb0275
  5236.508      24.1     6.892     -1.96                                        
  5236.533      24.1     6.817     -3.12                                        
  5236.617      24.0     3.419     -3.75                                        
  5236.620 106.00112     1.248    -6.654               3.464            AX13R135
  5236.695      20.0     2.930     -6.22                                        
  5236.701      22.0     3.688     -1.95                                        
  5236.791 607.01314     1.001    -3.284               7.724          1104Qc0105
  5236.812 607.01314     1.001    -3.142               7.724          1104Pa0115
  5236.869      24.0     3.553     -4.11                                        
  5236.876      23.0     3.064     -4.39                                        
  5236.903      22.0     3.109     -3.11                                        
  5236.942      20.0     5.685     -5.72                                        
  5237.002      23.1     3.796     -2.24                                        
  5237.008 607.01214     0.324    -4.293               7.724          0701Rd0175
  5237.014   23.0051     2.357    -5.757                                 KURHFS 
  5237.014   23.0051     2.357    -6.012                                 KURHFS 
  5237.014   23.0051     2.357    -6.042                                 KURHFS 
  5237.023   23.0051     2.357    -5.569                                 KURHFS 
  5237.023   23.0051     2.357    -5.624                                 KURHFS 
  5237.023   23.0051     2.357    -6.012                                 KURHFS 
  5237.035   23.0051     2.357    -5.369                                 KURHFS 
  5237.035   23.0051     2.357    -5.478                                 KURHFS 
  5237.035   23.0051     2.357    -6.063                                 KURHFS 
  5237.053   23.0051     2.357    -5.171                                 KURHFS 
  5237.053   23.0051     2.357    -5.456                                 KURHFS 
  5237.053   23.0051     2.357    -6.188                                 KURHFS 
  5237.067      58.1     1.319     -0.62                              Lawler09  
  5237.071 106.00113     2.377    -4.875               3.464            AX51R365
  5237.074   23.0051     2.357    -5.007                                 KURHFS 
  5237.074   23.0051     2.357    -5.510                                 KURHFS 
  5237.074   23.0051     2.357    -6.410                                 KURHFS 
  5237.079      27.0     4.172     -0.35                                        
  5237.079 607.01214     0.294    -5.003               7.724          0600Rc0345
  5237.082 106.00112     1.247    -3.167               3.464            BX13P125
  5237.089      26.1     6.221     -4.33                                        
  5237.095 607.01314     0.094    -4.122               7.724          0600Pb0195
  5237.100   23.0051     2.357    -4.866                                 KURHFS 
  5237.100   23.0051     2.357    -5.706                                 KURHFS 
  5237.100   23.0051     2.357    -6.820                                 KURHFS 
  5237.114      24.0     4.236     -4.18                                        
  5237.147      45.0     3.853      0.66                                        
  5237.150 607.01214     0.294    -3.504               7.724          0600Qa0355
  5237.154 112.00124     1.246    -2.516               1.340           00P244b24
  5237.154 607.01214     0.401    -3.686               7.724          0600Ra0415
  5237.156 106.00112     1.247    -7.237               3.464            BX13Q125
  5237.172      23.0     3.957     -4.33                                        
  5237.180 106.00113     1.038    -7.197               3.464            AX02R155
  5237.183      24.0     4.447     -2.87                                        
  5237.255 607.01214     0.254    -4.690               7.724          0701Rd0015
  5237.264      26.0     3.544     -3.42                                        
  5237.280 607.01314     1.018    -3.008               7.724          1104Pb0135
  5237.322      24.1     4.073     -1.17                              Lawler17  
  5237.351      24.0     5.657     -1.84                                        
  5237.353      22.0     2.493     -3.99                                        
  5237.364      24.0     3.446     -2.44                                        
  5237.373 106.00112     1.248    -3.110               3.464            BX13P135
  5237.425      41.0     1.042     -1.39                                        
  5237.428 607.01314     1.046    -2.527               7.724          1104Qb0175
  5237.441 112.00124     0.936    -2.452               1.340           11P234b24
  5237.448 112.00124     0.078    -1.766               1.340           00P210b24
  5237.461 607.01314     1.046    -3.536               7.724          1104Pd0185
  5237.496 607.01314     0.222    -3.824               7.724          0600Rb0305
  5237.524 607.01214     1.177    -2.705               7.724          1003Pb0425
  5237.537      73.1     1.812     -0.80                                        
  5237.541      22.0     1.501     -2.83                                 LAWLER 
  5237.556      25.1     5.387     -7.83                                        
  5237.556 607.01314     0.222    -4.691               7.724          0600Qd0315
  5237.603      62.0     1.592      0.01                                        
  5237.617 607.01214     1.919    -2.345               7.724          1507Pb0305
  5237.645 607.01214     0.217    -4.741               7.724          0600Qc0295
  5237.704 106.00112     1.509    -5.808               3.464            BX12P225
  5237.706 607.01214     0.217    -3.922               7.724          0600Pa0305
  5237.739      20.0     5.386     -4.47                                        
  5237.742 607.01314     0.208    -3.816               7.724          0600Ra0305
  5237.778      22.0     3.106     -2.19                                        
  5237.807 106.00112     2.280    -6.190               3.464            AX13R295
  5237.833      24.0     3.645     -1.03                                        
  5237.886 607.01314     0.054    -4.982               7.724          0600Pc0145
  5237.897 106.00112     2.280    -3.259               3.464            AX13Q305
  5237.903      90.1     2.196     -0.86                                        
  5237.906      26.0     4.291     -3.51                                        
  5237.961      42.0     2.596     -1.27                                        
  5237.989      22.0     1.738     -2.59                                 LAWLER 
  5238.029 106.00113     2.376    -5.140               3.464            AX51P375
  5238.033 106.00112     2.280    -3.281               3.464            AX13Q295
  5238.040 106.00112     2.119    -6.002               3.464            AX46R155
  5238.056 112.00124     0.459    -2.155               1.340           11P220b24
  5238.069 607.01314     1.082    -2.653               7.724          1104Ra0225
  5238.076 607.01314     2.440    -2.410               7.724          1910Pb0215
  5238.110 607.01314     0.146    -3.666               7.724          0600Qb0245
  5238.122 106.00112     2.280    -5.896               3.464            AX13P305
  5238.159 607.01314     0.146    -4.916               7.724          0600Pd0255
  5238.161 106.00112     1.248    -6.612               3.464            AX13R135
  5238.198      24.1     6.863     -2.36                                        
  5238.205      42.0     3.207      0.14                              NIST/B    
  5238.228      28.0     4.102     -1.80                                        
  5238.229 607.01214     1.868    -3.451               7.724          1507Pc0265
  5238.235 607.01314     1.031    -3.490               7.724          1104Rc0155
  5238.241 607.01214     0.332    -4.298               7.724          0701Rd0185
  5238.253      26.0     3.981     -3.15                                        
  5238.265 607.01314     1.031    -2.559               7.724          1104Qa0165
  5238.265 607.01314     2.514    -2.187               7.724          1910Ra0295
  5238.299 607.01214     0.164    -5.072               7.724          0600Pc0255
  5238.357      26.0     5.096     -3.79                                        
  5238.388      21.0     4.531     -3.14                                        
  5238.461 607.01214     0.253    -4.918               7.724          0701Rd0005
  5238.467      26.0     4.909     -2.24                                        
  5238.472      58.0     0.384     -1.08                                        
  5238.492 106.00113     2.440    -3.460               3.464            AX56P225
  5238.501      58.0     0.206     -0.77                                        
  5238.537      22.0     2.091     -1.10                                        
  5238.543      38.0     2.257      0.14                                        
  5238.588      22.0     0.848     -1.66                                        
  5238.614 106.00112     2.116    -3.632               3.464            AX02Q315
  5238.615      92.1     1.184     -1.84                                        
  5238.624      26.1     2.889     -5.29                                        
  5238.634 607.01214     1.097    -3.692               7.724          1104Pc0205
  5238.735 106.00112     2.116    -6.706               3.464            AX02R305
  5238.771 106.00112     2.111    -3.386               3.464            AX35R205
  5238.790 106.00113     2.441    -3.537               3.464            AX56P215
  5238.807      20.0     5.177     -2.66                                        
  5238.810 106.00113     2.288    -6.670               3.464            AX56P185
  5238.815 607.01314     1.827    -3.296               7.724          1507Rc0265
  5238.816 607.01314     1.795    -2.467               7.724          1507Pb0235
  5238.820 106.00112     2.111    -3.416               3.464            AX35R195
  5238.838      58.0     0.302     -1.00                                        
  5238.861 607.01314     1.827    -2.055               7.724          1507Qa0275
  5238.861 607.01314     2.407    -3.264               7.724          1910Pc0175
  5238.866 607.01314     0.992    -3.745               7.724          1104Pc0085
  5238.872 106.00113     1.748    -3.643               3.464            AX24R185
  5238.885 607.01214     1.229    -2.936               7.724          0902Pb0555
  5238.891 106.00112     2.116    -6.228               3.464            AX02P315
  5238.902 106.00113     1.748    -3.659               3.464            AX24R175
  5238.911      20.0     5.386     -3.97                                        
  5238.913 607.01314     1.102    -2.645               7.724          1104Rb0235
  5238.918 106.00112     2.111    -5.502               3.464            AX35Q205
  5238.926      23.1     3.970     -3.87                                        
  5238.937      77.0     2.052     -2.13                                        
  5238.958 607.01314     1.102    -3.301               7.724          1104Qd0245
  5238.961      24.0     2.707     -1.27                                 SOBECK 
  5238.983      20.0     5.045     -3.40                                        
  5238.987 607.01314     2.526    -2.192               7.724          1910Rb0295
  5239.012 106.00112     2.116    -3.645               3.464            AX02Q305
  5239.024 106.00113     1.748    -5.643               3.464            AX24Q185
  5239.029 607.01314     1.839    -2.054               7.724          1507Qb0275
  5239.032 607.01314     2.526    -2.994               7.724          1910Qd0305
  5239.069 607.01314     2.431    -2.899               7.724          1910Qc0205
  5239.070      24.0     3.099     -6.34                                        
  5239.077 607.01314     1.839    -3.336               7.724          1507Pd0285
  5239.088      23.0     3.795     -3.90                                        
  5239.101 607.01314     2.431    -2.428               7.724          1910Pa0215
  5239.104      23.1     3.796     -3.15                                        
  5239.129      24.0     3.119     -4.49                                        
  5239.136 607.01214     1.945    -3.312               7.724          1608Rd0075
  5239.206 106.00112     1.042    -7.196               3.464            AX02R155
  5239.209 607.01214     1.942    -3.337               7.724          1608Rd0065
  5239.223 106.00113     1.039    -7.150               3.464            AX02R155
  5239.227 607.01214     1.948    -3.294               7.724          1608Rd0085
  5239.229 607.01314     0.134    -4.873               7.724          0600Rc0235
  5239.232 112.00124     0.896    -2.433               1.340           11P233b24
  5239.251 607.01214     0.256    -4.318               7.724          0701Rb0025
  5239.258 607.01214     0.256    -4.157               7.724          0701Qd0035
  5239.261      63.0     1.617     -0.20                                        
  5239.272 607.01314     1.890    -2.237               7.724          1507Ra0325
  5239.276 607.01314     0.134    -3.667               7.724          0600Qa0245
  5239.283 607.01214     0.232    -3.915               7.724          0600Pb0305
  5239.299 607.01214     0.254    -4.493               7.724          0701Rb0015
  5239.302 106.00113     2.161    -3.352               3.464            AX35R215
  5239.304 607.01214     0.254    -4.245               7.724          0701Qd0025
  5239.308 607.01214     0.311    -3.503               7.724          0600Qb0355
  5239.310 607.01314     0.085    -4.612               7.724          0600Qc0185
  5239.321 607.01314     1.006    -3.276               7.724          1104Qc0115
  5239.324      26.0     5.064     -2.05                                        
  5239.338 607.01214     0.258    -4.188               7.724          0701Rb0035
  5239.343 607.01314     1.006    -3.090               7.724          1104Pa0125
  5239.347 607.01214     0.258    -4.093               7.724          0701Qd0045
  5239.347 607.01314     0.085    -4.140               7.724          0600Pa0195
  5239.357 106.00113     2.441    -5.375               3.464            AX56Q215
  5239.375 607.01314     1.785    -3.036               7.724          1507Qc0225
  5239.380 607.01214     0.311    -5.056               7.724          0600Pd0365
  5239.414 607.01314     1.785    -2.480               7.724          1507Pa0235
  5239.418 106.00113     1.531    -3.873               3.464            AX13R195
  5239.445 106.00113     1.531    -3.885               3.464            AX13R185
  5239.445 607.01214     1.939    -3.370               7.724          1608Rd0055
  5239.482 607.01214     0.253    -4.769               7.724          0701Rb0005
  5239.485 607.01214     0.254    -4.374               7.724          0701Qd0015
  5239.485 607.01214     1.952    -3.281               7.724          1608Rd0095
  5239.502      24.0     3.110     -5.31                                        
  5239.535      57.0     0.998     -0.98                                        
  5239.560 106.00113     1.531    -5.900               3.464            AX13Q195
  5239.562 607.01214     0.260    -4.082               7.724          0701Rb0045
  5239.573 607.01214     0.260    -4.047               7.724          0701Qd0055
  5239.584 106.00113     2.161    -5.476               3.464            AX35Q215
  5239.615      25.1     5.387     -8.77                                        
  5239.626 607.01214     0.341    -4.303               7.724          0701Rd0195
  5239.653      24.0     3.419     -3.64                                        
  5239.663 106.00113     2.161    -3.386               3.464            AX35R205
  5239.708 106.00113     1.372    -6.333               3.464            BX02P205
  5239.738 112.00124     0.486    -2.111               1.340           11P221b24
  5239.785 106.00112     2.120    -5.958               3.464            AX46R155
  5239.799 607.01214     0.253    -4.539               7.724          0701Qd0005
  5239.831 607.01214     0.421    -3.691               7.724          0600Rb0415
  5239.841      58.1     1.154     -1.51                                        
  5239.845 607.01214     1.937    -3.414               7.724          1608Rd0045
  5239.910 607.01214     1.957    -3.271               7.724          1608Rd0105
  5239.914      26.0     5.082     -2.60                                        
  5239.916 607.01214     0.421    -4.816               7.724          0600Qd0425
  5239.923 607.01214     0.263    -3.994               7.724          0701Rb0055
  5239.936      22.0     0.812     -2.79                                        
  5239.936 607.01214     0.263    -4.013               7.724          0701Qd0065
  5240.087      24.0     3.099     -6.05                                        
  5240.118      58.0     0.517     -0.79                                        
  5240.142      20.0     5.386     -1.59                                        
  5240.148 607.01314     1.904    -2.245               7.724          1507Rb0325
  5240.160      23.0     2.314     -0.74                               LAWNOHFS 
  5240.161      22.0     2.015     -7.25                                        
  5240.197      90.1     0.764     -2.28                                        
  5240.204 607.01314     1.904    -3.098               7.724          1507Qd0335
  5240.248 607.01314     2.964    -3.333               7.724          2212Pc0305
  5240.301      42.0     2.513     -2.18                                        
  5240.356      26.0     3.265     -3.08                                        
  5240.387      41.0     1.079     -1.81                                        
  5240.394 607.01314     2.480    -1.993               7.724          1910Qb0255
  5240.407 607.01214     1.935    -3.474               7.724          1608Rd0035
  5240.423 607.01214     0.266    -3.917               7.724          0701Rb0065
  5240.432 607.01314     2.480    -3.192               7.724          1910Pd0265
  5240.438 607.01214     0.266    -3.987               7.724          0701Qd0075
  5240.473      24.0     3.665     -0.90                                        
  5240.502      70.1     3.744     -0.60                                        
  5240.502 607.01214     1.961    -3.265               7.724          1608Rd0115
  5240.549      24.0     4.447     -2.35                                        
  5240.570 607.01314     2.469    -3.183               7.724          1910Rc0245
  5240.586 607.01314     1.055    -2.498               7.724          1104Qb0185
  5240.601      26.1     7.268     -2.92                                        
  5240.607 607.01314     2.469    -1.991               7.724          1910Qa0255
  5240.621 607.01314     1.055    -3.541               7.724          1104Pd0195
  5240.633      26.0     5.064     -2.14                                        
  5240.639 607.01314     1.024    -2.969               7.724          1104Pb0145
  5240.653      24.0     4.204     -4.40                                        
  5240.655 607.01314     1.757    -3.382               7.724          1507Pc0195
  5240.657 106.00112     2.491    -5.888               3.464            AX51P375
  5240.676 607.01214     1.177    -3.768               7.724          1003Qc0425
  5240.681 106.00112     1.754    -3.659               3.464            AX24R175
  5240.705 106.00112     1.754    -3.642               3.464            AX24R185
  5240.732 106.00113     2.109    -3.632               3.464            AX02Q315
  5240.755      26.0     5.064     -2.00                                        
  5240.759 607.01214     1.177    -2.697               7.724          1003Pa0435
  5240.773 112.00124     0.857    -2.241               1.340           11P232b24
  5240.783 106.00113     2.481    -8.975               3.464            AX03R335
  5240.794 106.00113     2.377    -2.127               3.464            AX51Q365
  5240.800      39.0     2.294      0.06                                        
  5240.809 607.01214     1.139    -3.356               7.724          1104Qc0245
  5240.817 106.00112     1.754    -5.643               3.464            AX24Q185
  5240.824   23.0051     2.372    -1.757                                 LAWLER 
  5240.830 607.01214     0.253    -4.539               7.724          0701Qb0005
  5240.831 607.01314     1.039    -3.495               7.724          1104Rc0165
  5240.833 607.01214     0.254    -4.840               7.724          0701Pd0015
  5240.837   23.0051     2.372    -0.560                                 LAWLER 
  5240.837   23.0051     2.372    -1.536                                 LAWLER 
  5240.849   23.0051     2.372    -0.667                                 LAWLER 
  5240.850   23.0051     2.372    -1.452                                 LAWLER 
  5240.856 607.01214     1.139    -2.696               7.724          1104Pa0255
  5240.860   23.0051     2.372    -0.778                                 LAWLER 
  5240.861   23.0051     2.372    -1.434                                 LAWLER 
  5240.863   23.0051     2.372    -1.757                                 LAWLER 
  5240.863 607.01314     1.039    -2.529               7.724          1104Qa0175
  5240.870      22.1     2.596     -6.83                                        
  5240.870   23.0051     2.372    -0.892                                 LAWLER 
  5240.871   23.0051     2.372    -1.469                                 LAWLER 
  5240.872   23.0051     2.372    -1.536                                 LAWLER 
  5240.874      42.0     3.207      0.05                              NIST/B    
  5240.878   23.0051     2.372    -1.005                                 LAWLER 
  5240.879   23.0051     2.372    -1.566                                 LAWLER 
  5240.880   23.0051     2.372    -1.452                                 LAWLER 
  5240.885   23.0051     2.372    -1.110                                 LAWLER 
  5240.886   23.0051     2.372    -1.787                                 LAWLER 
  5240.887   23.0051     2.372    -1.434                                 LAWLER 
  5240.891   23.0051     2.372    -1.191                                 LAWLER 
  5240.893   23.0051     2.372    -1.469                                 LAWLER 
  5240.895   23.0051     2.372    -1.217                                 LAWLER 
  5240.897   23.0051     2.372    -1.566                                 LAWLER 
  5240.899   23.0051     2.372    -1.787                                 LAWLER 
  5240.901 607.01314     1.092    -2.633               7.724          1104Ra0235
  5240.921      24.0     3.373     -3.28                                        
  5240.964      23.1     2.266     -2.93                                        
  5240.968 106.00113     2.109    -6.706               3.464            AX02R305
  5240.971      26.0     5.385     -2.51                              PK15THEOR 
  5240.972 106.00113     2.109    -6.228               3.464            AX02P315
  5240.983 607.01214     1.504    -2.765               7.724          0902Rb0655
  5240.999 607.01214     0.569    -5.201               7.724          0600Rd0495
