a line list in the range:    5589.00   5601.00
  5589.011      26.0     4.470     -2.92                                        
  5589.020 607.01214     1.449    -4.965               7.724          0600Qd0795
  5589.026 607.01214     0.897    -3.632               7.724          0903Pc0245
  5589.041 106.00113     1.244    -7.589               3.464            BX03R125
  5589.048      24.0     4.613     -4.41                                        
  5589.073 106.00113     1.244    -7.743               3.464            BX03P135
  5589.083 106.00112     0.973    -6.673               3.464            BX03P015
  5589.097 106.00112     0.973    -5.503               3.464            BX03Q015
  5589.176 106.00113     1.244    -4.282               3.464            BX03Q135
  5589.202 607.01314     0.793    -3.629               7.724          0903Pc0155
  5589.214 607.01314     1.688    -2.824               7.724          1407Pb0085
  5589.216 607.01314     1.805    -3.213               7.724          1407Rd0255
  5589.219 106.00112     1.081    -7.659               3.464            BX03P085
  5589.238      58.0     0.826     -0.87                                        
  5589.257 112.00124     0.177    -2.237               1.340           01R100b24
  5589.259 607.01214     0.947    -3.307               7.724          0903Qc0285
  5589.292 112.00124     0.227    -1.048               1.340           01Q208h24
  5589.293 106.00112     1.081    -4.700               3.464            BX03Q085
  5589.294      27.0     4.172     -1.67                                        
  5589.302 112.00126     0.181    -1.649               1.340           01R102h26
  5589.307      25.0     5.108     -1.79                                        
  5589.315 607.01214     2.500    -2.284               7.724          1810Pb0225
  5589.323 607.01214     0.947    -2.524               7.724          0903Pa0295
  5589.330 112.00126     0.226    -0.995               1.340           01Q108h26
  5589.346      26.0     5.064     -2.10                                        
  5589.350 607.01214     1.823    -3.111               7.724          1407Rc0225
  5589.357      28.0     3.895     -1.14                                        
  5589.358 112.00124     0.227    -3.918               1.340           01P108b24
  5589.368 607.01314     1.681    -3.074               7.724          1407Rc0065
  5589.382 607.01314     1.681    -2.533               7.724          1407Qa0075
  5589.397 607.01214     1.823    -1.949               7.724          1407Qa0235
  5589.452      26.0     5.029     -2.48                                        
  5589.558 106.00112     1.108    -4.700               3.464            BX03Q085
  5589.573 607.01314     1.671    -3.208               7.724          1407Qc0025
  5589.573 607.01314     1.671    -3.557               7.724          1407Pa0035
  5589.591 112.00125     0.181    -1.649               1.340           01R102h25
  5589.618 112.00125     0.227    -0.995               1.340           01Q108h25
  5589.640 106.00112     1.108    -7.640               3.464            BX03R085
  5589.641 106.00113     1.867    -6.168               3.464            AX35P145
  5589.678 106.00112     2.506    -5.291               3.464            AX46Q225
  5589.680 106.00112     1.914    -8.660               3.464            AX03R255
  5589.691 607.01214     1.019    -3.572               7.724          0903Rc0335
  5589.698      23.0     0.069     -3.85                               LAWNOHFS 
  5589.707      23.0     1.871     -4.57                                        
  5589.750 106.00112     2.506    -3.094               3.464            AX46P235
  5589.766 607.01214     1.019    -2.108               7.724          0903Qa0345
  5589.769      26.0     4.909     -2.81                                        
  5589.794 607.01314     2.459    -2.205               7.724          1810Rb0235
  5589.811 106.00113     1.310    -4.020               3.464            AX02P205
  5589.819 607.01314     1.741    -2.357               7.724          1407Rb0175
  5589.834 607.01314     2.459    -2.816               7.724          1810Qd0245
  5589.839      26.0     2.196     -8.18                                        
  5589.850 106.00112     2.506    -3.134               3.464            AX46P225
  5589.854 106.00112     1.109    -7.696               3.464            BX03P095
  5589.854 607.01314     1.741    -2.814               7.724          1407Qd0185
  5589.865 112.00124     0.227    -3.913               1.340           01R208b24
  5589.871 106.00113     1.311    -6.402               3.464            AX02Q195
  5589.904 112.00124     0.182    -1.649               1.340           01R102h24
  5589.913 106.00112     1.314    -6.368               3.464            AX02Q195
  5589.931 112.00124     0.227    -0.995               1.340           01Q108h24
  5589.936 106.00112     1.109    -4.620               3.464            BX03Q095
  5589.942 607.01214     2.490    -2.838               7.724          1810Qc0215
  5589.955 607.01214     3.066    -2.875               7.724          2213Qc0115
  5589.979 607.01214     2.490    -2.298               7.724          1810Pa0225
  5589.996      22.0     3.421     -2.56                                        
  5590.008 106.00113     0.970    -5.398               3.464            BX03P015
  5590.025 607.01214     3.066    -2.706               7.724          2213Pa0125
  5590.031 106.00113     1.311    -4.049               3.464            AX02P195
  5590.064 106.00112     1.314    -4.019               3.464            AX02P205
  5590.077 607.01214     1.671    -5.307               7.724          0600Rd0855
  5590.083 106.00112     1.314    -4.049               3.464            AX02P195
  5590.095      58.0     0.978     -0.72                                        
  5590.104 607.01214     1.259    -3.772               7.724          0903Rd0475
  5590.120      20.0     2.521     -0.71                              NIST/D    
  5590.150 112.00124     1.196    -1.828               1.340           02R237b24
  5590.152      26.0     4.100     -2.99                                        
  5590.323      23.1     5.476     -2.05                                        
  5590.336 607.01314     2.364    -3.214               7.724          1810Pc0105
  5590.337 106.00112     1.456    -6.256               3.464            AX24P105
  5590.343 112.00124     1.196    -4.757               1.340           02Q137b24
  5590.354      23.0     3.236     -2.04                                        
  5590.367 607.01214     2.464    -3.181               7.724          1810Pc0185
  5590.430 607.01314     1.719    -2.393               7.724          1407Ra0155
  5590.526 106.00112     1.139    -4.620               3.464            BX03Q095
  5590.535      58.0     0.302     -1.23                                        
  5590.541 607.01214     2.532    -3.100               7.724          1810Rc0255
  5590.542 106.00113     2.527    -2.619               3.464            AX52R365
  5590.548 607.01214     0.996    -2.619               7.724          0802Pb0455
  5590.569 106.00112     1.016    -6.481               3.464            AX13P045
  5590.571 607.01314     1.684    -3.060               7.724          1407Rc0075
  5590.585 607.01214     2.532    -1.875               7.724          1810Qa0265
  5590.587 607.01314     1.684    -2.468               7.724          1407Qa0085
  5590.616 106.00112     1.139    -7.639               3.464            BX03R095
  5590.645   27.0059     2.041    -2.887                                 KURHFS 
  5590.655 607.01314     2.392    -2.480               7.724          1810Pb0155
  5590.656   27.0059     2.041    -2.476                                 KURHFS 
  5590.663   27.0059     2.041    -3.027                                 LAWHFS 
  5590.667 112.00124     1.196    -1.818               1.340           02R137b24
  5590.683   27.0059     2.041    -2.616                                 LAWHFS 
  5590.690      72.1     1.890     -2.88                              Lawler07  
  5590.707 607.01214     1.786    -2.856               7.724          1407Qc0185
  5590.708   27.0059     2.041    -2.773                                 KURHFS 
  5590.717   27.0059     2.041    -3.092                                 KURHFS 
  5590.719   27.0059     2.041    -2.913                                 LAWHFS 
  5590.719 607.01214     0.960    -2.517               7.724          0903Pb0295
  5590.728   27.0059     2.041    -2.887                                 KURHFS 
  5590.736   27.0059     2.041    -3.232                                 LAWHFS 
  5590.742 607.01214     1.786    -2.395               7.724          1407Pa0195
  5590.756   27.0059     2.041    -3.027                                 LAWHFS 
  5590.758 607.01214     1.013    -3.355               7.724          1004Rd0095
  5590.759   27.0059     2.041    -2.898                                 KURHFS 
  5590.765   27.0059     2.041    -3.038                                 LAWHFS 
  5590.771 106.00112     1.139    -7.721               3.464            BX03P105
  5590.774   27.0059     2.041    -2.773                                 KURHFS 
  5590.777   27.0059     2.041    -9.010                                 LAWHFS 
  5590.793   27.0059     2.041    -2.913                                 LAWHFS 
  5590.802   27.0059     2.041    -3.074                                 KURHFS 
  5590.806 607.01214     1.009    -3.367               7.724          1004Rd0085
  5590.807   27.0059     2.041    -3.214                                 LAWHFS 
  5590.808   27.0059     2.041    -2.898                                 KURHFS 
  5590.820   27.0059     2.041    -3.038                                 LAWHFS 
  5590.822 607.01314     1.673    -3.092               7.724          1407Qc0035
  5590.822 607.01314     1.673    -3.347               7.724          1407Pa0045
  5590.834      24.0     5.524     -2.75                                        
  5590.834 106.00113     2.037    -5.993               3.464            AX46P125
  5590.840 607.01214     3.120    -2.329               7.724          2213Ra0205
  5590.860      25.0     3.769     -5.30                                        
  5590.861 106.00112     1.139    -4.538               3.464            BX03Q105
  5590.874 607.01214     1.017    -3.347               7.724          1004Rd0105
  5590.879 607.01214     2.543    -1.873               7.724          1810Qb0265
  5590.900 607.01314     1.707    -2.264               7.724          1407Qb0125
  5590.904 106.00112     1.016    -6.496               3.464            AX13P045
  5590.924 607.01214     2.543    -3.133               7.724          1810Pd0275
  5590.926 607.01314     1.707    -3.076               7.724          1407Pd0135
  5590.953      39.0     1.917     -0.84                                        
  5591.013 607.01314     0.826    -3.572               7.724          0903Qc0195
  5591.018 607.01214     1.005    -3.384               7.724          1004Rd0075
  5591.062 607.01314     0.826    -2.664               7.724          0903Pa0205
  5591.089 607.01214     1.449    -3.342               7.724          0600Ra0795
  5591.119 607.01214     1.121    -2.297               7.724          0903Ra0405
  5591.154      25.0     5.334     -4.12                                        
  5591.157 607.01214     1.022    -3.342               7.724          1004Rd0115
  5591.170      62.0     0.282     -1.69                                        
  5591.195 112.00126     0.543    -0.851               1.340           01P223h26
  5591.253 607.01214     3.057    -3.311               7.724          2213Pc0095
  5591.274      22.0     3.438     -1.34                                        
  5591.314 607.01314     2.380    -2.790               7.724          1810Qc0135
  5591.319 106.00113     2.223    -4.348               3.464            AX50R385
  5591.323 112.00126     0.215    -1.109               1.340           01Q207h26
  5591.339 607.01314     2.380    -2.548               7.724          1810Pa0145
  5591.353 106.00113     0.692    -4.656               3.464            AX02Q035
  5591.368      26.1     3.265     -4.68                                        
  5591.387 112.00124     0.928    -3.011               1.340           12P230b24
  5591.392 607.01214     1.002    -3.407               7.724          1004Rd0065
  5591.408      27.0     4.110     -1.97                                        
  5591.460 112.00125     0.543    -0.851               1.340           01P223h25
  5591.471 106.00112     0.970    -5.954               3.464            BX03Q005
  5591.562 112.00124     1.149    -3.340               1.340           01P239b24
  5591.585 106.00113     0.692    -4.656               3.464            AX02Q035
  5591.585 607.01314     0.876    -3.703               7.724          0903Rc0245
  5591.605      26.0     3.271     -6.45                                        
  5591.607 607.01214     1.028    -3.340               7.724          1004Rd0125
  5591.609 106.00113     0.692    -5.740               3.464            AX02R035
  5591.619 112.00125     0.216    -1.109               1.340           01Q207h25
  5591.628 607.01314     0.785    -3.990               7.724          0802Pc0355
  5591.639 607.01314     0.876    -2.223               7.724          0903Qa0255
  5591.652 106.00112     0.710    -4.525               3.464            AX02Q045
  5591.671 106.00112     1.456    -6.288               3.464            AX24P105
  5591.700      26.0     5.006     -2.39                                        
  5591.707 607.01314     1.671    -4.043               7.724          1407Pc0025
  5591.726 607.01314     2.407    -3.023               7.724          1810Rc0175
  5591.745 112.00124     0.544    -0.851               1.340           01P223h24
  5591.747 106.00112     2.623    -8.955               3.464            AX36R255
  5591.758 106.00113     1.286    -4.282               3.464            BX03Q135
  5591.758 607.01314     2.407    -2.051               7.724          1810Qa0185
  5591.758 607.01314     2.449    -2.191               7.724          1810Ra0235
  5591.770 112.00126     0.543    -0.830               1.340           01P123h26
  5591.773      20.0     5.449     -4.41                                        
  5591.773      64.0     1.817      0.03                                        
  5591.777 607.01214     1.762    -3.218               7.724          1407Pc0155
  5591.838 106.00112     0.710    -5.838               3.464            AX02R045
  5591.840 106.00113     1.868    -6.210               3.464            AX35P145
  5591.841 106.00113     0.692    -5.746               3.464            AX02R035
  5591.843   23.0051     1.847    -4.874                                 KURHFS 
  5591.843   23.0051     1.847    -5.070                                 KURHFS 
  5591.843   23.0051     1.847    -5.137                                 KURHFS 
  5591.843 106.00112     1.173    -4.538               3.464            BX03Q105
  5591.844   23.0051     1.847    -4.670                                 KURHFS 
  5591.844   23.0051     1.847    -4.874                                 KURHFS 
  5591.844   23.0051     1.847    -5.769                                 KURHFS 
  5591.845   23.0051     1.847    -4.500                                 KURHFS 
  5591.845   23.0051     1.847    -4.769                                 KURHFS 
  5591.845   23.0051     1.847    -5.614                                 KURHFS 
  5591.847   23.0051     1.847    -4.354                                 KURHFS 
  5591.847   23.0051     1.847    -4.722                                 KURHFS 
  5591.847   23.0051     1.847    -5.614                                 KURHFS 
  5591.848   23.0051     1.847    -4.225                                 KURHFS 
  5591.848   23.0051     1.847    -4.728                                 KURHFS 
  5591.848   23.0051     1.847    -5.711                                 KURHFS 
  5591.850   23.0051     1.847    -4.109                                 KURHFS 
  5591.850   23.0051     1.847    -4.801                                 KURHFS 
  5591.850   23.0051     1.847    -5.915                                 KURHFS 
  5591.853   23.0051     1.847    -4.004                                 KURHFS 
  5591.853   23.0051     1.847    -5.012                                 KURHFS 
  5591.853   23.0051     1.847    -6.313                                 KURHFS 
  5591.861 106.00113     1.286    -7.736               3.464            BX03P145
  5591.866 106.00113     1.286    -7.558               3.464            BX03R135
  5591.889      20.0     5.485     -3.95                                        
  5591.926 607.01214     0.999    -3.438               7.724          1004Rd0055
  5591.938 106.00113     2.180    -6.643               3.464            AX13P285
  5591.939 106.00112     1.173    -7.629               3.464            BX03R105
  5591.941 112.00124     0.216    -1.109               1.340           01Q207h24
  5591.961 607.01214     1.035    -2.107               7.724          0903Qb0345
  5591.969 106.00113     1.286    -4.191               3.464            BX03Q145
  5591.974 607.01314     1.688    -3.050               7.724          1407Rc0085
  5591.975 106.00113     2.257    -5.561               3.464            AX03R305
  5591.993 607.01314     1.688    -2.411               7.724          1407Qa0095
  5591.999 112.00124     0.216    -3.870               1.340           01P107b24
  5592.002 106.00112     0.710    -4.525               3.464            AX02Q045
  5592.017   27.0059     3.512    -3.506                                 KURHFS 
  5592.017   27.0059     3.512    -3.702                                 KURHFS 
  5592.032 112.00125     0.543    -0.830               1.340           01P123h25
  5592.033 112.00126     0.215    -1.048               1.340           01Q107h26
  5592.034   27.0059     3.512    -3.481                                 KURHFS 
  5592.034   27.0059     3.512    -3.492                                 KURHFS 
  5592.034   27.0059     3.512    -3.702                                 KURHFS 
  5592.038 607.01214     1.035    -3.619               7.724          0903Pd0355
  5592.044 106.00112     1.173    -7.737               3.464            BX03P115
  5592.055 607.01214     3.090    -3.093               7.724          2213Rc0155
  5592.060   27.0059     3.512    -3.354                                 KURHFS 
  5592.060   27.0059     3.512    -3.378                                 KURHFS 
  5592.060   27.0059     3.512    -3.481                                 KURHFS 
  5592.084 112.00126     0.179    -1.835               1.340           01R201h26
  5592.094   27.0059     3.512    -3.187                                 KURHFS 
  5592.094   27.0059     3.512    -3.335                                 KURHFS 
  5592.094   27.0059     3.512    -3.378                                 KURHFS 
  5592.136   27.0059     3.512    -3.018                                 KURHFS 
  5592.136   27.0059     3.512    -3.335                                 KURHFS 
  5592.136   27.0059     3.512    -3.346                                 KURHFS 
  5592.140      28.0     4.232     -0.51                                        
  5592.140 106.00112     1.173    -4.454               3.464            BX03Q115
  5592.146 607.01214     3.090    -2.181               7.724          2213Qa0165
  5592.154 112.00124     0.544    -3.291               1.340           01Q223b24
  5592.177 607.01314     1.692    -2.762               7.724          1407Pb0095
  5592.187   27.0059     3.512    -2.859                                 KURHFS 
  5592.187   27.0059     3.512    -3.346                                 KURHFS 
  5592.187   27.0059     3.512    -3.423                                 KURHFS 
  5592.187 106.00112     0.710    -5.845               3.464            AX02R045
  5592.227 607.01214     1.034    -3.340               7.724          1004Rd0135
  5592.230      63.0     1.601     -1.11                                        
  5592.232      26.0     3.632     -2.65                                        
  5592.246   27.0059     3.512    -2.711                                 KURHFS 
  5592.246   27.0059     3.512    -3.423                                 KURHFS 
  5592.246   27.0059     3.512    -3.638                                 KURHFS 
  5592.247 106.00113     2.257    -7.542               3.464            AX03Q305
  5592.258      25.1     6.181     -2.42                                        
  5592.262      28.0     1.949     -2.51                              Wood14    
  5592.264 106.00113     0.692    -5.752               3.464            AX02P045
  5592.279 607.01314     1.675    -3.014               7.724          1407Qc0045
  5592.279 607.01314     1.675    -3.196               7.724          1407Pa0055
  5592.283      25.0     5.537     -3.31                                        
  5592.313   27.0059     3.512    -2.575                                 KURHFS 
  5592.313   27.0059     3.512    -3.638                                 KURHFS 
  5592.318 112.00124     0.544    -0.830               1.340           01P123h24
  5592.324 607.01314     1.816    -3.220               7.724          1407Rd0265
  5592.326 112.00125     0.216    -1.048               1.340           01Q107h25
  5592.346      24.0     4.614     -2.03                                        
  5592.354 607.01314     1.726    -2.365               7.724          1407Ra0165
  5592.389 106.00112     0.710    -5.810               3.464            AX02P055
  5592.390 112.00125     0.179    -1.835               1.340           01R201h25
  5592.398 106.00112     2.514    -5.611               3.464            AX14R305
  5592.405      21.0     4.681     -2.50                                        
  5592.414   23.0051     1.050    -1.677                                 LAWLER 
  5592.414   23.0051     1.050    -1.893                                 LAWLER 
  5592.415   23.0051     1.050    -2.142                                 LAWLER 
  5592.415   23.0051     1.050    -2.176                                 LAWLER 
  5592.415   23.0051     1.050    -2.303                                 LAWLER 
  5592.415   23.0051     1.050    -2.615                                 LAWLER 
  5592.416   23.0051     1.050    -2.150                                 LAWLER 
  5592.416   23.0051     1.050    -2.314                                 LAWLER 
  5592.416   23.0051     1.050    -2.314                                 LAWLER 
  5592.416   23.0051     1.050    -2.490                                 LAWLER 
  5592.416   23.0051     1.050    -2.740                                 LAWLER 
  5592.416   23.0051     1.050    -3.168                                 LAWLER 
  5592.454 106.00113     0.692    -5.748               3.464            AX02P045
  5592.467 106.00113     2.037    -6.029               3.464            AX46P125
  5592.473 607.01314     2.422    -2.023               7.724          1810Qb0195
  5592.476 106.00113     2.257    -5.535               3.464            AX03R295
  5592.505 607.01214     1.893    -2.103               7.724          1407Ra0295
  5592.508 607.01314     2.422    -3.060               7.724          1810Pd0205
  5592.519 106.00113     0.692    -4.538               3.464            AX02Q045
  5592.556 607.01314     1.749    -2.330               7.724          1407Rb0185
  5592.558 607.01214     1.906    -2.112               7.724          1407Rb0295
  5592.562 106.00112     2.514    -5.423               3.464            AX14R295
  5592.574 106.00112     0.710    -4.435               3.464            AX02Q055
  5592.578 607.01214     3.138    -2.322               7.724          2213Rb0215
  5592.586 112.00124     0.216    -3.864               1.340           01R207b24
  5592.589 607.01314     1.749    -2.819               7.724          1407Qd0195
  5592.619 607.01214     1.906    -2.921               7.724          1407Qd0305
  5592.621 607.01214     0.997    -3.480               7.724          1004Rd0045
  5592.645      26.0     4.291     -2.31                                        
  5592.645 112.00124     0.216    -1.048               1.340           01Q107h24
  5592.655 106.00112     2.514    -7.297               3.464            AX14Q305
  5592.660      60.1     1.159     -1.23                                        
  5592.674 607.01214     3.104    -2.149               7.724          2213Qb0175
  5592.686 106.00112     0.710    -5.805               3.464            AX02P055
  5592.704 607.01214     3.138    -2.882               7.724          2213Qd0225
  5592.709 106.00113     0.692    -4.539               3.464            AX02Q045
  5592.720 112.00124     0.179    -1.835               1.340           01R201h24
  5592.731 112.00124     0.179    -2.632               1.340           01Q101b24
  5592.768      25.0     3.769     -5.28                                        
  5592.777 607.01214     3.104    -3.126               7.724          2213Pd0185
  5592.816      22.0     2.576     -4.09                                        
  5592.829      24.0     4.851     -2.81                                        
  5592.872 106.00112     0.710    -4.435               3.464            AX02Q055
  5592.900      23.1     2.375     -2.81                                        
  5592.959      23.0     0.040     -3.21                               LAWNOHFS 
  5592.984 106.00112     1.872    -6.167               3.464            AX35P145
  5593.016 607.01214     1.040    -3.341               7.724          1004Rd0145
  5593.025      23.0     2.357     -2.29                                        
  5593.046      22.0     3.722     -3.71                                        
  5593.051 112.00124     0.395    -2.510               1.340           12P208b24
  5593.056      25.1     6.523     -3.47                                        
  5593.066 607.01214     3.083    -2.585               7.724          2213Pb0145
  5593.148 607.01314     0.876    -2.226               7.724          0903Qb0245
  5593.175 106.00113     1.486    -6.272               3.464            AX24P115
  5593.182 607.01214     1.845    -1.927               7.724          1407Qb0245
  5593.202 607.01314     0.876    -4.102               7.724          0903Pd0255
  5593.231      27.0     4.237     -1.91                                        
  5593.233 607.01214     1.845    -3.156               7.724          1407Pd0255
  5593.239 607.01214     3.189    -3.284               7.724          2213Rd0275
  5593.244 112.00124     0.967    -4.245               1.340           13R127b24
  5593.352 106.00112     2.396    -1.918               3.464            AX51R375
  5593.392      22.0     2.576     -2.80                                        
  5593.399      24.0     4.528     -4.32                                        
  5593.444 607.01214     3.071    -2.869               7.724          2213Qc0125
  5593.463      68.0     1.473     -0.09                                        
  5593.473 607.01214     0.995    -3.539               7.724          1004Rd0035
  5593.519 607.01214     3.071    -2.659               7.724          2213Pa0135
  5593.573 106.00112     2.396    -2.196               3.464            AX51R365
  5593.577 607.01314     1.692    -3.042               7.724          1407Rc0095
  5593.594 106.00112     1.209    -4.454               3.464            BX03Q115
  5593.597 607.01314     1.692    -2.358               7.724          1407Qa0105
  5593.615      90.1     0.868     -1.78                              Nils02/21%
  5593.617 112.00126     0.206    -1.181               1.340           01Q206h26
  5593.647 607.01314     1.713    -2.224               7.724          1407Qb0135
  5593.658 607.01214     1.804    -2.351               7.724          1407Pb0205
  5593.675      58.0     0.826     -0.65                                        
  5593.675 607.01314     1.713    -3.074               7.724          1407Pd0145
  5593.685 106.00112     2.396    -4.880               3.464            AX51Q375
  5593.696 106.00112     1.209    -7.612               3.464            BX03R115
  5593.733      28.0     3.895     -0.84                                        
  5593.746      58.0     0.684     -0.85                                        
  5593.746 607.01314     0.844    -2.647               7.724          0903Pb0215
  5593.748      26.0     5.016     -2.07                                        
  5593.757 106.00112     1.209    -7.743               3.464            BX03P125
  5593.780 106.00112     2.508    -3.094               3.464            AX46P235
  5593.807 607.01314     0.801    -3.639               7.724          0903Pc0165
  5593.814 607.01314     1.673    -3.739               7.724          1407Pc0035
  5593.860      25.0     3.761     -5.23                                        
  5593.860 106.00112     1.209    -4.368               3.464            BX03Q125
  5593.871 106.00112     2.508    -5.329               3.464            AX46Q225
  5593.879 607.01214     1.834    -3.118               7.724          1407Rc0235
  5593.894 607.01214     1.139    -2.302               7.724          0903Rb0405
  5593.918 112.00125     0.206    -1.181               1.340           01Q206h25
  5593.928 607.01214     1.834    -1.928               7.724          1407Qa0245
  5593.932 112.00126     0.179    -1.791               1.340           01R101h26
  5593.937 607.01314     1.678    -2.959               7.724          1407Qc0055
  5593.940 607.01314     2.469    -2.185               7.724          1810Rb0245
  5593.945 607.01314     1.678    -3.078               7.724          1407Pa0065
  5593.948 106.00112     1.316    -4.019               3.464            AX02P205
  5593.976 106.00112     1.316    -6.401               3.464            AX02Q195
  5593.976 607.01214     1.047    -3.344               7.724          1004Rd0155
  5593.982 607.01314     2.469    -2.822               7.724          1810Qd0255
  5593.984 607.01214     1.139    -3.381               7.724          0903Qd0415
  5594.000      24.0     3.008     -5.10                                        
  5594.043 106.00112     2.508    -3.134               3.464            AX46P225
  5594.086       6.0     8.764     -3.76                                        
  5594.106      64.0     1.739     -0.18                                        
  5594.119 607.01314     2.369    -3.196               7.724          1810Pc0115
  5594.124      39.0     2.002     -0.73                                        
  5594.127      23.0     4.108     -2.89                                        
  5594.132      20.0     5.386     -7.66                                        
  5594.147 106.00112     1.316    -4.049               3.464            AX02P195
  5594.148 112.00124     1.170    -0.900               1.340           13R133b24
  5594.227 112.00125     0.179    -1.791               1.340           01R101h25
  5594.245 112.00124     0.206    -1.181               1.340           01Q206h24
  5594.296 112.00124     0.206    -3.819               1.340           01P106b24
  5594.314      24.1     5.666     -6.29                                        
  5594.335      22.0     3.457     -2.17                                        
  5594.415 112.00126     0.206    -1.108               1.340           01Q106h26
  5594.420      60.1     1.120     -0.16                              DenHarto03
  5594.458      24.0     3.102     -4.88                                        
  5594.468 607.01314     1.733    -2.338               7.724          1407Ra0175
  5594.470      20.0     2.523     -0.05                              NIST/D    
  5594.471   23.0051     1.954    -7.614                                 KURHFS 
  5594.471   23.0051     1.954    -7.810                                 KURHFS 
  5594.482   23.0051     1.954    -7.589                                 KURHFS 
  5594.482   23.0051     1.954    -7.600                                 KURHFS 
  5594.482   23.0051     1.954    -7.810                                 KURHFS 
  5594.484 607.01214     0.994    -3.622               7.724          1004Rd0025
  5594.498   23.0051     1.954    -7.462                                 KURHFS 
  5594.498   23.0051     1.954    -7.486                                 KURHFS 
  5594.498   23.0051     1.954    -7.589                                 KURHFS 
  5594.519   23.0051     1.954    -7.295                                 KURHFS 
  5594.519   23.0051     1.954    -7.443                                 KURHFS 
  5594.519   23.0051     1.954    -7.486                                 KURHFS 
  5594.541 607.01314     2.964    -3.249               7.724          2112Pc0305
  5594.546   23.0051     1.954    -7.126                                 KURHFS 
  5594.546   23.0051     1.954    -7.443                                 KURHFS 
  5594.546   23.0051     1.954    -7.454                                 KURHFS 
  5594.547 112.00124     0.179    -1.791               1.340           01R101h24
  5594.569 112.00124     1.170    -0.910               1.340           13R233b24
  5594.573 607.01214     3.129    -2.307               7.724          2213Ra0215
  5594.578   23.0051     1.954    -6.967                                 KURHFS 
  5594.578   23.0051     1.954    -7.454                                 KURHFS 
  5594.578   23.0051     1.954    -7.531                                 KURHFS 
  5594.616   23.0051     1.954    -6.819                                 KURHFS 
  5594.616   23.0051     1.954    -7.531                                 KURHFS 
  5594.616   23.0051     1.954    -7.746                                 KURHFS 
  5594.655      26.0     4.549     -0.66                              NIST/B    
  5594.658   23.0051     1.954    -6.683                                 KURHFS 
  5594.658   23.0051     1.954    -7.746                                 KURHFS 
  5594.674      20.0     6.035     -5.25                                        
  5594.712 112.00125     0.206    -1.108               1.340           01Q106h25
  5594.714 106.00113     1.487    -6.308               3.464            AX24P115
  5594.722 106.00113     0.679    -4.856               3.464            AX02Q025
  5594.740 112.00124     1.170    -4.517               1.340           13Q133b24
  5594.762      27.0     4.110     -1.18                                        
  5594.785 106.00113     2.527    -4.208               3.464            AX52Q365
  5594.818 106.00112     2.358    -5.593               3.464            AX03R315
  5594.823      42.0     3.697     -1.52                                        
  5594.843      41.0     2.165     -1.56                                        
  5594.862 106.00113     0.679    -4.855               3.464            AX02Q025
  5594.899 607.01314     1.650    -3.328               7.724          1306Pc0305
  5594.907 607.01314     2.386    -2.788               7.724          1810Qc0145
  5594.931 607.01314     2.386    -2.508               7.724          1810Pa0155
  5594.952      58.0     0.659     -0.18                                        
  5594.956 607.01314     2.399    -2.446               7.724          1810Pb0165
  5594.969 106.00112     1.916    -8.590               3.464            AX03R255
  5594.984 112.00124     0.206    -3.809               1.340           01R206b24
  5595.009      25.1     6.124     -4.76                                        
  5595.035 112.00124     0.206    -1.108               1.340           01Q106h24
  5595.042 106.00112     2.358    -5.552               3.464            AX03R305
  5595.055 106.00113     2.551   -10.285               3.464            AX36R245
  5595.064      90.0     1.021     -1.44                                        
  5595.073 607.01214     3.061    -3.287               7.724          2213Pc0105
  5595.078      26.0     5.060     -1.77                                        
  5595.083 106.00113     0.679    -5.619               3.464            AX02R025
  5595.106      22.0     1.501     -1.50                                        
  5595.109 607.01214     1.054    -3.348               7.724          1004Rd0165
  5595.144 106.00112     2.358    -7.603               3.464            AX03Q315
  5595.189 106.00112     1.873    -6.210               3.464            AX35P145
  5595.206 607.01214     2.510    -2.262               7.724          1810Pb0235
  5595.211      26.0     5.066     -3.89                                        
  5595.222 106.00113     0.679    -5.624               3.464            AX02R025
  5595.223 106.00113     2.631    -1.458               3.464            AX52P365
  5595.304 106.00113     1.330    -4.191               3.464            BX03Q145
  5595.308 607.01314     2.414    -3.028               7.724          1810Rc0185
  5595.311 607.01314     1.697    -2.707               7.724          1407Pb0105
  5595.338 607.01314     2.414    -2.025               7.724          1810Qa0195
  5595.350 607.01214     1.795    -2.862               7.724          1407Qc0195
  5595.366 106.00113     1.250    -6.355               3.464            AX02Q185
  5595.379 106.00113     1.330    -7.721               3.464            BX03P155
  5595.379 607.01314     1.697    -3.038               7.724          1407Rc0105
  5595.390 607.01214     1.795    -2.367               7.724          1407Pa0205
  5595.401 607.01314     1.697    -2.311               7.724          1407Qa0115
  5595.402 607.01214     1.276    -3.137               7.724          0600Qb0735
  5595.417 106.00113     1.330    -7.521               3.464            BX03R145
  5595.431 607.01214     2.500    -2.844               7.724          1810Qc0225
  5595.433 607.01314     0.835    -3.627               7.724          0903Qc0205
  5595.464      26.0     4.577     -3.42                                        
  5595.469 607.01214     2.500    -2.275               7.724          1810Pa0235
  5595.469 607.01314     1.757    -2.304               7.724          1407Rb0195
  5595.478 607.01314     0.835    -2.638               7.724          0903Pa0215
  5595.492 106.00113     1.330    -4.096               3.464            BX03Q155
  5595.503 607.01314     1.757    -2.824               7.724          1407Qd0205
  5595.513 106.00113     1.250    -4.052               3.464            AX02P195
  5595.514 106.00113     1.250    -4.084               3.464            AX02P185
  5595.537 607.01214     0.909    -3.639               7.724          0903Pc0255
  5595.540 607.01314     2.459    -2.172               7.724          1810Ra0245
  5595.559 112.00126     0.198    -1.266               1.340           01Q205h26
  5595.563 607.01214     0.960    -3.316               7.724          0903Qc0295
  5595.570 607.01214     1.276    -5.271               7.724          0600Pd0745
  5595.601 112.00126     0.513    -0.875               1.340           01P222h26
  5595.616 607.01314     1.827    -3.228               7.724          1407Rd0275
  5595.629 607.01214     0.960    -2.507               7.724          0903Pa0305
  5595.650 607.01214     0.993    -3.748               7.724          1004Rd0015
  5595.660 607.01214     3.097    -3.097               7.724          2213Rc0165
  5595.750 106.00113     0.975    -5.380               3.464            BX03P015
  5595.757 607.01214     3.097    -2.151               7.724          2213Qa0175
  5595.763 106.00113     0.975    -8.514               3.464            BX03Q015
  5595.801 607.01314     1.681    -2.918               7.724          1407Qc0065
  5595.802      60.1     0.859     -1.53                                        
  5595.809 607.01314     1.681    -2.980               7.724          1407Pa0075
  5595.864 112.00125     0.198    -1.266               1.340           01Q205h25
  5595.875 112.00125     0.514    -0.875               1.340           01P222h25
  5595.876      58.0     0.552     -0.10                                        
  5595.882 106.00112     1.248    -4.369               3.464            BX03Q125
  5595.923 106.00113     0.679    -5.689               3.464            AX02P035
  5595.956 607.01214     1.035    -3.579               7.724          0903Rc0345
  5595.990 106.00112     1.248    -7.588               3.464            BX03R125
  5596.008 112.00124     0.892    -2.999               1.340           12P229b24
  5596.012 106.00112     1.248    -7.742               3.464            BX03P135
  5596.013 607.01214     2.543    -3.108               7.724          1810Rc0265
  5596.024 607.01314     0.887    -3.738               7.724          0903Rc0255
  5596.030 106.00113     0.679    -5.686               3.464            AX02P035
  5596.033 607.01214     1.035    -2.095               7.724          0903Qa0355
  5596.052      25.1     6.523     -4.54                                        
  5596.053 106.00112     0.694    -4.655               3.464            AX02Q035
  5596.058 607.01214     2.543    -1.857               7.724          1810Qa0275
  5596.064 607.01214     2.472    -3.184               7.724          1810Pc0195
  5596.080 607.01314     0.887    -2.203               7.724          0903Qa0265
  5596.120 106.00112     1.248    -4.281               3.464            BX03Q135
  5596.128 607.01314     1.675    -3.574               7.724          1407Pc0045
  5596.162 106.00112     2.546    -7.104               3.464            AX02P355
  5596.172 112.00124     0.515    -0.875               1.340           01P222h24
  5596.175 112.00126     0.513    -0.852               1.340           01P122h26
  5596.196 112.00124     0.198    -1.266               1.340           01Q205h24
  5596.220 607.01214     0.961    -5.319               7.724          0600Pc0635
  5596.239 112.00124     0.198    -3.764               1.340           01P105b24
  5596.284 106.00113     0.679    -4.682               3.464            AX02Q035
  5596.288 106.00112     0.694    -4.655               3.464            AX02Q035
  5596.309 106.00112     0.694    -5.739               3.464            AX02R035
  5596.316 106.00112     2.044    -5.992               3.464            AX46P125
  5596.318      42.0     2.916     -1.94                                        
  5596.391 106.00113     0.679    -4.682               3.464            AX02Q035
  5596.416 607.01214     1.062    -3.353               7.724          1004Rd0175
  5596.447 112.00125     0.514    -0.852               1.340           01P122h25
  5596.478 112.00126     0.198    -1.179               1.340           01Q105h26
  5596.544 106.00112     0.694    -5.745               3.464            AX02R035
  5596.565      28.0     4.263     -3.03                                        
  5596.567 607.01314     1.719    -2.187               7.724          1407Qb0145
  5596.585 112.00124     0.515    -3.275               1.340           01Q222b24
  5596.598      22.0     3.110     -1.55                                        
  5596.598 607.01314     1.719    -3.074               7.724          1407Pd0155
  5596.626      25.0     4.350     -4.23                                        
  5596.628 106.00113     1.910    -6.178               3.464            AX35P155
  5596.643 106.00112     2.600    -6.615               3.464            AX13P335
  5596.651      23.0     1.941     -4.67                                        
  5596.685 607.01314     2.431    -1.997               7.724          1810Qb0205
  5596.708 607.01214     1.770    -3.217               7.724          1407Pc0165
  5596.709 607.01214     2.555    -1.855               7.724          1810Qb0275
  5596.723 607.01314     2.431    -3.065               7.724          1810Pd0215
  5596.743 112.00124     0.515    -0.852               1.340           01P122h24
  5596.756 607.01214     2.555    -3.141               7.724          1810Pd0285
  5596.777 607.01314     1.741    -2.312               7.724          1407Ra0185
  5596.778 112.00125     0.198    -1.179               1.340           01Q105h25
  5596.795      23.1     6.537     -1.65                                        
  5596.799 106.00113     1.789    -1.310               3.464            BX12P265
  5596.851      24.0     3.432     -3.93                                        
  5596.929 106.00113     0.669    -5.288               3.464            AX02Q015
  5596.944 607.01214     3.147    -2.301               7.724          2213Rb0225
  5596.960 607.01214     1.281    -3.778               7.724          0903Rd0485
  5596.970 106.00112     0.694    -5.751               3.464            AX02P045
  5596.972 607.01214     0.993    -3.975               7.724          1004Rd0005
  5596.984 106.00113     1.789    -5.043               3.464            BX12Q265
  5596.986 607.01214     3.112    -2.121               7.724          2213Qb0185
  5596.996 106.00112     0.973    -5.397               3.464            BX03P015
  5596.997 106.00113     0.669    -5.286               3.464            AX02Q015
  5597.044 106.00113     1.789    -0.867               3.464            BX12P275
  5597.058      74.1     3.547     -0.92                                        
  5597.061      26.0     4.987     -2.52                                        
  5597.062 112.00124     0.198    -3.747               1.340           01R205b24
  5597.075 607.01214     3.147    -2.889               7.724          2213Qd0235
  5597.095 607.01214     3.112    -3.131               7.724          2213Pd0195
  5597.105 112.00124     0.198    -1.179               1.340           01Q105h24
  5597.133 112.00126     0.191    -1.376               1.340           01Q204h26
  5597.162 106.00112     0.694    -5.747               3.464            AX02P045
  5597.169 607.01214     3.077    -2.866               7.724          2213Qc0135
  5597.193      64.1     1.424     -1.62                                        
  5597.202      24.0     5.460     -4.04                                        
  5597.210 112.00124     0.406    -2.557               1.340           12P209b24
  5597.226 106.00112     0.694    -4.537               3.464            AX02Q045
  5597.249 607.01214     3.077    -2.616               7.724          2213Pa0145
  5597.271      23.0     4.075     -4.24                                        
  5597.299       6.0     8.764     -3.76                                        
  5597.338 607.01214     0.974    -2.500               7.724          0903Pb0305
  5597.365      92.1     0.798     -2.09                                        
  5597.379 607.01314     1.702    -3.036               7.724          1407Rc0115
  5597.400 607.01214     1.276    -5.183               7.724          0600Rc0735
  5597.404 607.01314     1.702    -2.267               7.724          1407Qa0125
  5597.418 106.00112     0.694    -4.538               3.464            AX02Q045
  5597.442 112.00125     0.191    -1.376               1.340           01Q204h25
  5597.446 106.00113     0.976    -5.370               3.464            BX03P025
  5597.473 106.00113     0.669    -5.457               3.464            AX02R015
  5597.516      27.1     3.483     -8.56                                        
  5597.541 106.00113     0.669    -5.461               3.464            AX02R015
  5597.556      20.0     6.036     -3.79                                        
  5597.565 607.01214     1.139    -2.285               7.724          0903Ra0415
  5597.568 607.01214     1.276    -3.130               7.724          0600Qa0745
  5597.569 607.01214     3.090    -2.548               7.724          2213Pb0155
  5597.677 106.00112     1.491    -6.272               3.464            AX24P115
  5597.701      25.0     4.350     -4.30                                        
  5597.777 112.00124     0.191    -1.376               1.340           01Q204h24
  5597.797      23.0     1.063     -2.42                               LAWNOHFS 
  5597.799 607.01214     1.113    -3.523               7.724          0600Pb0685
  5597.813 112.00124     0.191    -3.707               1.340           01P104b24
  5597.829      23.0     1.063     -2.50                                        
  5597.871 607.01314     0.887    -2.207               7.724          0903Qb0255
  5597.871 607.01314     1.684    -2.888               7.724          1407Qc0075
  5597.882 607.01214     0.995    -3.379               7.724          1004Rb0025
  5597.883 607.01314     1.684    -2.897               7.724          1407Pa0085
  5597.890 607.01214     0.995    -3.213               7.724          1004Qd0035
  5597.892 106.00113     2.528    -2.666               3.464            AX52R355
  5597.897 607.01214     1.070    -3.358               7.724          1004Rd0185
  5597.897 607.01214     3.200    -3.292               7.724          2213Rd0285
  5597.899      22.0     2.248     -2.94                                        
  5597.909      24.0     3.836     -2.33                                        
  5597.915 607.01214     0.994    -3.553               7.724          1004Rb0015
  5597.920 607.01214     0.994    -3.302               7.724          1004Qd0025
  5597.927 607.01314     0.887    -4.179               7.724          0903Pd0265
  5597.929 106.00113     2.223    -7.919               3.464            AX50Q385
  5597.935 607.01214     0.916    -3.914               7.724          0802Pc0415
  5597.940      14.0     4.920     -2.12                              NIST/D    
  5597.952 106.00112     2.045    -6.028               3.464            AX46P125
  5597.957      58.0     0.690     -0.41                                        
  5597.967 607.01214     1.107    -2.217               7.724          0802Qb0505
  5598.006 607.01214     0.997    -3.249               7.724          1004Rb0035
  5598.016 607.01214     0.997    -3.149               7.724          1004Qd0045
  5598.020      22.0     3.111     -1.49                                        
  5598.066 106.00113     1.031    -6.454               3.464            AX13P055
  5598.081 607.01214     1.107    -4.252               7.724          0802Pd0515
  5598.086      25.1     6.489     -3.50                                        
  5598.103 607.01214     0.993    -3.829               7.724          1004Rb0005
  5598.106 607.01214     0.993    -3.431               7.724          1004Qd0015
  5598.116 607.01314     2.374    -3.182               7.724          1810Pc0125
  5598.229 112.00126     0.191    -1.264               1.340           01Q104h26
  5598.240      24.1     5.996     -3.65                                        
  5598.252      24.0     4.614     -3.38                                        
  5598.279 607.01214     1.856    -1.907               7.724          1407Qb0255
  5598.285 607.01314     2.480    -2.166               7.724          1810Rb0255
  5598.287      26.0     4.648     -0.37                                        
  5598.287 607.01214     0.999    -3.144               7.724          1004Rb0045
  5598.299 607.01214     0.999    -3.102               7.724          1004Qd0055
  5598.309 112.00126     0.185    -1.526               1.340           01Q203h26
  5598.318      23.1     3.970     -3.42                                        
  5598.321 607.01214     0.026    -4.432               7.724          0500Rd0105
  5598.329 607.01314     2.480    -2.829               7.724          1810Qd0265
  5598.332 607.01214     1.856    -3.164               7.724          1407Pd0265
  5598.368 112.00126     0.177    -2.037               1.340           01R100h26
  5598.372 607.01214     0.031    -4.428               7.724          0500Rd0115
  5598.417 607.01214     0.996    -3.840               7.724          0802Qc0455
  5598.425 607.01214     0.021    -4.439               7.724          0500Rd0095
  5598.426      26.0     3.632     -3.05                                        
  5598.447 607.01214     0.993    -3.597               7.724          1004Qd0005
  5598.467      26.0     2.422     -4.75                                        
  5598.490      20.0     2.521     -0.22                              NIST/D    
  5598.507 106.00112     2.563   -10.284               3.464            AX36R245
  5598.510 607.01214     1.051    -2.094               7.724          0903Qb0355
  5598.519 607.01214     0.996    -2.597               7.724          0802Pa0465
  5598.522 106.00113     1.031    -6.472               3.464            AX13P055
  5598.531 112.00125     0.191    -1.264               1.340           01Q104h25
  5598.540 607.01214     3.138    -2.287               7.724          2213Ra0225
  5598.559 607.01314     1.766    -2.280               7.724          1407Rb0205
  5598.569      26.1     6.724     -4.72                                        
  5598.578 607.01214     0.037    -4.427               7.724          0500Rd0125
  5598.590 607.01214     1.051    -3.627               7.724          0903Pd0365
  5598.599 607.01314     1.766    -2.830               7.724          1407Qd0215
  5598.600 607.01314     0.809    -3.652               7.724          0903Pc0175
  5598.613 607.01214     1.845    -3.126               7.724          1407Rc0245
  5598.616 607.01314     1.702    -2.657               7.724          1407Pb0115
  5598.622 112.00125     0.186    -1.526               1.340           01Q203h25
  5598.649 607.01314     1.678    -3.467               7.724          1407Pc0055
  5598.664 607.01214     1.845    -1.909               7.724          1407Qa0255
  5598.668 112.00125     0.177    -2.037               1.340           01R100h25
  5598.682 607.01214     0.017    -4.450               7.724          0500Rd0085
  5598.706 106.00113     0.670    -5.654               3.464            AX02P025
  5598.707 607.01314     2.392    -2.788               7.724          1810Qc0155
  5598.727 607.01214     1.002    -3.055               7.724          1004Rb0055
  5598.734 607.01314     2.392    -2.471               7.724          1810Pa0165
  5598.738      73.0     3.442     -0.49                                        
  5598.739 607.01314     0.854    -2.623               7.724          0903Pb0225
  5598.741 607.01214     1.002    -3.067               7.724          1004Qd0065
  5598.751 106.00113     0.670    -5.652               3.464            AX02P025
  5598.800 106.00112     2.516    -5.611               3.464            AX14R305
  5598.826 112.00124     0.191    -3.677               1.340           01R204b24
  5598.830 106.00112     1.290    -4.281               3.464            BX03Q135
  5598.852      58.0     0.172     -1.11                                        
  5598.861 112.00124     0.191    -1.264               1.340           01Q104h24
  5598.925 607.01214     1.813    -2.326               7.724          1407Pb0215
  5598.930 106.00112     1.290    -7.735               3.464            BX03P145
  5598.941 607.01214     0.043    -4.427               7.724          0500Rd0135
  5598.944 106.00112     1.290    -7.557               3.464            BX03R135
  5598.950 106.00113     2.551    -3.052               3.464            AX46P245
  5598.961 112.00124     0.186    -1.526               1.340           01Q203h24
  5598.988 112.00124     0.186    -3.663               1.340           01P103b24
  5598.995 112.00124     0.177    -2.037               1.340           01R100h24
  5599.002 106.00113     1.251    -4.053               3.464            AX02P195
  5599.002 106.00113     2.633    -3.006               3.464            AX53Q355
  5599.019 112.00126     0.181    -1.780               1.340           01Q202h26
  5599.038 106.00113     1.251    -6.387               3.464            AX02Q185
  5599.044 106.00112     1.290    -4.190               3.464            BX03Q145
  5599.063 106.00112     2.516    -7.250               3.464            AX14Q305
  5599.090 607.01214     0.013    -4.465               7.724          0500Rd0075
  5599.095      22.0     3.212     -1.83                                        
  5599.095 106.00113     1.911    -6.224               3.464            AX35P155
  5599.095 607.01314     1.839    -3.235               7.724          1407Rd0285
  5599.096 607.01314     2.422    -3.034               7.724          1810Rc0195
  5599.130 607.01314     2.422    -1.999               7.724          1810Qa0205
  5599.133 607.01214     3.066    -3.269               7.724          2213Pc0115
  5599.140      26.0     4.648     -3.00                                        
  5599.186 106.00113     1.251    -4.084               3.464            AX02P185
  5599.192 106.00112     2.516    -5.423               3.464            AX14R295
  5599.203 106.00113     1.770    -2.465               3.464            BX13R225
  5599.240 106.00112     1.491    -6.307               3.464            AX24P115
  5599.250 106.00113     0.670    -4.933               3.464            AX02Q025
  5599.277 607.01314     1.749    -2.288               7.724          1407Ra0195
  5599.284 106.00113     1.770    -6.889               3.464            BX13Q235
  5599.287 106.00113     2.552    -3.095               3.464            AX46P235
  5599.291 106.00113     2.633    -7.325               3.464            AX03P355
  5599.295 106.00113     0.670    -4.933               3.464            AX02Q025
  5599.318 106.00113     2.633    -0.089               3.464            AX53R345
  5599.327 607.01214     1.005    -2.979               7.724          1004Rb0065
  5599.335 112.00125     0.181    -1.780               1.340           01Q202h25
  5599.344 607.01214     1.005    -3.041               7.724          1004Qd0075
  5599.346      26.1     2.578     -8.53                                        
  5599.347 106.00113     2.553   -10.220               3.464            AX36R245
  5599.363      22.0     3.110     -2.27                                        
  5599.420      45.0     1.143     -1.30                              DL85/NI/E 
  5599.431      23.1     4.241     -4.23                                        
  5599.444 106.00113     2.509    -5.609               3.464            AX14R305
  5599.455 106.00113     1.770    -2.096               3.464            BX13R235
  5599.456 106.00112     0.681    -4.855               3.464            AX02Q025
  5599.458 607.01314     2.407    -2.414               7.724          1810Pb0175
  5599.462 607.01214     0.049    -4.429               7.724          0500Rd0145
  5599.485      73.0     3.442     -0.17                                        
  5599.500 607.01214     3.104    -3.102               7.724          2213Rc0175
  5599.504      26.0     4.183     -3.57                                        
  5599.512      22.0     3.125     -3.47                                        
  5599.528 607.01314     2.469    -2.154               7.724          1810Ra0255
  5599.551 106.00112     1.255    -6.354               3.464            AX02Q185
  5599.554 607.01214     1.078    -3.364               7.724          1004Rd0195
  5599.575      41.0     1.120     -2.29                                        
  5599.578 607.01314     1.707    -3.035               7.724          1407Rc0125
  5599.591 607.01214     0.993    -3.597               7.724          1004Qb0005
  5599.594 607.01214     0.993    -3.899               7.724          1004Pd0015
  5599.598 106.00112     0.681    -4.854               3.464            AX02Q025
  5599.603 607.01214     3.104    -2.123               7.724          2213Qa0185
  5599.604 607.01314     1.707    -2.227               7.724          1407Qa0135
  5599.607 106.00113     2.633    -4.890               3.464            AX03Q345
  5599.630 106.00113     2.509    -5.422               3.464            AX14R295
  5599.644 112.00126     0.485    -0.900               1.340           01P221h26
  5599.647 607.01214     0.010    -4.487               7.724          0500Rd0065
  5599.665 607.01314     1.726    -2.153               7.724          1407Qb0155
  5599.670 106.00112     1.915    -6.178               3.464            AX35P155
  5599.677 112.00124     0.182    -1.780               1.340           01Q202h24
  5599.679 112.00126     0.185    -1.369               1.340           01Q103h26
  5599.691 106.00113     2.509    -7.296               3.464            AX14Q305
  5599.695 607.01314     1.726    -3.076               7.724          1407Pd0165
  5599.697 112.00124     0.182    -3.692               1.340           01P102b24
  5599.706 106.00112     1.255    -4.083               3.464            AX02P185
  5599.714 106.00112     1.255    -4.052               3.464            AX02P195
  5599.735 106.00113     1.377    -4.096               3.464            BX03Q155
  5599.750 106.00113     1.523    -6.288               3.464            AX24P125
  5599.753 607.01314     0.801    -4.000               7.724          0802Pc0365
  5599.764      63.0     1.617     -1.09                                        
  5599.783 106.00113     1.377    -7.699               3.464            BX03P165
  5599.819 106.00112     0.681    -5.618               3.464            AX02R025
  5599.840 106.00113     2.538    -7.015               3.464            AX02P355
  5599.842      22.0     1.501     -2.91                                        
  5599.853 106.00113     1.377    -7.476               3.464            BX03R155
  5599.901 106.00113     1.377    -3.995               3.464            BX03Q165
  5599.928 112.00125     0.485    -0.900               1.340           01P221h25
  5599.960 106.00112     0.681    -5.623               3.464            AX02R025
  5599.984 112.00125     0.186    -1.369               1.340           01Q103h25
  5600.006 607.01214     1.018    -2.610               7.724          0802Pb0465
  5600.010      28.0     4.086     -0.61                                        
  5600.030      25.1     6.489     -4.47                                        
  5600.041      22.0     0.899     -3.21                                 LAWLER 
  5600.042 607.01314     0.844    -3.687               7.724          0903Qc0215
  5600.051 112.00124     1.105    -3.332               1.340           01P238b24
  5600.081      22.0     0.848     -5.28                                        
  5600.089 607.01214     1.009    -2.912               7.724          1004Rb0075
  5600.089 607.01314     0.844    -2.614               7.724          0903Pa0225
  5600.097      26.0     5.064     -0.63                                        
  5600.102 106.00113     2.552    -5.270               3.464            AX46Q235
  5600.107 607.01214     1.009    -3.022               7.724          1004Qd0085
  5600.137 607.01314     1.688    -2.865               7.724          1407Qc0085
  5600.143 607.01214     0.056    -4.433               7.724          0500Rd0155
  5600.148 607.01214     1.113    -4.974               7.724          0600Qc0685
  5600.160 607.01314     1.688    -2.824               7.724          1407Pa0095
  5600.181 112.00124     0.858    -2.987               1.340           12P228b24
  5600.201 607.01214     1.804    -2.868               7.724          1407Qc0205
  5600.214      26.0     3.632     -5.09                                        
  5600.218 112.00126     0.485    -0.876               1.340           01P121h26
  5600.224      26.0     4.260     -1.42                              NIST/B    
  5600.235 112.00124     0.486    -0.900               1.340           01P221h24
  5600.243 607.01214     1.804    -2.341               7.724          1407Pa0215
  5600.278      25.0     3.769     -5.13                                        
  5600.287 112.00124     0.186    -3.598               1.340           01R203b24
  5600.305 607.01214     1.113    -3.516               7.724          0600Pa0695
  5600.315 112.00124     0.186    -1.369               1.340           01Q103h24
  5600.354 607.01214     0.007    -4.517               7.724          0500Rd0055
  5600.395 607.01214     0.994    -3.358               7.724          1004Qb0015
  5600.400 607.01214     0.994    -3.669               7.724          1004Pd0025
  5600.500 112.00125     0.486    -0.876               1.340           01P121h25
  5600.563      24.0     5.821     -2.40                                        
  5600.599 607.01214     1.158    -2.290               7.724          0903Rb0415
  5600.645      66.1     0.103     -2.73                                        
  5600.654 112.00124     0.486    -3.257               1.340           01Q221b24
  5600.667 106.00112     0.681    -5.689               3.464            AX02P035
  5600.668 607.01314     0.899    -3.776               7.724          0903Rc0265
  5600.689      24.0     4.093     -1.88                                        
  5600.691 607.01214     1.158    -3.388               7.724          0903Qd0425
  5600.727 607.01314     0.899    -2.185               7.724          0903Qa0275
  5600.761      72.0     2.905     -0.92                                        
  5600.775 106.00112     0.681    -5.686               3.464            AX02P035
  5600.786      22.0     3.111     -0.68                                        
  5600.807 112.00124     0.486    -0.876               1.340           01P121h24
  5600.836      26.0     5.008     -3.13                                        
  5600.858 112.00126     0.181    -1.511               1.340           01Q102h26
  5600.860      62.1     1.461     -0.80                              Lawler06  
  5600.965      24.1     6.798     -3.88                                        
  5600.983      22.0     3.087     -3.79                                        
  5600.985 607.01214     0.064    -4.437               7.724          0500Rd0165
