a line list in the range:    5709.00   5721.00
  5709.014      20.0     5.581     -5.17                                        
  5709.023 607.01214     1.245    -1.929               7.724          1004Qb0325
  5709.049 607.01314     0.030    -4.470               7.724          0500Pc0105
  5709.060      58.0     0.690     -0.74                                        
  5709.098 607.01214     1.245    -3.387               7.724          1004Pd0335
  5709.117      20.0     5.881     -4.13                                        
  5709.203 607.01314     1.092    -3.240               7.724          1004Rc0225
  5709.218      22.0     2.083     -5.76                                        
  5709.254 607.01314     1.092    -2.077               7.724          1004Qa0235
  5709.259 607.01314     2.590    -2.257               7.724          1911Qb0125
  5709.280 607.01314     2.590    -3.046               7.724          1911Pd0135
  5709.334      41.0     1.674     -1.70                                        
  5709.336 607.01314     2.559    -2.995               7.724          1911Qc0045
  5709.339 607.01314     2.559    -3.186               7.724          1911Pa0055
  5709.351 607.01314     0.169    -3.317               7.724          0500Ra0275
  5709.363      76.0     4.697     -0.25                                        
  5709.364 607.01214     0.364    -3.181               7.724          0500Rb0385
  5709.366 607.01214     1.443    -2.148               7.724          0903Ra0555
  5709.378      26.0     3.370     -1.01                              Ruffoni14 
  5709.413      64.0     0.124     -1.59                                        
  5709.457 607.01214     0.364    -4.253               7.724          0500Qd0395
  5709.493      92.0     0.880     -1.55                                        
  5709.510 607.01314     1.903    -2.625               7.724          1508Qb0055
  5709.522 607.01314     1.903    -3.136               7.724          1508Pd0065
  5709.545      28.0     1.675     -2.30                              Wood14    
  5709.556      22.1     1.890     -4.79                                        
  5709.602 607.01314     2.575    -2.751               7.724          1911Pb0095
  5709.670      23.0     2.614     -1.62                                        
  5709.738      62.0     1.617     -0.17                                        
  5709.765 607.01314     2.571    -3.029               7.724          1911Rc0085
  5709.831 607.01314     2.571    -2.401               7.724          1911Qa0095
  5709.902      22.0     3.110     -2.26                                        
  5709.931      22.1     5.563     -3.35                                        
  5709.931 607.01314     1.063    -2.507               7.724          1004Pb0195
  5709.932      26.0     4.253     -2.34                                        
  5709.964 607.01314     1.899    -3.242               7.724          1508Pb0035
  5709.968      20.0     5.581     -2.76                                        
  5709.970      69.1     2.770     -0.62                              Wickliff97
  5709.980 607.01314     0.094    -4.299               7.724          0500Rc0195
  5709.993 607.01314     2.602    -2.389               7.724          1911Ra0155
  5710.009 607.01214     2.647    -3.189               7.724          1911Pc0135
  5710.010 607.01314     2.674    -3.168               7.724          1911Rd0245
  5710.027 607.01314     0.094    -3.205               7.724          0500Qa0205
  5710.029 607.01314     1.982    -3.122               7.724          1508Rd0205
  5710.039      58.0     0.849     -0.86                                        
  5710.082 106.00112     1.718    -8.529               3.464            AX03R225
  5710.139 607.01214     2.709    -3.093               7.724          1911Pd0225
  5710.216      22.0     2.248     -3.51                                        
  5710.217 607.01314     2.622    -2.352               7.724          1911Rb0175
  5710.248 607.01314     2.622    -2.791               7.724          1911Qd0185
  5710.249 607.01314     0.314    -4.541               7.724          0500Rd0375
  5710.282 607.01314     0.069    -3.657               7.724          0500Pb0165
  5710.319      64.0     1.817     -0.12                                        
  5710.335 607.01214     2.709    -1.978               7.724          1911Qb0215
  5710.348      23.1     2.375     -3.05                                        
  5710.358      28.0     5.493     -0.77                                        
  5710.403 607.01314     1.927    -2.512               7.724          1508Rb0115
  5710.407      20.0     5.581     -2.41                                        
  5710.428 607.01314     1.927    -2.753               7.724          1508Qd0125
  5710.429 607.01214     2.015    -3.024               7.724          1508Rc0185
  5710.456      24.0     3.847     -3.98                                        
  5710.457 607.01314     1.024    -3.352               7.724          1004Pc0145
  5710.469 607.01214     2.015    -1.986               7.724          1508Qa0195
  5710.505      25.0     5.516     -3.87                                        
  5710.544 106.00113     1.791    -7.101               3.464            AX02P265
  5710.547 607.01214     1.558    -3.081               7.724          0600Qb0815
  5710.594 106.00112     0.778    -6.933               3.464            AX02P075
  5710.622   23.0051     2.377    -3.647                                 KURHFS 
  5710.633 106.00112     2.250    -7.555               3.464            AX36R185
  5710.635   23.0051     2.377    -3.968                                 KURHFS 
  5710.635   23.0051     2.377    -4.114                                 KURHFS 
  5710.644   23.0051     2.377    -3.968                                 KURHFS 
  5710.644   23.0051     2.377    -4.445                                 KURHFS 
  5710.652   23.0051     2.377    -3.989                                 KURHFS 
  5710.663 607.01214     0.247    -4.438               7.724          0500Rc0315
  5710.681       6.0     8.531     -2.71                                        
  5710.699 607.01314     0.113    -3.180               7.724          0500Qb0215
  5710.715      24.0     3.842     -4.22                                        
  5710.725 607.01314     2.557    -3.720               7.724          1911Pc0035
  5710.740 607.01214     0.247    -2.995               7.724          0500Qa0325
  5710.741 607.01214     1.558    -5.295               7.724          0600Pd0825
  5710.751 607.01314     0.113    -4.345               7.724          0500Pd0225
  5710.755      42.0     1.334    -10.00                                        
  5710.798      57.0     1.204     -1.35                                        
  5710.870      68.1     2.932     -0.61                              Lawler08  
  5710.874      22.0     2.316     -6.58                                        
  5710.877      23.0     3.085     -1.71                                        
  5710.886 607.01214     1.217    -2.321               7.724          0903Pb0445
  5710.947 106.00113     2.395    -5.262               3.464            AX25R255
  5710.964 607.01314     0.054    -4.050               7.724          0500Qc0145
  5710.967 607.01214     2.668    -2.439               7.724          1911Pa0175
  5711.000 607.01314     0.054    -3.718               7.724          0500Pa0155
  5711.024 607.01214     2.668    -2.811               7.724          1911Qc0165
  5711.042 607.01214     1.967    -3.185               7.724          1508Pc0115
  5711.088      12.0     4.346     -1.84                              Pehlivan17
  5711.103 607.01314     2.562    -2.938               7.724          1911Qc0055
  5711.107 607.01314     2.562    -3.068               7.724          1911Pa0065
  5711.156 607.01314     1.906    -2.544               7.724          1508Qb0065
  5711.170 607.01314     1.906    -3.101               7.724          1508Pd0075
  5711.202 106.00113     2.395    -5.118               3.464            AX25R245
  5711.202 607.01214     1.985    -2.782               7.724          1508Qc0145
  5711.233 607.01214     1.985    -2.469               7.724          1508Pa0155
  5711.236      22.0     3.177     -2.64                                        
  5711.252 106.00113     2.395    -6.962               3.464            AX25Q255
  5711.265 607.01214     1.325    -1.937               7.724          0903Qb0495
  5711.269 607.01214     1.210    -5.351               7.724          0600Pc0715
  5711.269 607.01214     1.343    -2.122               7.724          1004Rb0385
  5711.303 106.00112     2.234    -5.166               3.464            AX14R265
  5711.357 607.01214     1.343    -3.155               7.724          1004Qd0395
  5711.379 607.01214     1.325    -3.727               7.724          0903Pd0505
  5711.382      22.0     3.111     -3.21                                        
  5711.421      75.0     2.778     -1.25                                        
  5711.429      20.0     5.581     -2.37                                        
  5711.435      62.0     0.282     -1.56                                        
  5711.437      58.1     1.457     -0.87                                        
  5711.445 106.00112     0.778    -6.958               3.464            AX02P075
  5711.468 106.00113     1.770    -3.717               3.464            BX03P225
  5711.497 607.01214     2.085    -2.127               7.724          1508Rb0255
  5711.511 607.01214     1.999    -2.408               7.724          1508Pb0165
  5711.549 106.00112     2.234    -7.051               3.464            AX14Q265
  5711.549 607.01214     2.085    -2.832               7.724          1508Qd0265
  5711.575 607.01314     2.575    -3.021               7.724          1911Rc0095
  5711.613 607.01314     2.575    -2.349               7.724          1911Qa0105
  5711.632 106.00113     1.770    -7.610               3.464            BX03Q225
  5711.650      59.1     1.363     -0.54                                        
  5711.656 106.00112     2.234    -5.120               3.464            AX14R255
  5711.675 106.00112     1.334    -4.567               3.464            BX03P145
  5711.676      22.0     2.343     -3.31                                        
  5711.715 106.00113     1.770    -3.570               3.464            BX03P235
  5711.722      24.0     4.613     -3.38                                        
  5711.740 106.00112     2.686    -4.934               3.464            AX03Q355
  5711.742   21.0045     1.427    -0.297                                 KURHFS 
  5711.760   21.0045     1.427    -0.923                                 KURHFS 
  5711.768   21.0045     1.427    -0.513                                 KURHFS 
  5711.775   21.0045     1.427    -1.788                                 KURHFS 
  5711.776 607.01314     0.195    -3.309               7.724          0500Rb0285
  5711.784   21.0045     1.427    -0.762                                 KURHFS 
  5711.785      42.0     2.680     -1.72                              NIST/B+   
  5711.790   21.0045     1.427    -0.796                                 KURHFS 
  5711.793 106.00112     1.334    -8.583               3.464            BX03Q145
  5711.795   23.0051     2.121    -6.011                                 KURHFS 
  5711.796   21.0045     1.427    -1.360                                 KURHFS 
  5711.798   23.0051     2.121    -5.726                                 KURHFS 
  5711.798   23.0051     2.121    -5.981                                 KURHFS 
  5711.803   21.0045     1.427    -0.770                                 KURHFS 
  5711.804   23.0051     2.121    -5.538                                 KURHFS 
  5711.804   23.0051     2.121    -5.981                                 KURHFS 
  5711.804   23.0051     2.121    -6.032                                 KURHFS 
  5711.806 607.01214     2.700    -1.980               7.724          1911Qa0215
  5711.808   21.0045     1.427    -1.235                                 KURHFS 
  5711.812   21.0045     1.427    -1.110                                 KURHFS 
  5711.813   23.0051     2.121    -5.447                                 KURHFS 
  5711.813   23.0051     2.121    -5.593                                 KURHFS 
  5711.813   23.0051     2.121    -6.157                                 KURHFS 
  5711.817   21.0045     1.427    -0.934                                 KURHFS 
  5711.823   21.0045     1.427    -0.934                                 KURHFS 
  5711.825   23.0051     2.121    -5.338                                 KURHFS 
  5711.825   23.0051     2.121    -5.425                                 KURHFS 
  5711.825   23.0051     2.121    -6.379                                 KURHFS 
  5711.840   23.0051     2.121    -5.140                                 KURHFS 
  5711.840   23.0051     2.121    -5.479                                 KURHFS 
  5711.840   23.0051     2.121    -6.789                                 KURHFS 
  5711.843 607.01314     0.195    -4.132               7.724          0500Qd0295
  5711.849      26.0     4.283     -1.43                              NIST/E    
  5711.854      22.0     2.304     -0.94                                        
  5711.858   23.0051     2.121    -4.976                                 KURHFS 
  5711.858   23.0051     2.121    -5.675                                 KURHFS 
  5711.868      20.0     5.581     -2.75                                        
  5711.879   23.0051     2.121    -4.835                                 KURHFS 
  5711.882 106.00112     2.686    -8.553               3.464            AX03R345
  5711.888      28.0     1.934     -2.46                              Wood14    
  5711.906 607.01214     1.128    -3.409               7.724          1004Pc0235
  5711.966      23.1     4.513     -3.57                                        
  5711.967 607.01214     2.033    -1.959               7.724          1508Qb0205
  5711.968 607.01214     2.700    -3.064               7.724          1911Rc0205
  5711.992 607.01214     0.525    -4.652               7.724          0500Rd0475
  5712.009 106.00112     1.334    -4.485               3.464            BX03P155
  5712.010 607.01214     2.033    -3.064               7.724          1508Pd0215
  5712.057 607.01214     0.262    -2.995               7.724          0500Qb0325
  5712.106 106.00112     2.686    -7.308               3.464            AX03P355
  5712.117 607.01314     1.113    -2.055               7.724          1004Qb0245
  5712.132      26.0     3.417     -2.01                              DenHarto14
  5712.136 607.01214     0.262    -4.483               7.724          0500Pd0335
  5712.166      23.0     4.253     -3.05                                        
  5712.172 607.01314     1.113    -3.287               7.724          1004Pd0255
  5712.180 607.01214     2.761    -2.862               7.724          1911Qd0275
  5712.187 607.01314     1.901    -3.110               7.724          1508Pb0045
  5712.187 607.01314     1.933    -2.471               7.724          1508Rb0125
  5712.205 607.01314     1.933    -2.750               7.724          1508Qd0135
  5712.228      22.1     1.891     -6.54                                        
  5712.233 106.00112     2.686     0.258               3.464            AX53R355
  5712.247 607.01314     2.608    -2.361               7.724          1911Ra0165
  5712.248 106.00112     2.686    -4.872               3.464            AX03Q345
  5712.292      58.0     0.515     -0.92                                        
  5712.298 607.01314     2.596    -2.217               7.724          1911Qb0135
  5712.322 607.01314     2.596    -3.042               7.724          1911Pd0145
  5712.364 607.01314     1.991    -3.128               7.724          1508Rd0215
  5712.369      26.0     4.909     -2.96                                        
  5712.388 106.00113     2.496    -6.019               3.464            AX46P225
  5712.391      57.1     0.173     -1.99                                        
  5712.422      24.0     5.474     -3.69                                        
  5712.427      24.0     4.407     -2.49                                        
  5712.436 607.01214     1.558    -5.198               7.724          0600Rc0815
  5712.559 106.00112     2.686    -2.988               3.464            AX53Q355
  5712.591      24.0     4.532     -1.28                                        
  5712.599 607.01214     1.175    -3.084               7.724          1004Qc0275
  5712.602 607.01214     2.762    -2.156               7.724          1911Rb0265
  5712.630 607.01214     1.558    -3.073               7.724          0600Qa0825
  5712.645 607.01314     1.055    -2.985               7.724          1004Qc0185
  5712.663 607.01214     1.175    -2.333               7.724          1004Pa0285
  5712.684 607.01314     1.055    -2.525               7.724          1004Pa0195
  5712.701 106.00112     2.686    -0.072               3.464            AX53R345
  5712.770 607.01214     2.073    -2.116               7.724          1508Ra0255
  5712.771      24.0     3.008     -1.03                                 SOBECK 
  5712.810 607.01214     2.750    -2.145               7.724          1911Ra0265
  5712.835 106.00113     2.227    -5.166               3.464            AX14R265
  5712.839 607.01314     0.035    -4.455               7.724          0500Pc0115
  5712.882      26.0     4.909     -2.38                                        
  5712.944 607.01314     2.580    -2.696               7.724          1911Pb0105
  5712.974 607.01314     1.910    -2.473               7.724          1508Qb0075
  5712.991 607.01314     1.910    -3.075               7.724          1508Pd0085
  5712.993 607.01314     0.182    -3.300               7.724          0500Ra0285
  5713.059 607.01214     1.379    -3.467               7.724          0600Pb0765
  5713.070 106.00113     2.227    -7.051               3.464            AX14Q265
  5713.093 607.01314     2.564    -2.896               7.724          1911Qc0065
  5713.101      20.0     5.386     -3.90                                        
  5713.101 607.01314     2.564    -2.970               7.724          1911Pa0075
  5713.108 607.01314     2.559    -3.554               7.724          1911Pc0045
  5713.121 607.01214     0.177    -4.169               7.724          0500Qc0265
  5713.139 607.01314     1.851    -3.243               7.724          1407Pc0285
  5713.186 607.01214     0.177    -3.420               7.724          0500Pa0275
  5713.190 607.01214     2.683    -2.387               7.724          1911Pb0185
  5713.196 106.00113     2.227    -5.120               3.464            AX14R255
  5713.240 607.01214     0.364    -3.164               7.724          0500Ra0395
  5713.256      72.0     3.071     -0.52                                        
  5713.303      24.0     3.090     -7.22                                        
  5713.316 112.00124     0.769    -4.087               1.340           13R120b24
  5713.365 607.01314     2.630    -2.325               7.724          1911Rb0185
  5713.392 607.01314     0.104    -4.306               7.724          0500Rc0205
  5713.397 607.01314     2.630    -2.797               7.724          1911Qd0195
  5713.404 607.01314     1.102    -3.248               7.724          1004Rc0235
  5713.441 607.01314     0.104    -3.181               7.724          0500Qa0215
  5713.442 607.01214     1.245    -3.352               7.724          1004Rc0325
  5713.457 607.01314     1.102    -2.057               7.724          1004Qa0245
  5713.458      71.1     3.643     -1.14                                        
  5713.499 106.00113     1.714    -7.030               3.464            AX02P255
  5713.501 607.01314     2.684    -3.175               7.724          1911Rd0255
  5713.507 106.00112     2.402    -5.263               3.464            AX25R255
  5713.516 607.01214     1.245    -1.916               7.724          1004Qa0335
  5713.560 106.00113     1.376    -4.487               3.464            BX03P155
  5713.573      23.0     1.892     -2.23                               LAWNOHFS 
  5713.602 106.00112     1.798    -7.100               3.464            AX02P265
  5713.604 607.01314     2.580    -3.017               7.724          1911Rc0105
  5713.636 607.01314     2.580    -2.302               7.724          1911Qa0115
  5713.674 106.00112     2.402    -6.922               3.464            AX25Q255
  5713.678 106.00113     1.376    -8.491               3.464            BX03Q155
  5713.713 607.01214     3.224    -3.289               7.724          2213Pc0295
  5713.755      22.0     3.125     -3.26                                        
  5713.764 607.01214     1.188    -2.325               7.724          1004Pb0285
  5713.781 106.00112     2.402    -5.119               3.464            AX25R245
  5713.783 607.01214     0.190    -3.411               7.724          0500Pb0275
  5713.792 106.00113     1.267    -6.235               3.464            BX14R025
  5713.794      22.0     3.164     -3.48                                        
  5713.863 106.00113     1.376    -4.399               3.464            BX03P165
  5713.880      22.0     2.287     -1.13                                        
  5713.886      28.0     5.493     -1.50                                        
  5713.974      24.0     0.941     -7.24                                        
  5714.010      57.0     0.869     -1.11                                        
  5714.082 112.00124     1.196    -1.372               1.340           02Q237b24
  5714.097 106.00112     1.579    -4.040               3.464            BX12R245
  5714.138 607.01314     1.938    -2.433               7.724          1508Rb0135
  5714.164 607.01314     1.938    -2.748               7.724          1508Qd0145
  5714.271      25.0     6.122     -2.71                                        
  5714.283 112.00124     1.196    -4.952               1.340           02P137b24
  5714.302 112.00124     1.196    -4.820               1.340           02R237b24
  5714.321 607.01214     1.325    -3.677               7.724          0903Rc0495
  5714.324      23.0     1.375     -8.39                                        
  5714.333 607.01214     2.024    -3.031               7.724          1508Rc0195
  5714.350      22.0     2.173     -4.67                                        
  5714.370 607.01214     2.024    -1.961               7.724          1508Qa0205
  5714.395   25.0055     3.370    -4.035                                 KURHFS 
  5714.395   25.0055     3.370    -4.813                                 KURHFS 
  5714.411   25.0055     3.370    -4.298                                 KURHFS 
  5714.411   25.0055     3.370    -4.650                                 KURHFS 
  5714.411   25.0055     3.370    -4.813                                 KURHFS 
  5714.424   25.0055     3.370    -4.629                                 KURHFS 
  5714.424   25.0055     3.370    -4.645                                 KURHFS 
  5714.424   25.0055     3.370    -4.650                                 KURHFS 
  5714.434   25.0055     3.370    -4.645                                 KURHFS 
  5714.434   25.0055     3.370    -4.747                                 KURHFS 
  5714.434   25.0055     3.370    -5.076                                 KURHFS 
  5714.435 607.01214     1.325    -1.928               7.724          0903Qa0505
  5714.440   25.0055     3.370    -4.747                                 KURHFS 
  5714.440   25.0055     3.370    -5.009                                 KURHFS 
  5714.440   25.0055     3.370    -5.775                                 KURHFS 
  5714.444   25.0055     3.370    -5.009                                 KURHFS 
  5714.475 607.01214     1.217    -3.429               7.724          0903Qc0445
  5714.480 607.01314     0.077    -3.626               7.724          0500Pb0175
  5714.494 607.01314     0.061    -4.052               7.724          0500Qc0155
  5714.503 112.00124     1.196    -1.360               1.340           02Q137b24
  5714.516      23.0     3.265     -2.42                                        
  5714.516 607.01214     0.129    -4.502               7.724          0500Pc0225
  5714.532 607.01314     0.061    -3.681               7.724          0500Pa0165
  5714.536      57.0     1.234     -1.22                                        
  5714.551      26.0     5.082     -1.50                                        
  5714.578 607.01214     1.217    -2.313               7.724          0903Pa0455
  5714.591 607.01314     1.903    -3.004               7.724          1508Pb0055
  5714.673 607.01314     0.124    -3.157               7.724          0500Qb0225
  5714.690      24.0     4.486     -4.34                                        
  5714.710 607.01314     0.331    -4.548               7.724          0500Rd0385
  5714.713 607.01314     2.615    -2.334               7.724          1911Ra0175
  5714.722 106.00113     2.003    -7.614               3.464            AX25R185
  5714.726 607.01314     0.124    -4.353               7.724          0500Pd0235
  5714.778 607.01314     1.072    -2.481               7.724          1004Pb0205
  5714.814 607.01214     1.627    -3.843               7.724          0903Rd0625
  5714.865 106.00113     0.804    -6.946               3.464            AX02P085
  5714.872      26.0     3.239     -4.89                                        
  5714.888 607.01314     2.000    -3.134               7.724          1508Rd0225
  5714.945      39.0     1.965     -1.22                                        
  5714.966 607.01314     1.913    -2.409               7.724          1508Qb0085
  5714.985 607.01314     1.913    -3.055               7.724          1508Pd0095
  5714.995 607.01314     2.551    -3.227               7.724          1810Pc0315
  5715.039 112.00124     1.134    -1.033               1.340           13Q232b24
  5715.055 607.01314     1.031    -3.349               7.724          1004Pc0155
  5715.066      28.0     4.085     -0.35                                        
  5715.087 607.01214     2.654    -3.183               7.724          1911Pc0145
  5715.090      42.0     4.325     -0.89                                        
  5715.091      26.0     4.280     -2.14                                        
  5715.102      26.0     4.188     -2.92                                        
  5715.116      22.0     2.254     -0.50                                 LAWLER 
  5715.117 607.01214     2.719    -3.100               7.724          1911Pd0235
  5715.166      24.0     4.614     -1.60                                        
  5715.200 607.01214     1.992    -2.783               7.724          1508Qc0155
  5715.217 112.00124     1.134    -4.984               1.340           13P132b24
  5715.222      73.0     1.324     -1.98                                        
  5715.230 607.01214     1.992    -2.432               7.724          1508Pa0165
  5715.251      24.0     3.553     -2.40                                        
  5715.259      58.1     1.543     -0.89                                        
  5715.262 607.01214     1.343    -2.105               7.724          1004Ra0395
  5715.284 112.00124     1.134    -4.984               1.340           13R232b24
  5715.305 607.01214     1.379    -5.000               7.724          0600Qc0765
  5715.306 607.01314     2.568    -2.864               7.724          1911Qc0075
  5715.314 607.01214     1.972    -3.173               7.724          1508Pc0125
  5715.317 607.01314     2.568    -2.887               7.724          1911Pa0085
  5715.351 607.01214     2.719    -1.956               7.724          1911Qb0225
  5715.392      21.0     4.419     -2.48                                        
  5715.392      21.0     4.419     -2.63                                        
  5715.402 607.01314     1.903    -2.712               7.724          1508Ra0065
  5715.444 607.01314     1.901    -2.773               7.724          1508Ra0055
  5715.447 607.01214     0.382    -3.169               7.724          0500Rb0395
  5715.459 106.00113     2.660    -6.136               3.464            AX35P285
  5715.462 112.00124     1.134    -1.020               1.340           13Q132b24
  5715.470      26.0     4.151     -2.98                                        
  5715.486 607.01214     1.260    -1.915               7.724          1004Qb0335
  5715.487 607.01214     1.379    -3.461               7.724          0600Pa0775
  5715.535 607.01314     2.602    -2.180               7.724          1911Qb0145
  5715.542 607.01214     0.382    -4.260               7.724          0500Qd0405
  5715.559 607.01314     2.602    -3.041               7.724          1911Pd0155
  5715.563 607.01214     1.260    -3.395               7.724          1004Pd0345
  5715.570 607.01314     1.906    -2.656               7.724          1508Ra0075
  5715.571 607.01214     2.675    -2.407               7.724          1911Pa0185
  5715.578      41.0     1.522     -2.09                                        
  5715.646 607.01214     2.675    -2.814               7.724          1911Qc0175
  5715.697 607.01314     1.899    -2.840               7.724          1508Ra0045
  5715.718 607.01314     2.562    -3.446               7.724          1911Pc0055
  5715.753 106.00112     2.009    -7.614               3.464            AX25R185
  5715.767 106.00113     1.105    -7.391               3.464            BX03P085
  5715.791      69.0     1.892     -0.96                                        
  5715.793      26.0     4.555     -3.61                                        
  5715.821      20.0     2.707     -3.26                                        
  5715.836      26.0     4.981     -3.50                                        
  5715.853 607.01314     2.585    -3.014               7.724          1911Rc0115
  5715.881 607.01314     2.585    -2.258               7.724          1911Qa0125
  5715.896 607.01314     0.208    -3.292               7.724          0500Rb0295
  5715.909 106.00113     0.804    -6.973               3.464            AX02P085
  5715.949 607.01314     1.910    -2.605               7.724          1508Ra0085
  5715.956 106.00113     2.397    -5.263               3.464            AX25R255
  5715.966 607.01314     0.208    -4.140               7.724          0500Qd0305
  5715.968 607.01214     1.468    -2.152               7.724          0903Rb0555
  5715.974      25.0     4.682     -2.60                                        
  5716.031      42.0     3.185     -2.09                                        
  5716.055      22.0     3.059     -3.82                                        
  5716.096 607.01214     1.468    -3.470               7.724          0903Qd0565
  5716.098 607.01214     2.096    -2.109               7.724          1508Rb0265
  5716.110      24.0     3.446     -3.81                                        
  5716.152 607.01214     2.096    -2.839               7.724          1508Qd0275
  5716.164 607.01314     1.897    -2.916               7.724          1508Ra0035
  5716.171      26.0     4.470     -3.22                                        
  5716.195 106.00113     2.397    -6.922               3.464            AX25Q255
  5716.231 607.01214     2.007    -2.377               7.724          1508Pb0175
  5716.272 106.00113     2.041    -5.512               3.464            AX03R275
  5716.276 607.01314     1.945    -2.398               7.724          1508Rb0145
  5716.301 607.01314     1.945    -2.749               7.724          1508Qd0155
  5716.345 106.00113     2.397    -5.118               3.464            AX25R245
  5716.359      41.0     1.531     -1.51                                        
  5716.377 607.01214     2.709    -1.957               7.724          1911Qa0225
  5716.428 607.01214     0.262    -4.445               7.724          0500Rc0325
  5716.445      22.0     2.295     -0.70                                        
  5716.462      58.0     0.847     -0.28                                        
  5716.478 607.01314     2.585    -2.646               7.724          1911Pb0115
  5716.480      20.0     5.574     -4.31                                        
  5716.484      25.0     5.083     -4.27                                        
  5716.508 607.01214     0.262    -2.981               7.724          0500Qa0335
  5716.510 607.01214     2.042    -1.935               7.724          1508Qb0215
  5716.537 106.00113     2.041    -7.501               3.464            AX03Q275
  5716.537 607.01314     1.913    -2.559               7.724          1508Ra0095
  5716.556 607.01214     2.042    -3.071               7.724          1508Pd0225
  5716.559      73.0     1.516     -2.68                                        
  5716.573 607.01214     2.709    -3.072               7.724          1911Rc0215
  5716.712 607.01314     2.638    -2.300               7.724          1911Rb0195
  5716.718      22.0     3.421     -3.30                                        
  5716.721 106.00113     2.041    -5.508               3.464            AX03R265
  5716.746 607.01314     2.638    -2.803               7.724          1911Qd0205
  5716.748 106.00112     1.721    -7.029               3.464            AX02P255
  5716.767 106.00113     2.497    -6.080               3.464            AX46P225
  5716.794      23.0     4.255     -2.17                                        
  5716.812 607.01314     0.195    -3.284               7.724          0500Ra0295
  5716.820 607.01314     0.041    -4.445               7.724          0500Pc0125
  5716.844 607.01314     1.896    -3.001               7.724          1508Ra0025
  5716.867 607.01314     1.124    -2.035               7.724          1004Qb0255
  5716.875      92.0     0.552     -1.59                                        
  5716.925 607.01314     1.124    -3.295               7.724          1004Pd0265
  5716.941      75.0     3.303     -0.87                                        
  5716.982 607.01314     0.113    -4.314               7.724          0500Rc0215
  5717.017 607.01214     2.085    -2.098               7.724          1508Ra0265
  5717.034 607.01314     0.113    -3.158               7.724          0500Qa0225
  5717.057 607.01314     1.063    -2.991               7.724          1004Qc0195
  5717.101 607.01314     1.063    -2.497               7.724          1004Pa0205
  5717.134 607.01314     1.918    -2.352               7.724          1508Qb0095
  5717.154 607.01314     1.918    -3.040               7.724          1508Pd0105
  5717.162 607.01314     1.906    -2.915               7.724          1508Pb0065
  5717.195 112.00124     0.928    -1.933               1.340           02R230b24
  5717.196 607.01214     2.773    -2.870               7.724          1911Qd0285
  5717.199 607.01314     2.695    -3.182               7.724          1911Rd0265
  5717.288   21.0045     1.438    -1.798                                 KURHFS 
  5717.288   21.0045     1.438    -1.936                                 KURHFS 
  5717.288   21.0045     1.438    -2.216                                 KURHFS 
  5717.290   21.0045     1.438    -1.732                                 KURHFS 
  5717.291   21.0045     1.438    -3.237                                 KURHFS 
  5717.293   21.0045     1.438    -1.725                                 KURHFS 
  5717.293   21.0045     1.438    -2.216                                 KURHFS 
  5717.293   21.0045     1.438    -2.538                                 KURHFS 
  5717.296   21.0045     1.438    -1.936                                 KURHFS 
  5717.297   21.0045     1.438    -1.790                                 KURHFS 
  5717.297   21.0045     1.438    -2.091                                 KURHFS 
  5717.301   21.0045     1.438    -1.760                                 KURHFS 
  5717.301   21.0045     1.438    -1.798                                 KURHFS 
  5717.302   21.0045     1.438    -1.994                                 KURHFS 
  5717.307   21.0045     1.438    -1.497                                 KURHFS 
  5717.307   21.0045     1.438    -1.732                                 KURHFS 
  5717.313   21.0045     1.438    -1.278                                 KURHFS 
  5717.315   21.0045     1.438    -1.725                                 KURHFS 
  5717.321   21.0045     1.438    -1.091                                 KURHFS 
  5717.323   21.0045     1.438    -1.790                                 KURHFS 
  5717.332   21.0045     1.438    -1.994                                 KURHFS 
  5717.332 607.01314     1.918    -2.516               7.724          1508Ra0105
  5717.354      20.0     5.014     -5.45                                        
  5717.377      20.0     2.707     -4.68                                        
  5717.384 112.00124     0.928    -4.688               1.340           02Q130b24
  5717.393 607.01314     2.622    -2.309               7.724          1911Ra0185
  5717.473 112.00124     0.730    -4.666               1.340           02R124b24
  5717.486      68.0     1.308     -0.44                                        
  5717.506 607.01214     2.761    -2.129               7.724          1911Ra0275
  5717.518      20.0     4.760     -0.89                                        
  5717.562      25.0     5.574     -2.21                                        
  5717.603 607.01314     2.009    -3.141               7.724          1508Rd0235
  5717.676 607.01214     2.773    -2.139               7.724          1911Rb0275
  5717.683 106.00113     2.004    -7.561               3.464            AX25R185
  5717.689 607.01214     1.139    -3.752               7.724          0903Pc0405
  5717.740 607.01314     1.895    -3.095               7.724          1508Ra0015
  5717.742 607.01314     2.571    -2.840               7.724          1911Qc0085
  5717.758 607.01314     2.571    -2.815               7.724          1911Pa0095
  5717.777 112.00124     0.928    -1.921               1.340           02R130b24
  5717.796 607.01314     1.113    -3.256               7.724          1004Rc0245
  5717.833      26.0     4.280     -0.96                              Ruffoni14 
  5717.851 607.01314     1.113    -2.037               7.724          1004Qa0255
  5717.881      20.0     4.427     -1.36                                        
  5717.901 607.01214     1.360    -2.110               7.724          1004Rb0395
  5717.919      62.0     1.542     -0.12                                        
  5717.991 607.01214     1.360    -3.162               7.724          1004Qd0405
  5717.995      28.0     5.016     -4.08                                        
  5718.050      24.1     5.996     -3.69                                        
  5718.094      26.0     2.424     -8.32                                        
  5718.116 607.01214     0.278    -2.980               7.724          0500Qb0335
  5718.120      60.1     1.409     -0.40                              DenHarto03
  5718.197 607.01214     0.278    -4.491               7.724          0500Pd0345
  5718.208 607.01314     0.069    -4.055               7.724          0500Qc0165
  5718.233      25.0     5.692     -0.01                                        
  5718.247 607.01314     0.069    -3.648               7.724          0500Pa0175
  5718.320 607.01314     2.590    -3.014               7.724          1911Rc0125
  5718.339 607.01314     1.922    -2.476               7.724          1508Ra0115
  5718.339 607.01314     2.590    -2.218               7.724          1911Qa0135
  5718.354      24.1     4.009     -7.98                                        
  5718.365      58.0     0.172     -1.45                                        
  5718.451 607.01214     2.033    -3.038               7.724          1508Rc0205
  5718.462      66.0     2.287      0.50                                        
  5718.475   23.0051     2.113    -5.231                                 KURHFS 
  5718.475   23.0051     2.113    -5.447                                 KURHFS 
  5718.475   23.0051     2.113    -5.696                                 KURHFS 
  5718.475   23.0051     2.113    -5.704                                 KURHFS 
  5718.475   23.0051     2.113    -5.730                                 KURHFS 
  5718.475   23.0051     2.113    -5.857                                 KURHFS 
  5718.475   23.0051     2.113    -5.868                                 KURHFS 
  5718.475   23.0051     2.113    -5.868                                 KURHFS 
  5718.475   23.0051     2.113    -6.044                                 KURHFS 
  5718.475   23.0051     2.113    -6.169                                 KURHFS 
  5718.475   23.0051     2.113    -6.294                                 KURHFS 
  5718.475   23.0051     2.113    -6.722                                 KURHFS 
  5718.483 607.01214     0.547    -4.658               7.724          0500Rd0485
  5718.487 607.01214     2.033    -1.937               7.724          1508Qa0215
  5718.495 607.01214     1.139    -3.416               7.724          1004Pc0245
  5718.511 607.01214     2.691    -2.359               7.724          1911Pb0195
  5718.553 607.01314     2.564    -3.370               7.724          1911Pc0065
  5718.590      24.0     2.985     -3.52                                        
  5718.592      58.1     1.875     -1.07                                        
  5718.601 607.01314     1.951    -2.365               7.724          1508Rb0155
  5718.631 607.01314     1.951    -2.750               7.724          1508Qd0165
  5718.651      20.0     4.765     -1.01                                        
  5718.694 106.00112     2.506    -6.018               3.464            AX46P225
  5718.743 106.00112     2.010    -7.561               3.464            AX25R185
  5718.809      25.1     6.640     -5.37                                        
  5718.813 607.01314     0.134    -3.135               7.724          0500Qb0235
  5718.840 607.01314     0.085    -3.596               7.724          0500Pb0185
  5718.847 607.01314     1.895    -3.195               7.724          1508Ra0005
  5718.863      26.0     5.481     -3.65                                        
  5718.869 607.01314     0.134    -4.361               7.724          0500Pd0245
  5718.956 607.01214     1.468    -2.140               7.724          0903Ra0565
  5718.965 607.01314     2.608    -2.146               7.724          1911Qb0155
  5718.972      26.0     4.952     -2.26                                        
  5718.987 607.01214     1.188    -3.092               7.724          1004Qc0285
  5718.992 607.01314     2.608    -3.041               7.724          1911Pd0165
  5719.036      58.0     0.719      0.43                                        
  5719.037 607.01214     0.190    -4.178               7.724          0500Qc0275
  5719.053 607.01214     1.188    -2.315               7.724          1004Pa0295
  5719.064      59.1     0.795     -1.05                                        
  5719.080      60.1     0.550     -1.66                              DenHarto03
  5719.105 607.01214     0.190    -3.402               7.724          0500Pa0285
  5719.116      62.1     1.075     -2.29                                        
  5719.130      22.0     2.331     -3.24                                        
  5719.175      72.0     1.113     -1.36                                        
  5719.255 607.01214     0.382    -3.152               7.724          0500Ra0405
  5719.283      23.1     5.863     -2.71                                        
  5719.296      25.0     4.191     -2.98                                        
  5719.348 607.01314     0.349    -4.554               7.724          0500Rd0395
  5719.412 607.01214     1.999    -2.786               7.724          1508Qc0165
  5719.448 607.01214     1.999    -2.398               7.724          1508Pa0175
  5719.478 607.01314     1.922    -2.301               7.724          1508Qb0105
  5719.491 106.00113     1.716    -7.101               3.464            AX02P255
  5719.500 607.01314     1.922    -3.029               7.724          1508Pd0115
  5719.535      58.0     0.159     -1.55                                        
  5719.545 607.01314     1.927    -2.439               7.724          1508Ra0125
  5719.553      68.0     1.068     -0.57                                        
  5719.623      90.0     0.929     -1.66                                        
  5719.640      59.1     1.003     -0.85                                        
  5719.800 607.01214     1.260    -3.360               7.724          1004Rc0335
  5719.804 607.01314     1.082    -2.456               7.724          1004Pb0215
  5719.807 607.01214     1.978    -3.165               7.724          1508Pc0135
  5719.814 607.01214     1.787    -3.287               7.724          0600Rb0875
  5719.816      24.0     3.011     -1.58                                 SOBECK 
  5719.821      26.0     2.277     -7.93                                        
  5719.823      23.0     2.573     -7.66                                        
  5719.850 607.01314     1.039    -3.348               7.724          1004Pc0165
  5719.877 607.01214     1.260    -1.902               7.724          1004Qa0345
  5719.910 607.01314     1.910    -2.837               7.724          1508Pb0075
  5719.932 607.01314     1.896    -3.185               7.724          1508Rc0015
  5719.940 607.01314     1.896    -3.017               7.724          1508Qa0025
  5719.944 607.01314     1.895    -3.240               7.724          1508Rc0005
  5719.947 607.01314     1.895    -3.270               7.724          1508Qa0015
  5720.001      70.0     3.429      0.57                                        
  5720.009      57.0     0.433     -1.47                                        
  5720.022 607.01214     1.787    -4.980               7.724          0600Qd0885
  5720.033 607.01214     0.203    -3.394               7.724          0500Pb0285
  5720.039      21.1     7.154     -2.16                                        
  5720.113 607.01214     2.660    -3.179               7.724          1911Pc0155
  5720.127      21.0     4.429     -1.89                                        
  5720.134 607.01314     1.897    -3.135               7.724          1508Rc0025
  5720.140 607.01314     1.897    -2.856               7.724          1508Qa0035
  5720.167      25.0     5.668      0.12                                        
  5720.176      62.0     0.036     -2.07                                        
  5720.183      90.0     0.457     -1.70                                        
  5720.189 607.01314     0.222    -3.276               7.724          0500Rb0305
  5720.207 607.01314     2.590    -2.600               7.724          1911Pb0125
  5720.239      15.0     7.170     -4.85                                        
  5720.252      25.0     4.662     -3.66                                        
  5720.261 607.01314     0.222    -4.147               7.724          0500Qd0315
  5720.261 607.01314     2.646    -2.276               7.724          1911Rb0205
  5720.285 607.01314     2.630    -2.285               7.724          1911Ra0195
  5720.294 607.01214     2.729    -3.108               7.724          1911Pd0245
  5720.297 607.01314     2.646    -2.810               7.724          1911Qd0215
  5720.330      25.0     5.594     -3.04                                        
  5720.389      27.1     3.457     -6.55                                        
  5720.390      26.0     4.962     -4.30                                        
  5720.390 607.01214     2.683    -2.377               7.724          1911Pa0195
  5720.401 607.01314     2.575    -2.822               7.724          1911Qc0095
  5720.415 607.01314     2.575    -2.751               7.724          1911Pa0105
  5720.435 106.00112     0.806    -6.945               3.464            AX02P085
  5720.436      22.0     2.290     -0.90                                        
  5720.489 607.01214     1.202    -2.308               7.724          1004Pb0295
  5720.495 607.01214     2.683    -2.819               7.724          1911Qc0185
  5720.509 607.01314     2.019    -3.148               7.724          1508Rd0245
  5720.550 607.01314     1.899    -3.094               7.724          1508Rc0035
  5720.557 607.01214     1.238    -2.311               7.724          0903Pb0455
  5720.558 607.01314     1.899    -2.734               7.724          1508Qa0045
  5720.569 607.01214     2.729    -1.935               7.724          1911Qb0235
  5720.572      23.0     2.741     -1.18                                        
  5720.593 607.01314     1.864    -3.250               7.724          1407Pc0295
  5720.617      39.0     2.036     -0.60                                        
  5720.746 607.01214     0.140    -4.509               7.724          0500Pc0235
  5720.753 607.01314     0.124    -4.321               7.724          0500Rc0225
  5720.756      23.1     5.533     -4.78                                        
  5720.760   27.0059     2.041    -5.172                                 KURHFS 
  5720.760   27.0059     2.041    -5.172                                 KURHFS 
  5720.760   27.0059     2.041    -5.473                                 KURHFS 
  5720.767   27.0059     2.041    -5.008                                 KURHFS 
  5720.767   27.0059     2.041    -5.034                                 KURHFS 
  5720.767   27.0059     2.041    -5.348                                 KURHFS 
  5720.775       6.0     8.531     -2.71                                        
  5720.776   27.0059     2.041    -4.751                                 KURHFS 
  5720.776   27.0059     2.041    -5.000                                 KURHFS 
  5720.776   27.0059     2.041    -5.598                                 KURHFS 
  5720.787   27.0059     2.041    -4.535                                 KURHFS 
  5720.787   27.0059     2.041    -5.161                                 KURHFS 
  5720.787   27.0059     2.041    -6.026                                 KURHFS 
  5720.806 607.01314     0.124    -3.137               7.724          0500Qa0235
  5720.810 607.01314     0.208    -3.269               7.724          0500Ra0305
  5720.837      26.0     5.008     -2.31                                        
  5720.864 607.01214     1.253    -3.210               7.724          1105Rd0095
  5720.886      26.0     4.545     -1.95                                        
  5720.891 607.01214     1.249    -3.222               7.724          1105Rd0085
  5720.892 607.01214     1.348    -1.928               7.724          0903Qb0505
  5720.906 607.01214     2.108    -2.092               7.724          1508Rb0275
  5720.933      25.1     6.795     -4.77                                        
  5720.952      22.0     3.059     -2.73                                        
  5720.960 607.01314     1.933    -2.404               7.724          1508Ra0135
  5720.962 607.01214     2.108    -2.847               7.724          1508Qd0285
  5720.975      24.1     3.906     -5.47                                        
  5720.990 607.01314     0.047    -4.437               7.724          0500Pc0135
