a line list in the range:    6029.00   6041.00
  6029.056   27.0059     3.629    -5.096                                 KURHFS 
  6029.058      26.0     4.909     -3.42                                        
  6029.115      22.0     3.407     -2.74                                        
  6029.119 106.00113     2.804    -7.876               3.464            AX25Q305
  6029.146 607.01214     1.712    -2.984               7.724          1307Rc0055
  6029.157 607.01214     1.712    -2.483               7.724          1307Qa0065
  6029.157 607.01214     1.737    -2.185               7.724          1307Qb0115
  6029.172 607.01214     1.120    -2.361               7.724          0601Ra0615
  6029.183 607.01214     1.737    -2.976               7.724          1307Pd0125
  6029.219      28.0     4.232     -2.22                                        
  6029.274      24.0     3.847     -1.67                                        
  6029.285 607.01214     0.740    -4.738               7.724          0500Pc0555
  6029.291 106.00112     2.591    -4.450               3.464            AX14P305
  6029.312 607.01214     1.325    -4.156               7.724          0601Rd0685
  6029.314 106.00113     2.509    -9.706               3.464            AX04R305
  6029.358      24.0     3.847     -2.48                                        
  6029.374 607.01314     0.671    -3.177               7.724          0702Qc0275
  6029.412 607.01314     2.431    -2.210               7.724          1710Ra0215
  6029.428 106.00113     2.804    -4.507               3.464            AX25P305
  6029.444 607.01314     0.671    -2.438               7.724          0702Pa0285
  6029.457      23.0     4.253     -1.46                                        
  6029.463   27.0059     1.048    -9.237                                 KURHFS 
  6029.465      24.0     3.407     -4.29                                        
  6029.469   27.0059     1.048    -9.413                                 KURHFS 
  6029.480   27.0059     1.048    -9.663                                 KURHFS 
  6029.490   27.0059     1.048    -9.237                                 KURHFS 
  6029.491      22.0     2.304     -5.06                                        
  6029.498   27.0059     1.048   -10.091                                 KURHFS 
  6029.509   27.0059     1.048    -9.073                                 KURHFS 
  6029.531   27.0059     1.048    -9.538                                 KURHFS 
  6029.534   27.0059     1.048    -9.065                                 KURHFS 
  6029.552 607.01214     1.704    -3.300               7.724          1307Qc0015
  6029.552 607.01214     1.704    -3.785               7.724          1307Pa0025
  6029.563   27.0059     1.048    -9.099                                 KURHFS 
  6029.565   27.0059     1.048    -9.226                                 KURHFS 
  6029.589 607.01214     2.567    -2.068               7.724          1710Ra0295
  6029.602   27.0059     1.048    -8.816                                 KURHFS 
  6029.607 607.01214     2.510    -3.047               7.724          1710Rc0235
  6029.620 607.01214     0.875    -4.403               7.724          0500Qc0605
  6029.645   27.0059     1.048    -8.600                                 KURHFS 
  6029.652 112.00124     0.769    -3.694               1.340           13P220b24
  6029.653 607.01214     2.510    -1.884               7.724          1710Qa0245
  6029.656 106.00113     1.822    -6.444               3.464            AX36R045
  6029.664 607.01214     2.580    -2.079               7.724          1710Rb0295
  6029.696 607.01214     1.777    -2.238               7.724          1307Rb0175
  6029.722 607.01214     2.580    -2.837               7.724          1710Qd0305
  6029.738 607.01214     1.777    -2.722               7.724          1307Qd0185
  6029.741      41.0     1.572     -1.59                                        
  6029.781 607.01214     0.875    -3.032               7.724          0500Pa0615
  6029.796 607.01214     0.989    -3.386               7.724          0803Rd0325
  6029.819 106.00112     2.733    -4.510               3.464            AX25P305
  6029.830 607.01214     0.819    -2.154               7.724          0803Qb0165
  6029.840 106.00113     1.822    -6.429               3.464            AX36R045
  6029.841 607.01214     0.960    -3.988               7.724          0601Rc0545
  6029.869      14.0     5.979     -0.42                                        
  6029.875 607.01214     0.819    -3.176               7.724          0803Pd0175
  6029.921 607.01314     0.684    -2.429               7.724          0702Pb0285
  6029.924 607.01314     2.449    -2.204               7.724          1710Rb0225
  6029.969 607.01314     2.449    -2.787               7.724          1710Qd0235
  6029.985 607.01214     0.960    -2.147               7.724          0601Qa0555
  6029.987 106.00112     2.734    -7.540               3.464            AX25Q295
  6030.085 106.00112     2.808    -8.549               3.464            AX26R285
  6030.168 106.00112     2.734    -4.430               3.464            AX25P295
  6030.178 106.00112     1.611    -4.987               3.464            AX14R145
  6030.239 106.00112     1.529    -6.508               3.464            BX14P125
  6030.243   23.0051     1.349    -5.185                                 KURHFS 
  6030.248   23.0051     1.349    -4.905                                 KURHFS 
  6030.248   23.0051     1.349    -5.185                                 KURHFS 
  6030.248   23.0051     1.349    -6.206                                 KURHFS 
  6030.257   23.0051     1.349    -4.767                                 KURHFS 
  6030.257   23.0051     1.349    -4.905                                 KURHFS 
  6030.257   23.0051     1.349    -5.507                                 KURHFS 
  6030.257 607.01314     2.407    -2.051               7.724          1710Qb0175
  6030.262 607.01214     0.791    -3.257               7.724          0702Qc0345
  6030.272   23.0051     1.349    -4.701                                 KURHFS 
  6030.272   23.0051     1.349    -4.767                                 KURHFS 
  6030.272   23.0051     1.349    -5.060                                 KURHFS 
  6030.278 106.00112     1.611    -4.982               3.464            AX14R155
  6030.288 607.01214     1.715    -2.967               7.724          1307Rc0065
  6030.291   23.0051     1.349    -4.694                                 KURHFS 
  6030.291   23.0051     1.349    -4.701                                 KURHFS 
  6030.291   23.0051     1.349    -4.729                                 KURHFS 
  6030.293 607.01314     2.407    -3.026               7.724          1710Pd0185
  6030.300 106.00113     2.111    -6.201               3.464            AX36P155
  6030.305 607.01214     1.715    -2.410               7.724          1307Qa0075
  6030.314 607.01214     3.189    -2.291               7.724          2113Rb0265
  6030.315   23.0051     1.349    -4.466                                 KURHFS 
  6030.315   23.0051     1.349    -4.694                                 KURHFS 
  6030.315   23.0051     1.349    -4.759                                 KURHFS 
  6030.324 607.01214     1.856    -3.139               7.724          1307Rd0265
  6030.344   23.0051     1.349    -4.247                                 KURHFS 
  6030.344   23.0051     1.349    -4.759                                 KURHFS 
  6030.344   23.0051     1.349    -4.963                                 KURHFS 
  6030.353 607.01214     0.791    -2.342               7.724          0702Pa0355
  6030.378   23.0051     1.349    -4.060                                 KURHFS 
  6030.378   23.0051     1.349    -4.963                                 KURHFS 
  6030.407 106.00112     1.611    -6.769               3.464            AX14Q155
  6030.452 607.01214     1.755    -2.274               7.724          1307Ra0155
  6030.492 607.01214     3.189    -2.972               7.724          2113Qd0275
  6030.504 112.00124     0.998    -5.844               1.340           03R128b24
  6030.550 607.01214     3.083    -3.292               7.724          2113Pc0145
  6030.558 106.00112     2.518    -7.648               3.464            AX03Q325
  6030.603 607.01214     0.864    -2.257               7.724          0803Ra0225
  6030.644      42.0     1.530     -0.52                              NIST/A    
  6030.675 112.00124     0.565    -3.452               1.340           13P209b24
  6030.676 607.01314     2.355    -3.244               7.724          1710Pc0085
  6030.679 106.00112     2.518    -4.765               3.464            AX03P335
  6030.720 607.01214     1.722    -2.701               7.724          1307Pb0085
  6030.760 607.01214     2.472    -2.796               7.724          1710Qc0195
  6030.799 607.01214     2.472    -2.314               7.724          1710Pa0205
  6030.800 607.01214     1.705    -3.093               7.724          1307Qc0025
  6030.800 607.01214     1.705    -3.435               7.724          1307Pa0035
  6030.860 106.00113     2.111    -4.176               3.464            AX36Q145
  6030.866 607.01214     0.762    -3.459               7.724          0803Pc0065
  6030.927 607.01314     0.624    -3.504               7.724          0702Pc0235
  6030.936 106.00112     2.518    -4.767               3.464            AX03P325
  6030.981      66.0     1.055     -1.23                                        
  6030.996      26.0     5.389     -4.13                                        
  6031.003 607.01214     3.178    -2.279               7.724          2113Ra0265
  6031.029 607.01214     0.791    -2.646               7.724          0803Pb0125
  6031.045 607.01214     0.886    -2.250               7.724          0803Rb0235
  6031.076      23.1     2.520     -1.7                               adj-2.35
  6031.107 607.01214     0.886    -2.949               7.724          0803Qd0245
  6031.108 106.00113     2.111    -4.173               3.464            AX36Q155
  6031.262 106.00113     2.584    -7.312               3.464            AX14Q305
  6031.264      58.0     0.620     -1.05                                        
  6031.270      60.1     1.281     -0.74                              DenHarto03
  6031.331 106.00113     2.584    -4.467               3.464            AX14P315
  6031.352 607.01314     2.392    -2.992               7.724          1710Rc0155
  6031.360 106.00112     1.656    -3.641               3.464            BX14P155
  6031.384 607.01314     2.392    -2.083               7.724          1710Qa0165
  6031.443      24.0     3.077     -5.21                                        
  6031.449 607.01214     0.774    -2.928               7.724          0803Qc0095
  6031.457 607.01214     0.804    -3.126               7.724          0803Rc0145
  6031.470 607.01214     0.774    -2.791               7.724          0803Pa0105
  6031.478      24.0     3.847     -3.39                                        
  6031.482 106.00112     1.656    -7.432               3.464            BX14Q155
  6031.491 607.01214     0.804    -2.189               7.724          0803Qa0155
  6031.494      24.0     3.963     -3.59                                        
  6031.534      23.0     2.573     -3.88                                        
  6031.544 106.00113     2.584    -4.448               3.464            AX14P305
  6031.634      24.0     5.457     -2.56                                        
  6031.639 607.01214     3.104    -2.932               7.724          2113Qc0175
  6031.648 607.01214     2.448    -3.141               7.724          1710Pc0165
  6031.652 607.01314     0.760    -3.043               7.724          0500Pb0575
  6031.664 607.01214     1.718    -2.954               7.724          1307Rc0075
  6031.668 106.00113     2.111    -6.561               3.464            AX36R145
  6031.670      22.0     0.048     -4.20                                        
  6031.685 607.01214     1.718    -2.346               7.724          1307Qa0085
  6031.690 106.00112     1.656    -3.572               3.464            BX14P165
  6031.703 112.00124     0.434    -2.028               1.340           02Q211b24
  6031.759 607.01214     3.104    -2.526               7.724          2113Pa0185
  6031.769 607.01314     2.369    -2.776               7.724          1710Qc0115
  6031.777 607.01214     0.896    -1.944               7.724          0702Qb0405
  6031.789 607.01314     1.567    -3.138               7.724          1206Pc0235
  6031.793 607.01314     2.369    -2.608               7.724          1710Pa0125
  6031.800 112.00124     0.434    -5.160               1.340           02P111b24
  6031.822      41.0     1.913     -1.25                                        
  6031.836      24.0     5.651     -4.00                                        
  6031.883 607.01214     0.896    -3.568               7.724          0702Pd0415
  6031.894 112.00124     0.367    -2.591               1.340           02R205b24
  6031.942 112.00124     0.367    -4.002               1.340           02Q105b24
  6032.000      25.0     5.692     -3.27                                        
  6032.004 106.00112     1.618    -6.940               3.464            AX25R075
  6032.008 607.01214     0.840    -2.535               7.724          0601Pb0495
  6032.018       6.0     8.641     -4.26                                        
  6032.022      23.1     3.755     -5.74                                        
  6032.044 607.01214     3.147    -2.081               7.724          2113Qb0225
  6032.048      20.0     5.581     -4.82                                        
  6032.113 106.00112     1.898    -4.639               3.464            AX36R075
  6032.123      68.1     2.970     -0.09                                        
  6032.124 607.01214     1.742    -2.142               7.724          1307Qb0125
  6032.156      25.1     4.775     -5.32                                        
  6032.159 607.01214     1.743    -2.973               7.724          1307Pd0135
  6032.196 607.01214     3.147    -3.214               7.724          2113Pd0235
  6032.210 112.00124     0.434    -5.159               1.340           02R211b24
  6032.230 607.01214     1.243    -2.869               7.724          0500Rb0725
  6032.267 607.01214     1.051    -2.653               7.724          0500Qb0665
  6032.283 607.01214     1.707    -2.978               7.724          1307Qc0035
  6032.283 607.01214     1.707    -3.225               7.724          1307Pa0045
  6032.307 112.00124     0.434    -1.990               1.340           02Q111b24
  6032.318      90.1     0.510     -2.53                              Nils02/12%
  6032.422 607.01214     1.243    -4.418               7.724          0500Qd0735
  6032.444 607.01214     1.051    -4.701               7.724          0500Pd0675
  6032.515 106.00112     1.898    -5.985               3.464            AX36Q085
  6032.538      20.0     5.581     -5.80                                        
  6032.554 106.00112     1.898    -4.614               3.464            AX36R085
  6032.588 106.00112     1.618    -6.916               3.464            AX25R075
  6032.593      40.0     1.481     -0.98                                        
  6032.600      25.1     4.753     -5.28                                        
  6032.602 607.01214     1.762    -2.246               7.724          1307Ra0165
  6032.614 106.00113     2.112    -6.183               3.464            AX36P155
  6032.647 106.00113     2.730    -7.491               3.464            AX25Q295
  6032.681 106.00113     2.730    -4.508               3.464            AX25P305
  6032.697      26.0     4.217     -4.43                                        
  6032.782 607.01214     1.786    -2.212               7.724          1307Rb0185
  6032.807 106.00112     1.612    -4.982               3.464            AX14R155
  6032.827 607.01214     1.786    -2.728               7.724          1307Qd0195
  6032.858      20.0     5.386     -1.65                                        
  6032.861 106.00112     1.612    -4.987               3.464            AX14R145
  6032.862 112.00124     0.367    -2.546               1.340           02R105b24
  6032.898 112.00124     0.745    -3.681               1.340           13P219b24
  6032.903 106.00112     1.898    -4.639               3.464            AX36R075
  6032.938 106.00112     1.612    -6.744               3.464            AX14Q155
  6032.942      22.0     3.177     -1.71                                        
  6033.038 106.00113     1.720    -4.727               3.464            AX25R105
  6033.038 607.01314     2.440    -2.190               7.724          1710Ra0225
  6033.047 106.00113     2.730    -4.428               3.464            AX25P295
  6033.101 112.00124     0.645    -1.957               1.340           02P221b24
  6033.136      15.0     7.959     -2.97                                        
  6033.166      26.0     5.353     -4.07                                        
  6033.188 106.00113     1.946    -3.906               3.464            BX12P285
  6033.216      62.1     1.166     -2.13                                        
  6033.233 106.00112     1.898    -5.971               3.464            AX36Q085
  6033.267 607.01214     0.730    -4.067               7.724          0601Pc0445
  6033.268 106.00113     1.720    -4.716               3.464            AX25R115
  6033.272 106.00112     1.898    -4.614               3.464            AX36R085
  6033.273 607.01214     1.722    -2.945               7.724          1307Rc0085
  6033.278 607.01314     0.754    -3.459               7.724          0702Rc0335
  6033.281      60.0     1.772      0.59                                        
  6033.291 607.01214     3.138    -3.188               7.724          2113Rc0215
  6033.295 607.01214     1.722    -2.288               7.724          1307Qa0095
  6033.303 106.00113     2.112    -4.176               3.464            AX36Q145
  6033.314 607.01314     2.386    -2.487               7.724          1710Pb0145
  6033.319 106.00113     1.720    -6.316               3.464            AX25Q115
  6033.363 607.01314     0.754    -2.006               7.724          0702Qa0345
  6033.368 106.00113     2.003    -6.827               3.464            AX25R175
  6033.410 607.01214     1.705    -3.928               7.724          1307Pc0025
  6033.422 106.00113     2.112    -4.173               3.464            AX36Q155
  6033.436 607.01214     3.138    -2.083               7.724          2113Qa0225
  6033.437      28.0     5.285     -3.67                                        
  6033.492 106.00113     2.003    -4.228               3.464            AX25Q185
  6033.517      24.0     5.708     -3.42                                        
  6033.521 607.01214     0.827    -2.124               7.724          0803Qb0175
  6033.525 106.00113     2.003    -4.233               3.464            AX25Q175
  6033.571 607.01214     0.827    -3.181               7.724          0803Pd0185
  6033.583      58.1     1.958     -0.71                                        
  6033.588 112.00124     0.645    -4.314               1.340           02Q221b24
  6033.602 112.00124     0.351    -3.678               1.340           02R102b24
  6033.625 112.00124     0.578    -3.488               1.340           13P210b24
  6033.649 106.00113     2.003    -6.401               3.464            AX25P185
  6033.755 112.00124     0.645    -1.933               1.340           02P121b24
  6033.886      24.0     3.407     -3.68                                        
  6033.932 607.01214     0.875    -2.237               7.724          0803Ra0235
  6033.977      23.0     4.126     -3.37                                        
  6033.984 607.01214     0.808    -2.334               7.724          0702Pb0355
  6033.990 607.01214     1.868    -3.147               7.724          1307Rd0275
  6033.997 607.01214     1.709    -2.903               7.724          1307Qc0045
  6034.007 607.01214     1.709    -3.073               7.724          1307Pa0055
  6034.008 607.01314     0.758    -3.218               7.724          0803Rd0105
  6034.035      26.0     4.309     -2.42                                        
  6034.059 607.01314     0.754    -3.227               7.724          0803Rd0095
  6034.090      55.0     1.454     -2.00                                        
  6034.112 106.00113     2.112    -6.581               3.464            AX36R145
  6034.128 607.01314     0.763    -3.212               7.724          0803Rd0115
  6034.158      28.0     5.280     -2.43                                        
  6034.187 607.01314     2.459    -2.183               7.724          1710Rb0235
  6034.205      58.1     1.457     -0.64                              Lawler09  
  6034.211 607.01214     1.727    -2.639               7.724          1307Pb0095
  6034.228      60.1     1.544     -0.52                                        
  6034.234 607.01314     2.459    -2.794               7.724          1710Qd0245
  6034.237 607.01214     1.004    -3.395               7.724          0803Rd0335
  6034.263   21.0045     3.630    -2.219                                 KURHFS 
  6034.263   21.0045     3.630    -2.789                                 KURHFS 
  6034.265   21.0045     3.630    -2.193                                 KURHFS 
  6034.265   21.0045     3.630    -2.568                                 KURHFS 
  6034.265   21.0045     3.630    -2.789                                 KURHFS 
  6034.267   21.0045     3.630    -2.112                                 KURHFS 
  6034.267   21.0045     3.630    -2.471                                 KURHFS 
  6034.267   21.0045     3.630    -2.568                                 KURHFS 
  6034.270   21.0045     3.630    -2.007                                 KURHFS 
  6034.270   21.0045     3.630    -2.436                                 KURHFS 
  6034.270   21.0045     3.630    -2.471                                 KURHFS 
  6034.273   21.0045     3.630    -1.894                                 KURHFS 
  6034.273   21.0045     3.630    -2.436                                 KURHFS 
  6034.273   21.0045     3.630    -2.454                                 KURHFS 
  6034.277   21.0045     3.630    -1.780                                 KURHFS 
  6034.277   21.0045     3.630    -2.454                                 KURHFS 
  6034.277   21.0045     3.630    -2.538                                 KURHFS 
  6034.280 607.01314     0.750    -3.239               7.724          0803Rd0085
  6034.281   21.0045     3.630    -1.669                                 KURHFS 
  6034.281   21.0045     3.630    -2.538                                 KURHFS 
  6034.281   21.0045     3.630    -2.759                                 KURHFS 
  6034.281 607.01214     2.532    -1.862               7.724          1710Qb0255
  6034.286   21.0045     3.630    -1.562                                 KURHFS 
  6034.286   21.0045     3.630    -2.759                                 KURHFS 
  6034.319      23.1     3.793     -3.28                                        
  6034.332 607.01214     2.532    -3.093               7.724          1710Pd0265
  6034.354 607.01214     0.766    -3.408               7.724          0803Pc0075
  6034.409      58.0     0.632     -0.71                                        
  6034.421 607.01314     0.768    -3.210               7.724          0803Rd0125
  6034.428      26.0     6.165     -2.52                              PK15THEOR 
  6034.431 607.01214     0.811    -3.132               7.724          0803Rc0155
  6034.475 607.01314     2.414    -2.023               7.724          1710Qb0185
  6034.480 607.01214     0.779    -2.919               7.724          0803Qc0105
  6034.480 607.01214     0.811    -2.157               7.724          0803Qa0165
  6034.486 607.01314     2.359    -3.212               7.724          1710Pc0095
  6034.496 106.00113     1.720    -4.727               3.464            AX25R105
  6034.512 607.01314     2.414    -3.030               7.724          1710Pd0195
  6034.516 607.01214     0.779    -2.734               7.724          0803Pa0115
  6034.614      23.0     4.255     -2.47                                        
  6034.617 607.01214     1.866    -5.399               7.724          0600Pc0895
  6034.625 106.00113     1.720    -4.716               3.464            AX25R115
  6034.668 106.00113     1.720    -6.297               3.464            AX25Q115
  6034.669 607.01314     0.746    -3.257               7.724          0803Rd0075
  6034.687 607.01314     0.637    -4.673               7.724          0500Pc0525
  6034.806 607.01214     2.490    -2.275               7.724          1710Pb0215
  6034.828 607.01314     2.399    -2.997               7.724          1710Rc0165
  6034.832 607.01214     3.120    -2.479               7.724          2113Pb0195
  6034.850 607.01314     0.760    -4.343               7.724          0500Qc0575
  6034.861 607.01314     2.399    -2.053               7.724          1710Qa0175
  6034.864 607.01214     0.730    -3.620               7.724          0702Pc0305
  6034.869      26.0     5.064     -2.22                                        
  6034.878 607.01214     1.051    -4.633               7.724          0500Rc0665
  6034.887 607.01314     0.774    -3.209               7.724          0803Rd0135
  6034.895      26.0     5.029     -3.25                                        
  6034.945 607.01214     0.897    -2.230               7.724          0803Rb0245
  6034.964 607.01214     1.243    -2.859               7.724          0500Ra0735
  6034.968 106.00113     1.420    -7.492               3.464            AX14R105
  6034.971 607.01214     1.770    -2.219               7.724          1307Ra0175
  6034.973      24.0     4.528     -4.06                                        
  6034.999 607.01314     0.760    -3.036               7.724          0500Pa0585
  6035.000 607.01314     0.769    -2.005               7.724          0702Qb0345
  6035.009 607.01214     0.897    -2.955               7.724          0803Qd0255
  6035.056 607.01214     1.051    -2.645               7.724          0500Qa0675
  6035.088 607.01314     0.769    -3.500               7.724          0702Pd0355
  6035.092 607.01214     2.521    -3.054               7.724          1710Rc0245
  6035.114 607.01214     1.727    -2.940               7.724          1307Rc0095
  6035.120 607.01214     1.741    -3.904               7.724          0903Pc0655
  6035.139 607.01214     1.674    -3.209               7.724          1206Pc0295
  6035.141 607.01214     2.521    -1.865               7.724          1710Qa0255
  6035.145 607.01214     1.727    -2.236               7.724          1307Qa0105
  6035.146 607.01214     0.797    -2.604               7.724          0803Pb0135
  6035.150      25.1     4.808     -6.37                                        
  6035.226 607.01314     0.743    -3.281               7.724          0803Rd0065
  6035.290      26.0     5.326     -4.03                                        
  6035.297 607.01214     1.749    -2.102               7.724          1307Qb0135
  6035.313 607.01314     2.374    -2.770               7.724          1710Qc0125
  6035.332 607.01214     1.749    -2.973               7.724          1307Pd0145
  6035.337      26.0     4.291     -2.59                                        
  6035.339 607.01314     2.374    -2.561               7.724          1710Pa0135
  6035.344      26.0     4.590     -4.34                                        
  6035.410      24.0     5.610     -2.95                                        
  6035.418      22.0     1.979     -5.33                                        
  6035.461      22.0     3.111     -2.44                                        
  6035.476      58.1     1.614     -0.74                              Lawler09  
  6035.493 112.00124     0.722    -3.668               1.340           13P218b24
  6035.530 607.01314     0.780    -3.210               7.724          0803Rd0145
  6035.549      92.0     0.891     -1.78                                        
  6035.580 607.01214     0.840    -3.745               7.724          0601Qc0495
  6035.583      25.0     5.334     -1.69                                        
  6035.621      26.0     5.316     -3.39                                        
  6035.671      23.0     2.503     -6.61                                        
  6035.711 607.01214     0.840    -2.528               7.724          0601Pa0505
  6035.818 607.01314     0.684    -3.185               7.724          0702Qc0285
  6035.885      24.0     4.398     -2.77                                        
  6035.887   21.0045     3.605    -5.653                                 KURHFS 
  6035.888   21.0045     3.605    -5.368                                 KURHFS 
  6035.888   21.0045     3.605    -5.623                                 KURHFS 
  6035.891 607.01314     0.684    -2.420               7.724          0702Pa0295
  6035.892   21.0045     3.605    -5.180                                 KURHFS 
  6035.892   21.0045     3.605    -5.623                                 KURHFS 
  6035.892   21.0045     3.605    -5.674                                 KURHFS 
  6035.897   21.0045     3.605    -5.089                                 KURHFS 
  6035.897   21.0045     3.605    -5.235                                 KURHFS 
  6035.897   21.0045     3.605    -5.799                                 KURHFS 
  6035.899 106.00112     1.914    -7.884               3.464            AX03R245
  6035.905   21.0045     3.605    -4.980                                 KURHFS 
  6035.905   21.0045     3.605    -5.067                                 KURHFS 
  6035.905   21.0045     3.605    -6.021                                 KURHFS 
  6035.910      22.0     3.887     -3.09                                        
  6035.914   21.0045     3.605    -4.782                                 KURHFS 
  6035.914   21.0045     3.605    -5.121                                 KURHFS 
  6035.914   21.0045     3.605    -6.431                                 KURHFS 
  6035.924   21.0045     3.605    -4.618                                 KURHFS 
  6035.924   21.0045     3.605    -5.317                                 KURHFS 
  6035.937   21.0045     3.605    -4.477                                 KURHFS 
  6035.942 607.01214     1.707    -3.625               7.724          1307Pc0035
  6035.947 607.01314     0.741    -3.313               7.724          0803Rd0055
  6035.958 607.01214     1.712    -2.849               7.724          1307Qc0055
  6035.972 607.01214     1.712    -2.954               7.724          1307Pa0065
  6035.992 112.00124     0.592    -3.520               1.340           13P211b24
  6036.010      24.0     3.885     -3.62                                        
  6036.031 106.00112     1.914    -4.871               3.464            AX03Q255
  6036.066   21.0045     3.616    -3.670                                 KURHFS 
  6036.066   21.0045     3.616    -3.737                                 KURHFS 
  6036.066   21.0045     3.616    -4.369                                 KURHFS 
  6036.068   21.0045     3.616    -3.474                                 KURHFS 
  6036.068   21.0045     3.616    -3.474                                 KURHFS 
  6036.068   21.0045     3.616    -4.214                                 KURHFS 
  6036.071   21.0045     3.616    -3.270                                 KURHFS 
  6036.071   21.0045     3.616    -3.369                                 KURHFS 
  6036.071   21.0045     3.616    -4.214                                 KURHFS 
  6036.075 607.01214     1.795    -2.186               7.724          1307Rb0195
  6036.076   21.0045     3.616    -3.100                                 KURHFS 
  6036.076   21.0045     3.616    -3.322                                 KURHFS 
  6036.076   21.0045     3.616    -4.311                                 KURHFS 
  6036.079 106.00112     2.009    -6.827               3.464            AX25R175
  6036.081   21.0045     3.616    -2.954                                 KURHFS 
  6036.081   21.0045     3.616    -3.328                                 KURHFS 
  6036.081   21.0045     3.616    -4.515                                 KURHFS 
  6036.087   21.0045     3.616    -2.825                                 KURHFS 
  6036.087   21.0045     3.616    -3.401                                 KURHFS 
  6036.087   21.0045     3.616    -4.913                                 KURHFS 
  6036.094   21.0045     3.616    -2.709                                 KURHFS 
  6036.094   21.0045     3.616    -3.612                                 KURHFS 
  6036.100 607.01214     0.896    -3.618               7.724          0702Rc0405
  6036.103   21.0045     3.616    -2.604                                 KURHFS 
  6036.122 607.01214     1.795    -2.734               7.724          1307Qd0205
  6036.140 607.01214     3.090    -3.287               7.724          2113Pc0155
  6036.160 106.00113     1.420    -7.459               3.464            AX14R105
  6036.192 106.00112     1.914    -4.888               3.464            AX03Q245
  6036.207 607.01214     0.896    -1.929               7.724          0702Qa0415
  6036.217 607.01214     3.200    -2.275               7.724          2113Rb0275
  6036.218 106.00112     2.009    -4.233               3.464            AX25Q175
  6036.234 106.00112     2.009    -4.227               3.464            AX25Q185
  6036.254      23.0     3.543     -2.98                                        
  6036.324 106.00112     1.914    -7.246               3.464            AX03P255
  6036.348 607.01314     0.786    -3.212               7.724          0803Rd0155
  6036.373 106.00112     2.009    -6.400               3.464            AX25P185
  6036.375 607.01214     2.481    -2.802               7.724          1710Qc0205
  6036.402 607.01214     3.200    -2.979               7.724          2113Qd0285
  6036.416 607.01214     2.481    -2.288               7.724          1710Pa0215
  6036.417 106.00112     2.662    -7.299               3.464            AX25Q285
  6036.457      26.0     5.029     -2.59                                        
  6036.479 106.00112     2.662    -4.432               3.464            AX25P295
  6036.516 607.01214     3.189    -2.263               7.724          2113Ra0275
  6036.531      25.1     6.663     -4.43                                        
  6036.592      42.0     3.300     -2.21                                        
  6036.601 106.00112     2.662    -4.380               3.464            AX25P285
  6036.607      23.0     2.503     -8.55                                        
  6036.656      26.0     3.265     -4.08                                        
  6036.726 607.01314     0.697    -2.412               7.724          0702Pb0295
  6036.738      24.0     4.614     -3.47                                        
  6036.761      14.0     5.858     -4.49                                        
  6036.763 106.00113     2.004    -4.228               3.464            AX25Q185
  6036.797 106.00112     1.806    -3.351               3.464            BX14R185
  6036.798 106.00113     2.511    -9.627               3.464            AX04R305
  6036.807 106.00113     2.004    -6.850               3.464            AX25R175
  6036.833 607.01314     0.738    -3.356               7.724          0803Rd0045
  6036.835      42.0     3.396     -1.80                                        
  6036.889 607.01314     2.449    -2.170               7.724          1710Ra0235
  6036.944 106.00113     2.004    -6.380               3.464            AX25P185
  6036.961 106.00112     1.806    -7.308               3.464            BX14Q195
  6036.965      22.0     3.405     -3.46                                        
  6036.989 106.00113     2.004    -4.233               3.464            AX25Q175
  6037.006      24.0     4.096     -2.04                                        
  6037.050 607.01214     3.112    -2.936               7.724          2113Qc0185
  6037.079      14.0     5.959     -2.04                                        
  6037.110 112.00124     1.001    -4.221               1.340           02P232b24
  6037.122 106.00112     1.806    -3.283               3.464            BX14R195
  6037.141      22.0     4.031     -3.84                                        
  6037.176 607.01214     3.112    -2.496               7.724          2113Pa0195
  6037.186 607.01214     1.732    -2.937               7.724          1307Rc0105
  6037.213 607.01214     1.732    -2.188               7.724          1307Qa0115
  6037.219 607.01214     1.148    -2.364               7.724          0601Rb0615
  6037.259      26.0     3.015     -4.87                                        
  6037.303 106.00112     1.755    -3.154               3.464            BX14Q175
  6037.305 106.00112     1.755    -6.962               3.464            BX14P185
  6037.329      22.0     3.158     -3.96                                        
  6037.345      22.0     3.389     -3.76                                        
  6037.345 607.01314     0.793    -3.216               7.724          0803Rd0165
  6037.358      22.0     2.248     -3.32                                        
  6037.381 607.01214     1.148    -3.784               7.724          0601Qd0625
  6037.405 607.01214     0.836    -2.096               7.724          0803Qb0185
  6037.437 106.00112     1.724    -4.727               3.464            AX25R105
  6037.445 112.00124     0.700    -3.653               1.340           13P217b24
  6037.449 106.00112     1.755    -6.773               3.464            BX14R175
  6037.451 106.00112     1.755    -3.091               3.464            BX14Q185
  6037.456 607.01214     0.836    -3.188               7.724          0803Pd0195
  6037.476 607.01214     0.886    -2.218               7.724          0803Ra0245
  6037.485 112.00124     0.420    -2.073               1.340           02Q210b24
  6037.542 607.01214     2.456    -3.140               7.724          1710Pc0175
  6037.571 607.01214     1.777    -2.194               7.724          1307Ra0185
  6037.574 112.00124     0.420    -5.126               1.340           02P110b24
  6037.583      28.0     4.415     -3.00                                        
  6037.592      22.0     2.425     -2.96                                        
  6037.604 607.01214     2.071    -3.354               7.724          0600Pb0945
  6037.623 607.01214     0.819    -3.138               7.724          0803Rc0165
  6037.667 607.01214     0.819    -2.127               7.724          0803Qa0175
  6037.688 607.01314     0.635    -3.511               7.724          0702Pc0245
  6037.698      90.0     0.479     -2.19                                        
  6037.699 106.00112     1.724    -4.715               3.464            AX25R115
  6037.743 106.00112     1.724    -6.315               3.464            AX25Q115
  6037.744 607.01214     0.785    -2.914               7.724          0803Qc0115
  6037.766 112.00124     0.607    -3.549               1.340           13P212b24
  6037.775 607.01214     0.785    -2.683               7.724          0803Pa0125
  6037.796 607.01214     0.986    -2.147               7.724          0601Qb0555
  6037.870 607.01214     1.880    -3.156               7.724          1307Rd0285
  6037.881 607.01314     0.737    -3.415               7.724          0803Rd0035
  6037.896 607.01214     1.732    -2.584               7.724          1307Pb0105
  6037.919 607.01314     2.392    -2.450               7.724          1710Pb0155
  6037.943 607.01214     0.986    -4.048               7.724          0601Pd0565
  6037.944 607.01214     3.157    -2.060               7.724          2113Qb0235
  6038.023 106.00112     1.848    -6.740               3.464            BX03P235
  6038.031      26.0     4.635     -3.21                                        
  6038.037 112.00124     0.420    -5.123               1.340           02R210b24
  6038.066 607.01214     0.770    -3.370               7.724          0803Pc0085
  6038.102 607.01214     3.157    -3.222               7.724          2113Pd0245
  6038.127 112.00124     0.420    -2.030               1.340           02Q110b24
  6038.143      24.0     5.460     -3.19                                        
  6038.144      22.0     2.159     -2.34                                 LAWLER 
  6038.160      26.0     3.637     -4.89                                        
  6038.163 607.01214     1.715    -2.809               7.724          1307Qc0065
  6038.178 607.01214     1.715    -2.856               7.724          1307Pa0075
  6038.185 106.00112     1.828    -6.443               3.464            AX36R045
  6038.274      20.0     5.685     -6.22                                        
  6038.329 607.01214     0.808    -3.265               7.724          0702Qc0355
  6038.353      26.0     3.015     -7.27                                        
  6038.370 106.00112     1.828    -6.428               3.464            AX36R045
  6038.423 607.01214     0.808    -2.329               7.724          0702Pa0365
  6038.470 607.01214     1.485    -4.769               7.724          0500Rd0805
  6038.522 607.01314     0.801    -3.220               7.724          0803Rd0175
  6038.532 607.01314     2.407    -3.002               7.724          1710Rc0175
  6038.534 607.01314     2.364    -3.187               7.724          1710Pc0105
  6038.553      26.0     5.066     -3.16                                        
  6038.567 607.01314     2.407    -2.025               7.724          1710Qa0185
  6038.580      57.0     0.928     -0.97                                        
  6038.661      22.0     3.106     -3.72                                        
  6038.663 607.01314     2.469    -2.164               7.724          1710Rb0245
  6038.669 607.01214     1.755    -2.066               7.724          1307Qb0145
  6038.671 106.00112     2.119    -6.560               3.464            AX36R145
  6038.705 607.01214     1.755    -2.974               7.724          1307Pd0155
  6038.712 607.01314     2.469    -2.801               7.724          1710Qd0255
  6038.716 607.01214     1.709    -3.462               7.724          1307Pc0045
  6038.732 607.01214     3.147    -3.195               7.724          2113Rc0225
  6038.747 607.01314     1.578    -3.145               7.724          1206Pc0245
  6038.758 112.00124     0.679    -3.636               1.340           13P216b24
  6038.761 106.00113     2.331    -4.792               3.464            AX03P315
  6038.766 106.00112     2.119    -4.175               3.464            AX36Q145
  6038.860 106.00112     2.119    -4.172               3.464            AX36Q155
  6038.861 112.00124     0.360    -2.659               1.340           02R204b24
  6038.884 607.01214     3.147    -2.063               7.724          2113Qa0235
  6038.900 112.00124     0.360    -3.937               1.340           02Q104b24
  6038.904 607.01314     2.422    -1.996               7.724          1710Qb0195
  6038.907 607.01214     1.019    -3.406               7.724          0803Rd0345
  6038.922 106.00112     1.725    -4.727               3.464            AX25R105
  6038.936 112.00124     0.623    -3.574               1.340           13P213b24
  6038.943 607.01314     2.422    -3.035               7.724          1710Pd0205
  6038.954 106.00112     2.119    -6.200               3.464            AX36P155
  6038.974      67.0     1.448     -1.02                                        
  6039.042 607.01214     0.909    -2.211               7.724          0803Rb0255
  6039.047 106.00113     2.331    -7.660               3.464            AX03Q305
  6039.080 106.00112     1.725    -4.715               3.464            AX25R115
  6039.090 607.01314     2.380    -2.767               7.724          1710Qc0135
  6039.092 607.01314     0.735    -3.499               7.724          0803Rd0025
  6039.110 607.01214     0.909    -2.960               7.724          0803Qd0265
  6039.118 607.01314     2.380    -2.518               7.724          1710Pa0145
  6039.120      20.0     5.574     -3.50                                        
  6039.123 106.00112     1.725    -6.297               3.464            AX25Q115
  6039.134 106.00113     2.587    -4.468               3.464            AX14P315
  6039.146      22.0     3.137     -2.14                                        
  6039.157       6.0     8.996     -4.55                                        
  6039.296      28.0     4.232     -2.03                                        
  6039.306      25.1     6.640     -7.12                                        
  6039.320 106.00113     2.587    -7.361               3.464            AX14Q305
  6039.327      22.0     3.137     -2.11                                        
  6039.331      24.0     3.886     -3.63                                        
  6039.358 106.00113     2.331    -4.805               3.464            AX03P305
  6039.361      23.0     2.576     -4.80                                        
  6039.440 112.00124     0.659    -3.617               1.340           13P215b24
  6039.462 607.01214     0.804    -2.566               7.724          0803Pb0145
  6039.487 607.01214     1.737    -2.936               7.724          1307Rc0115
  6039.493 607.01214     1.893    -2.110               7.724          0903Pb0705
  6039.497 112.00124     0.641    -3.597               1.340           13P214b24
  6039.499 607.01214     2.055    -1.738               7.724          0903Qb0755
  6039.508 106.00112     2.521    -4.766               3.464            AX03P335
  6039.517 607.01214     1.737    -2.145               7.724          1307Qa0125
  6039.569 106.00112     2.010    -4.228               3.464            AX25Q185
  6039.575 106.00112     2.010    -6.849               3.464            AX25R175
  6039.576 607.01214     1.804    -2.162               7.724          1307Rb0205
  6039.592      24.0     5.712     -3.38                                        
  6039.594      26.0     3.265     -6.12                                        
  6039.602 106.00113     2.587    -4.448               3.464            AX14P305
  6039.618      92.0     1.006     -1.19                                        
  6039.626 607.01214     1.804    -2.741               7.724          1307Qd0215
  6039.667 106.00112     2.521    -7.700               3.464            AX03Q325
  6039.667 106.00113     1.870    -4.667               3.464            AX36R065
  6039.690 607.01214     2.055    -3.856               7.724          0903Pd0765
  6039.708 106.00112     2.010    -6.380               3.464            AX25P185
  6039.714 106.00112     2.010    -4.233               3.464            AX25Q175
  6039.726      23.0     1.063     -0.65                               LAWNOHFS 
  6039.761      42.0     3.245     -1.57                                        
  6039.765 607.01214     2.071    -5.036               7.724          0600Qc0945
  6039.778 607.01314     0.769    -3.468               7.724          0702Rc0345
  6039.801 106.00113     1.870    -5.923               3.464            AX36Q075
  6039.857      23.0     2.553     -4.42                                        
  6039.857      23.0     3.515     -2.92                                        
  6039.866 607.01314     0.769    -1.992               7.724          0702Qa0355
  6039.878 607.01314     0.809    -3.226               7.724          0803Rd0185
  6039.882 106.00113     2.732    -4.509               3.464            AX25P305
  6039.895 607.01214     0.903    -3.031               7.724          0500Pb0615
  6039.962 112.00124     0.360    -2.610               1.340           02R104b24
  6040.015 607.01214     2.071    -3.348               7.724          0600Pa0955
  6040.036      22.0     3.397     -3.49                                        
  6040.048 106.00112     2.521    -4.768               3.464            AX03P325
  6040.060 106.00112     1.424    -7.491               3.464            AX14R105
  6040.076 607.01214     0.916    -1.932               7.724          0702Qb0415
  6040.083       6.0     8.996     -4.32                                        
  6040.102 106.00113     2.732    -7.538               3.464            AX25Q295
  6040.142      28.0     5.610     -2.37                                        
  6040.186 607.01214     0.916    -3.576               7.724          0702Pd0425
  6040.276      26.0     4.987     -3.16                                        
  6040.285 607.01214     1.148    -2.353               7.724          0601Ra0625
  6040.287 106.00113     1.870    -4.666               3.464            AX36R065
  6040.321 106.00113     1.870    -4.633               3.464            AX36R075
  6040.351 112.00124     0.618    -1.988               1.340           02P220b24
  6040.357 106.00113     1.870    -5.910               3.464            AX36Q075
  6040.361      25.1     6.900     -2.19                                        
  6040.392 607.01214     1.786    -2.170               7.724          1307Ra0195
  6040.400      24.0     3.407     -3.13                                        
  6040.401 607.01214     2.543    -1.844               7.724          1710Qb0265
  6040.402 106.00113     2.732    -4.429               3.464            AX25P295
  6040.454 607.01214     2.543    -3.101               7.724          1710Pd0275
  6040.463      23.0     4.257     -2.49                                        
  6040.463 607.01314     0.734    -3.626               7.724          0803Rd0015
  6040.470      24.1     6.158     -2.44                                        
  6040.600 607.01214     1.718    -2.781               7.724          1307Qc0075
  6040.611      14.0     5.078     -3.44                                        
  6040.612 607.01214     1.718    -2.773               7.724          1307Pa0085
  6040.713 106.00112     2.594    -9.048               3.464            AX15R285
  6040.762      22.0     3.152     -2.38                                        
  6040.803 607.01214     1.356    -4.160               7.724          0601Rd0695
  6040.815 607.01214     2.532    -3.061               7.724          1710Rc0255
  6040.823 607.01214     0.986    -3.993               7.724          0601Rc0555
  6040.845 112.00124     0.618    -4.301               1.340           02Q220b24
  6040.866      20.0     5.667     -6.31                                        
  6040.866 607.01214     2.532    -1.847               7.724          1710Qa0265
  6040.878 106.00113     1.870    -4.633               3.464            AX36R075
  6040.893      24.0     4.613     -3.36                                        
  6040.966 607.01314     2.459    -2.152               7.724          1710Ra0245
  6040.970 607.01214     0.986    -2.138               7.724          0601Qa0565
