a line list in the range:    6489.00   6501.00
  6489.000 607.01214     0.578    -3.494               7.724          0501Pd0375
  6489.008      26.0     4.291     -4.17                                        
  6489.020 607.01214     1.468    -3.156               7.724          1005Pc0315
  6489.025 607.01314     2.334    -3.118               7.724          1509Rc0315
  6489.042      20.0     5.792     -4.70                                        
  6489.057 607.01214     1.862    -1.684               7.724          0904Rb0615
  6489.078      70.0     2.142     -0.60                                        
  6489.101 607.01314     2.334    -1.745               7.724          1509Qa0325
  6489.135 607.01214     3.129    -3.166               7.724          2013Qd0215
  6489.174 106.00113     2.333    -5.898               3.464            AX15R245
  6489.232 607.01314     1.484    -2.310               7.724          1106Rb0135
  6489.234 607.01214     1.862    -3.073               7.724          0904Qd0625
  6489.278 607.01314     1.484    -2.642               7.724          1106Qd0145
  6489.358      26.0     5.503     -4.16                                        
  6489.375 607.01214     2.416    -2.613               7.724          1610Rb0115
  6489.386 106.00113     2.333    -5.888               3.464            AX15R235
  6489.389 607.01214     2.387    -3.337               7.724          1610Pb0035
  6489.403 607.01214     2.416    -2.865               7.724          1610Qd0125
  6489.417 607.01214     0.416    -3.499               7.724          0501Pc0255
  6489.457 106.00113     2.333    -7.821               3.464            AX15Q245
  6489.526      22.0     3.572     -1.88                                        
  6489.548 607.01214     0.507    -3.231               7.724          0602Pb0035
  6489.580 607.01214     0.664    -3.228               7.724          0602Rd0265
  6489.600 607.01214     0.819    -2.453               7.724          0400Ra0595
  6489.606 106.00112     1.324    -7.241               3.464            BX04P055
  6489.668 607.01214     3.057    -3.155               7.724          2013Qc0095
  6489.673      40.0     1.549     -0.85                                        
  6489.673 106.00112     1.324   -10.812               3.464            BX04Q055
  6489.746 607.01214     3.057    -3.064               7.724          2013Pa0105
  6489.808 607.01314     1.567    -3.054               7.724          1106Rd0245
  6489.829 607.01214     3.071    -2.915               7.724          2013Pb0125
  6489.859      15.0     8.221     -2.69                                        
  6489.899 607.01214     1.545    -1.894               7.724          1005Pb0365
  6489.953 607.01214     0.516    -2.526               7.724          0602Qb0065
  6489.978 607.01214     0.516    -3.114               7.724          0602Pd0075
  6490.006      27.0     4.172     -3.15                                        
  6490.027      26.0     3.637     -4.50                                        
  6490.122 607.01214     0.710    -2.114               7.724          0501Rb0435
  6490.124 607.01214     3.077    -3.361               7.724          2013Rc0135
  6490.177   27.0059     2.040    -4.259                                 KURHFS 
  6490.177   27.0059     2.040    -4.326                                 KURHFS 
  6490.177   27.0059     2.040    -4.958                                 KURHFS 
  6490.182      20.0     5.828     -4.99                                        
  6490.183      24.0     1.003     -5.11                                        
  6490.194   27.0059     2.040    -4.063                                 KURHFS 
  6490.194   27.0059     2.040    -4.063                                 KURHFS 
  6490.194   27.0059     2.040    -4.803                                 KURHFS 
  6490.200 607.01214     1.477    -3.339               7.724          0904Pc0455
  6490.220   27.0059     2.040    -3.859                                 KURHFS 
  6490.220   27.0059     2.040    -3.958                                 KURHFS 
  6490.220   27.0059     2.040    -4.803                                 KURHFS 
  6490.233 607.01214     3.077    -2.503               7.724          2013Qa0145
  6490.240 106.00113     1.607    -7.505               3.464            AX14P145
  6490.241   27.0059     2.040    -4.813                                 LAWHFS 
  6490.242   27.0059     2.040    -4.813                                 LAWHFS 
  6490.243   27.0059     2.040    -4.968                                 LAWHFS 
  6490.245   27.0059     2.040    -4.910                                 LAWHFS 
  6490.250   27.0059     2.040    -5.115                                 LAWHFS 
  6490.255   27.0059     2.040    -3.689                                 KURHFS 
  6490.255   27.0059     2.040    -3.911                                 KURHFS 
  6490.255   27.0059     2.040    -4.269                                 LAWHFS 
  6490.255   27.0059     2.040    -4.900                                 KURHFS 
  6490.256 607.01214     1.705    -3.286               7.724          0904Rc0555
  6490.257   27.0059     2.040    -5.513                                 LAWHFS 
  6490.259 607.01214     0.710    -3.272               7.724          0501Qd0445
  6490.260   27.0059     2.040    -4.073                                 LAWHFS 
  6490.261   27.0059     2.040    -4.336                                 LAWHFS 
  6490.267   27.0059     2.040    -3.968                                 LAWHFS 
  6490.272   27.0059     2.040    -4.073                                 LAWHFS 
  6490.277   27.0059     2.040    -3.921                                 LAWHFS 
  6490.285   27.0059     2.040    -3.869                                 LAWHFS 
  6490.288   27.0059     2.040    -3.927                                 LAWHFS 
  6490.298   27.0059     2.040    -3.543                                 KURHFS 
  6490.298   27.0059     2.040    -3.917                                 KURHFS 
  6490.298   27.0059     2.040    -5.104                                 KURHFS 
  6490.301   27.0059     2.040    -3.699                                 LAWHFS 
  6490.302   27.0059     2.040    -4.000                                 LAWHFS 
  6490.317   27.0059     2.040    -4.211                                 LAWHFS 
  6490.320   27.0059     2.040    -3.553                                 LAWHFS 
  6490.340   27.0059     2.040    -3.424                                 LAWHFS 
  6490.350   27.0059     2.040    -3.414                                 KURHFS 
  6490.350   27.0059     2.040    -3.990                                 KURHFS 
  6490.350   27.0059     2.040    -5.502                                 KURHFS 
  6490.362   27.0059     2.040    -3.308                                 LAWHFS 
  6490.378      26.0     5.472     -2.87                                        
  6490.386   27.0059     2.040    -3.203                                 LAWHFS 
  6490.410   27.0059     2.040    -3.298                                 KURHFS 
  6490.410   27.0059     2.040    -4.201                                 KURHFS 
  6490.410 106.00112     1.324    -7.144               3.464            BX04P065
  6490.413 607.01314     1.446    -2.987               7.724          1106Pb0045
  6490.415 607.01214     1.705    -1.443               7.724          0904Qa0565
  6490.437 607.01214     0.887    -3.675               7.724          0501Rd0525
  6490.459      24.0     5.276     -4.23                                        
  6490.469      20.0     5.817     -4.62                                        
  6490.477 607.01314     0.524    -3.992               7.724          0400Rc0475
  6490.478   27.0059     2.040    -3.193                                 KURHFS 
  6490.504 607.01214     1.585    -1.818               7.724          0904Pb0505
  6490.567 106.00113     1.524    -7.478               3.464            AX14P125
  6490.587 607.01314     1.455    -2.348               7.724          1106Qb0075
  6490.611 607.01314     1.455    -2.959               7.724          1106Pd0085
  6490.617      25.0     4.329     -1.44                                        
  6490.619 607.01314     0.524    -2.266               7.724          0400Qa0485
  6490.633 607.01314     2.348    -1.744               7.724          1509Qb0325
  6490.668 607.01214     2.481    -3.261               7.724          1610Rd0215
  6490.673 607.01214     1.529    -2.311               7.724          1106Pb0155
  6490.677 607.01314     0.403    -3.726               7.724          0400Qc0415
  6490.681      23.0     2.357     -1.56                               LAWNOHFS 
  6490.682 106.00113     2.834     0.497               3.464            AX53Q375
  6490.711 607.01314     2.348    -3.134               7.724          1509Pd0335
  6490.715      69.0     2.101     -1.04                                        
  6490.737      90.0     1.090     -1.72                                        
  6490.756      23.0     4.278     -3.38                                        
  6490.756 607.01214     0.558    -2.377               7.724          0602Rb0145
  6490.802 607.01314     0.403    -2.663               7.724          0400Pa0425
  6490.803 607.01214     0.558    -2.793               7.724          0602Qd0155
  6490.804 607.01214     2.333    -3.196               7.724          1509Pc0275
  6490.805 607.01214     2.395    -2.640               7.724          1610Qb0065
  6490.810      26.0     5.498     -3.60                                        
  6490.810      62.1     1.585     -0.84                              Lawler06  
  6490.821 607.01214     2.395    -3.202               7.724          1610Pd0075
  6490.842      20.0     5.802     -4.75                                        
  6490.928      22.0     3.578     -2.02                                        
  6490.948 106.00112     1.456    -7.412               3.464            AX14P105
  6490.979      25.1     6.828     -5.13                                        
  6490.979      58.0     0.826     -0.70                                        
  6491.004 106.00112     1.705    -7.527               3.464            AX14P165
  6491.004 106.00112     2.806    -7.946               3.464            AX26R275
  6491.024 607.01314     0.314    -4.043               7.724          0400Pc0365
  6491.030   23.0051     2.113    -5.134                                 KURHFS 
  6491.030   23.0051     2.113    -5.350                                 KURHFS 
  6491.030   23.0051     2.113    -5.599                                 KURHFS 
  6491.030   23.0051     2.113    -5.607                                 KURHFS 
  6491.030   23.0051     2.113    -5.633                                 KURHFS 
  6491.030   23.0051     2.113    -5.760                                 KURHFS 
  6491.030   23.0051     2.113    -5.771                                 KURHFS 
  6491.030   23.0051     2.113    -5.771                                 KURHFS 
  6491.030   23.0051     2.113    -5.947                                 KURHFS 
  6491.030   23.0051     2.113    -6.072                                 KURHFS 
  6491.030   23.0051     2.113    -6.197                                 KURHFS 
  6491.030   23.0051     2.113    -6.625                                 KURHFS 
  6491.049 106.00112     2.806    -4.940               3.464            AX26Q285
  6491.069 607.01314     0.392    -2.433               7.724          0501Pb0245
  6491.119 607.01214     1.946    -1.942               7.724          0601Qb0855
  6491.129 106.00112     2.058    -8.102               3.464            AX03P265
  6491.203      23.0     1.710     -6.48                                        
  6491.217 106.00112     2.806    -4.925               3.464            AX26Q275
  6491.227 607.01314     0.726    -3.597               7.724          0501Rd0465
  6491.234 106.00113     1.564    -7.492               3.464            AX14P135
  6491.246      26.1     5.581     -2.79                                        
  6491.257 106.00113     2.795    -4.926               3.464            AX26Q275
  6491.262 106.00112     2.806    -7.280               3.464            AX26P285
  6491.274      62.0     0.185     -2.37                                        
  6491.275 607.01314     0.894    -4.180               7.724          0400Rd0635
  6491.286 106.00113     2.794    -4.941               3.464            AX26Q285
  6491.377 607.01214     1.946    -4.185               7.724          0601Pd0865
  6491.377 607.01214     3.049    -3.640               7.724          2013Pc0075
  6491.410 106.00112     1.334    -7.409               3.464            AX03Q145
  6491.494      28.1     7.247     -3.53                                        
  6491.499 607.01314     1.491    -2.275               7.724          1106Rb0145
  6491.515 106.00112     2.340    -5.899               3.464            AX15R245
  6491.523      25.1     6.568     -3.86                                        
  6491.527 106.00112     1.334    -5.337               3.464            AX03P145
  6491.540 607.01314     1.491    -2.644               7.724          1106Qd0155
  6491.561      22.1     2.060     -1.79                                        
  6491.618 607.01214     2.422    -2.573               7.724          1610Rb0125
  6491.638 106.00113     1.972    -6.375               3.464            BX14P215
  6491.648 607.01214     2.422    -2.862               7.724          1610Qd0135
  6491.669   25.0055     3.761    -1.479                                 BLKKUR 
  6491.669   25.0055     3.761    -2.471                                 BLKKUR 
  6491.682   25.0055     3.761    -1.650                                 BLKKUR 
  6491.682   25.0055     3.761    -2.289                                 BLKKUR 
  6491.682   25.0055     3.761    -2.471                                 BLKKUR 
  6491.692   25.0055     3.761    -1.835                                 BLKKUR 
  6491.692   25.0055     3.761    -2.258                                 BLKKUR 
  6491.692   25.0055     3.761    -2.289                                 BLKKUR 
  6491.693 106.00112     1.334    -5.297               3.464            AX03P155
  6491.701   25.0055     3.761    -2.027                                 BLKKUR 
  6491.701   25.0055     3.761    -2.258                                 BLKKUR 
  6491.701   25.0055     3.761    -2.323                                 BLKKUR 
  6491.707   25.0055     3.761    -2.202                                 BLKKUR 
  6491.707   25.0055     3.761    -2.323                                 BLKKUR 
  6491.707   25.0055     3.761    -2.521                                 BLKKUR 
  6491.711   25.0055     3.761    -2.266                                 BLKKUR 
  6491.711   25.0055     3.761    -2.521                                 BLKKUR 
  6491.730 607.01314     2.241    -3.151               7.724          1509Pc0235
  6491.805      21.0     4.988     -2.50                                        
  6491.810 106.00112     2.340    -7.783               3.464            AX15Q245
  6491.813 607.01214     1.051    -4.242               7.724          0400Rd0675
  6491.934 106.00112     2.340    -5.889               3.464            AX15R235
  6492.021 106.00113     2.092    -8.084               3.464            BX04P245
  6492.030 106.00112     1.656    -7.469               3.464            AX14P155
  6492.030 607.01214     1.516    -2.670               7.724          1106Qc0135
  6492.066 607.01214     0.519    -2.455               7.724          0602Qb0075
  6492.070 607.01214     1.516    -2.377               7.724          1106Pa0145
  6492.075 106.00113     0.985    -5.983               3.464            AX03Q025
  6492.085 607.01314     0.685    -2.471               7.724          0400Ra0555
  6492.093 607.01214     0.519    -3.091               7.724          0602Pd0085
  6492.096      23.1     6.876     -2.93                                        
  6492.197 106.00113     1.364    -7.049               3.464            BX04P075
  6492.210      23.1     6.096     -1.78                                        
  6492.214 112.00124     0.659    -2.925               1.340           03Q215b24
  6492.250 106.00113     0.985    -5.982               3.464            AX03Q025
  6492.281 106.00113     1.364   -10.611               3.464            BX04Q075
  6492.300 607.01214     2.390    -3.205               7.724          1610Pb0045
  6492.322      68.0     2.022      0.18                                        
  6492.330      60.1     1.597     -0.88                              DenHarto03
  6492.353 112.00124     0.659    -6.318               1.340           03P115b24
  6492.386      15.0     8.280     -3.01                                        
  6492.391 607.01214     1.553    -2.918               7.724          1106Rc0185
  6492.445 607.01214     1.553    -1.858               7.724          1106Qa0195
  6492.471 607.01314     0.381    -3.084               7.724          0501Qc0235
  6492.478      42.0     3.221     -1.71                                        
  6492.505 607.01214     0.510    -3.098               7.724          0602Pb0045
  6492.519 607.01214     3.097    -2.437               7.724          2013Qb0165
  6492.542 607.01314     0.381    -2.444               7.724          0501Pa0245
  6492.561 106.00113     0.985    -6.733               3.464            AX03R025
  6492.583 607.01214     1.862    -1.674               7.724          0904Ra0625
  6492.586      24.0     4.096     -2.57                                        
  6492.603 607.01214     0.483    -3.183               7.724          0501Qc0305
  6492.632 607.01314     0.559    -2.165               7.724          0501Ra0375
  6492.650 607.01214     3.097    -3.379               7.724          2013Pd0175
  6492.661 607.01214     3.120    -2.601               7.724          2013Ra0205
  6492.673 112.00124     0.659    -6.317               1.340           03R215b24
  6492.693 607.01214     0.483    -2.328               7.724          0501Pa0315
  6492.736 106.00113     0.985    -6.738               3.464            AX03R025
  6492.746 106.00112     1.456    -7.445               3.464            AX14P105
  6492.759 112.00124     0.535    -5.108               1.340           03R106b24
  6492.783 607.01214     0.676    -3.237               7.724          0602Rd0275
  6492.812 112.00124     0.659    -2.897               1.340           03Q115b24
  6492.817 106.00113     1.364    -6.939               3.464            BX04P085
  6492.897 607.01214     2.029    -2.481               7.724          0500Qb0935
  6492.905 607.01314     1.459    -2.285               7.724          1106Qb0085
  6492.932 607.01314     1.459    -2.941               7.724          1106Pd0095
  6492.986 607.01314     1.578    -3.061               7.724          1106Rd0255
  6493.016 106.00113     2.730    -8.372               3.464            AX15R295
  6493.039 607.01214     0.565    -2.345               7.724          0602Rb0155
  6493.041      26.1     5.585     -2.70                                 NIST/D 
  6493.056 106.00113     2.730    -5.201               3.464            AX15Q305
  6493.070      22.0     3.196     -3.33                                        
  6493.075 106.00113     2.700    -0.870               3.464            AX52Q385
  6493.079      40.0     1.581     -1.52                                        
  6493.088 607.01214     0.565    -2.797               7.724          0602Qd0165
  6493.121      42.0     3.739     -1.00                              NIST/B    
  6493.140 607.01314     2.951    -3.401               7.724          1912Pc0295
  6493.144 607.01214     2.398    -2.568               7.724          1610Qb0075
  6493.145 607.01214     1.633    -3.123               7.724          1005Rc0415
  6493.146 607.01214     1.498    -3.086               7.724          1106Pc0105
  6493.163      20.0     5.724     -4.18                                        
  6493.163 607.01214     2.398    -3.176               7.724          1610Pd0085
  6493.175 607.01214     1.571    -1.832               7.724          1106Qb0205
  6493.182 607.01214     2.029    -4.781               7.724          0500Pd0945
  6493.235 607.01214     1.571    -2.954               7.724          1106Pd0215
  6493.263 607.01214     1.633    -1.503               7.724          1005Qa0425
  6493.315 607.01214     0.524    -2.634               7.724          0400Pb0465
  6493.318 112.00124     1.065    -5.109               1.340           03P230b24
  6493.342 106.00113     2.730    -5.205               3.464            AX15Q295
  6493.382 106.00113     2.730    -7.583               3.464            AX15P305
  6493.391 607.01214     3.061    -3.143               7.724          2013Qc0105
  6493.408 607.01314     1.449    -2.880               7.724          1106Pb0055
  6493.453 607.01214     1.946    -4.104               7.724          0601Rc0855
  6493.477 607.01214     3.061    -3.007               7.724          2013Pa0115
  6493.492      59.0     0.818     -0.68                                        
  6493.597 106.00113     2.795    -7.981               3.464            AX26R275
  6493.607 106.00113     0.985    -6.793               3.464            AX03P035
  6493.678 106.00113     2.031    -4.661               3.464            BX04P225
  6493.695 106.00113     1.288    -9.176               3.464            BX04P035
  6493.697 607.01314     1.452    -2.533               7.724          1106Ra0075
  6493.711 607.01214     1.946    -1.936               7.724          0601Qa0865
  6493.738      26.0     3.045     -8.22                                        
  6493.745 106.00113     0.985    -6.789               3.464            AX03P035
  6493.754 607.01314     1.449    -2.588               7.724          1106Ra0065
  6493.772 607.01214     3.138    -2.594               7.724          2013Rb0215
  6493.772 607.01314     0.576    -2.170               7.724          0501Rb0375
  6493.780      20.0     2.521      0.14                              NIST/D    
  6493.787 607.01314     2.284    -2.838               7.724          1509Qc0275
  6493.823 607.01314     0.454    -3.367               7.724          0501Rc0295
  6493.828 607.01214     2.490    -3.269               7.724          1610Rd0225
  6493.840 607.01214     3.083    -3.366               7.724          2013Rc0145
  6493.853 607.01314     2.284    -2.133               7.724          1509Pa0285
  6493.884 607.01314     0.576    -3.188               7.724          0501Qd0385
  6493.889 106.00113     2.031    -8.246               3.464            BX04Q225
  6493.889 607.01314     0.468    -1.994               7.724          0501Qb0305
  6493.889 607.01314     1.455    -2.482               7.724          1106Ra0085
  6493.900      22.0     3.421     -1.99                                        
  6493.912 607.01314     0.454    -1.995               7.724          0501Qa0305
  6493.917 607.01214     0.664    -2.245               7.724          0400Qb0525
  6493.930 106.00112     2.947   -10.669               3.464            AX05R335
  6493.941 607.01214     3.138    -3.177               7.724          2013Qd0225
  6493.956 607.01214     3.083    -2.469               7.724          2013Qa0155
  6493.976 106.00113     2.092    -3.837               3.464            BX04Q235
  6493.980 607.01314     1.498    -2.242               7.724          1106Rb0155
  6493.981 607.01314     0.468    -3.403               7.724          0501Pd0315
  6493.992 607.01214     0.578    -3.463               7.724          0501Rc0365
  6494.013 106.00113     2.031    -4.433               3.464            BX04P235
  6494.014 607.01314     1.498    -2.646               7.724          1106Qd0165
  6494.052 607.01314     1.446    -2.649               7.724          1106Ra0055
  6494.080 607.01214     0.664    -4.112               7.724          0400Pd0535
  6494.089 607.01214     0.578    -1.909               7.724          0501Qa0375
  6494.092 607.01214     2.428    -2.536               7.724          1610Rb0135
  6494.093 106.00113     0.985    -5.807               3.464            AX03Q035
  6494.108 607.01214     0.516    -2.638               7.724          0602Ra0075
  6494.121 607.01214     0.519    -2.587               7.724          0602Ra0085
  6494.124 607.01214     2.428    -2.862               7.724          1610Qd0145
  6494.205      23.0     3.630     -3.61                                        
  6494.231 106.00113     0.985    -5.807               3.464            AX03Q035
  6494.245      22.0     3.572     -1.92                                        
  6494.324 607.01314     1.459    -2.435               7.724          1106Ra0095
  6494.338 607.01214     0.512    -2.694               7.724          0602Ra0065
  6494.364 607.01214     0.523    -2.391               7.724          0602Qb0085
  6494.365      24.1     7.375     -4.00                                        
  6494.373 607.01214     0.524    -2.540               7.724          0602Ra0095
  6494.382      23.0     4.253     -2.84                                        
  6494.397 607.01214     0.524    -3.074               7.724          0602Pd0095
  6494.404 607.01314     1.381    -3.096               7.724          1005Pc0275
  6494.420      25.1     6.489     -2.93                                        
  6494.441      25.0     5.811     -2.08                                        
  6494.498      26.0     4.730     -1.78                                        
  6494.502 112.00124     0.821    -2.910               1.340           03P222b24
  6494.505 607.01314     0.341    -3.421               7.724          0501Pc0195
  6494.575 607.01314     2.296    -2.124               7.724          1509Pb0285
  6494.595 106.00112     1.491    -7.426               3.464            AX14P115
  6494.596 607.01314     1.444    -2.717               7.724          1106Ra0045
  6494.636 607.01214     0.497    -2.321               7.724          0501Pb0315
  6494.639 607.01214     0.710    -2.099               7.724          0501Ra0445
  6494.657 106.00112     1.335    -7.435               3.464            AX03Q145
  6494.658 607.01214     1.585    -3.030               7.724          0904Qc0505
  6494.688 106.00113     2.092    -3.635               3.464            BX04Q245
  6494.694      27.0     5.441     -4.22                                        
  6494.748 106.00112     1.000    -5.781               3.464            AX03Q035
  6494.756 106.00112     1.335    -5.297               3.464            AX03P155
  6494.775 106.00112     1.335    -5.337               3.464            AX03P145
  6494.794      22.0     2.266     -3.73                                        
  6494.805 607.01214     1.585    -1.811               7.724          0904Pa0515
  6494.808 607.01214     0.510    -2.756               7.724          0602Ra0055
  6494.862 106.00113     2.835    -2.199               3.464            AX53R365
  6494.867 607.01214     0.528    -2.497               7.724          0602Ra0105
  6494.888      59.0     1.082     -0.34                                        
  6494.898 607.01214     3.077    -2.872               7.724          2013Pb0135
  6494.941      58.0     0.910     -1.07                                        
  6494.981      26.0     2.404     -1.27                              NIST/B    
  6494.991 607.01314     1.463    -2.392               7.724          1106Ra0105
  6495.005      42.0     3.273     -2.29                                        
  6495.051 106.00112     1.000    -5.780               3.464            AX03Q035
  6495.058 112.00124     0.821    -5.310               1.340           03Q222b24
  6495.093 106.00112     1.000    -6.859               3.464            AX03R035
  6495.114 106.00112     1.598    -7.789               3.464            BX15R065
  6495.167      23.0     1.711     -6.85                                        
  6495.220 106.00113     2.335    -5.898               3.464            AX15R245
  6495.228      92.1     0.568     -3.18                                        
  6495.231 106.00112     1.611    -7.460               3.464            AX14P145
  6495.246 112.00124     0.821    -2.887               1.340           03P122b24
  6495.250 607.01214     2.029    -4.692               7.724          0500Rc0935
  6495.298 106.00113     2.053    -8.758               3.464            AX15R195
  6495.349      22.0     3.567     -2.16                                        
  6495.387 607.01314     1.442    -2.793               7.724          1106Ra0035
  6495.397 106.00112     1.000    -6.865               3.464            AX03R035
  6495.400 607.01214     1.545    -2.853               7.724          1005Qc0365
  6495.420 607.01314     1.463    -2.228               7.724          1106Qb0095
  6495.429 607.01214     2.392    -3.098               7.724          1610Pb0055
  6495.449 607.01314     1.463    -2.927               7.724          1106Pd0105
  6495.503 106.00113     2.335    -7.782               3.464            AX15Q245
  6495.505 607.01214     1.545    -1.886               7.724          1005Pa0375
  6495.511 106.00112     1.657    -7.516               3.464            AX14P155
  6495.523 607.01214     0.573    -2.314               7.724          0602Rb0165
  6495.525 607.01214     0.507    -2.825               7.724          0602Ra0045
  6495.536 607.01214     2.029    -2.475               7.724          0500Qa0945
  6495.576      60.1     1.348     -1.56                                        
  6495.576 607.01214     0.573    -2.802               7.724          0602Qd0175
  6495.594 607.01214     0.533    -2.457               7.724          0602Ra0115
  6495.642 607.01214     0.512    -2.991               7.724          0602Pb0055
  6495.650 607.01214     3.052    -3.598               7.724          2013Pc0085
  6495.681 106.00113     2.335    -5.889               3.464            AX15R235
  6495.705 607.01214     2.402    -2.505               7.724          1610Qb0085
  6495.726 106.00113     1.285    -7.387               3.464            AX03Q135
  6495.726 607.01214     2.402    -3.157               7.724          1610Pd0095
  6495.742      26.0     4.835     -0.92                              NIST/E    
  6495.814 106.00113     1.285    -5.386               3.464            AX03P135
  6495.820 607.01314     0.422    -2.659               7.724          0400Pb0425
  6495.863 607.01214     2.392    -2.810               7.724          1610Ra0065
  6495.899 607.01314     1.468    -2.353               7.724          1106Ra0115
  6495.921 106.00112     1.000    -6.851               3.464            AX03P045
  6495.959      24.0     4.774     -3.09                                        
  6495.962 607.01214     2.390    -2.871               7.724          1610Ra0055
  6496.018 106.00113     1.285    -5.344               3.464            AX03P145
  6496.036 607.01214     2.395    -2.755               7.724          1610Ra0075
  6496.052      26.0     5.367     -3.63                                        
  6496.054 607.01214     1.537    -2.277               7.724          1106Pb0165
  6496.143      28.0     5.016     -3.74                                        
  6496.167 106.00112     1.000    -6.847               3.464            AX03P045
  6496.200 607.01214     0.689    -3.245               7.724          0602Rd0285
  6496.201      27.0     4.568     -2.02                                        
  6496.266 106.00112     1.000    -5.663               3.464            AX03Q045
  6496.297 607.01314     0.546    -2.266               7.724          0400Qb0485
  6496.333 607.01214     2.387    -2.938               7.724          1610Ra0045
  6496.384 106.00113     0.975    -6.424               3.464            AX03Q015
  6496.392 607.01314     1.589    -3.069               7.724          1106Rd0265
  6496.402      24.0     4.398     -4.07                                        
  6496.402 106.00113     2.834    -3.046               3.464            AX53P375
  6496.432 607.01314     1.441    -2.878               7.724          1106Ra0025
  6496.437      44.0     3.408     -0.94                                        
  6496.443 607.01314     0.546    -4.040               7.724          0400Pd0495
  6496.467      26.0     4.796     -0.61                              NIST/E    
  6496.468 106.00113     0.975    -6.421               3.464            AX03Q015
  6496.479 607.01214     2.398    -2.705               7.724          1610Ra0085
  6496.480      22.1     3.121     -3.21                                        
  6496.491 607.01214     0.506    -2.902               7.724          0602Ra0035
  6496.505 607.01214     1.522    -2.671               7.724          1106Qc0145
  6496.511      20.0     5.802     -5.35                                        
  6496.513 106.00112     1.000    -5.663               3.464            AX03Q045
  6496.515 607.01214     2.181    -2.165               7.724          0601Rb0915
  6496.524 106.00112     1.528    -7.438               3.464            AX14P125
  6496.530      21.1     7.434      0.02                                        
  6496.548 607.01214     1.522    -2.338               7.724          1106Pa0155
  6496.559 607.01214     0.539    -2.420               7.724          0602Ra0125
  6496.598 607.01314     1.452    -2.790               7.724          1106Pb0065
  6496.628 607.01314     2.348    -3.127               7.724          1509Rc0325
  6496.631      26.0     5.554     -4.11                                        
  6496.644 106.00113     2.092    -7.589               3.464            BX04R235
  6496.656 607.01314     1.505    -2.212               7.724          1106Rb0165
  6496.700 106.00112     1.491    -7.461               3.464            AX14P115
  6496.702 607.01314     1.505    -2.650               7.724          1106Qd0175
  6496.707 607.01314     2.348    -1.732               7.724          1509Qa0335
  6496.733 106.00112     1.568    -7.450               3.464            AX14P135
  6496.792 607.01214     2.181    -3.881               7.724          0601Qd0925
  6496.800 607.01214     2.434    -2.502               7.724          1610Rb0145
  6496.803 607.01214     2.064    -3.460               7.724          0904Rd0695
  6496.812 607.01214     1.562    -2.926               7.724          1106Rc0195
  6496.834 607.01214     2.434    -2.864               7.724          1610Qd0155
  6496.851 607.01214     0.528    -2.334               7.724          0602Qb0095
  6496.868 607.01214     1.562    -1.833               7.724          1106Qa0205
  6496.880 607.01214     3.129    -2.581               7.724          2013Ra0215
  6496.886   56.1137     0.604    -1.913                              ???hfsNI/B
  6496.887   56.1135     0.604    -1.913                              ???hfsNI/B
  6496.889   56.1137     0.604    -1.213                              ???hfsNI/B
  6496.889 607.01214     0.528    -3.063               7.724          0602Pd0105
  6496.890   56.1135     0.604    -1.213                              ???hfsNI/B
  6496.894   56.1135     0.604    -0.766                              ???hfsNI/B
  6496.894   56.1137     0.604    -0.766                              ???hfsNI/B
  6496.898   56.1134     0.604    -0.407                              ???hfsNI/B
  6496.898   56.1136     0.604    -0.407                              ???hfsNI/B
  6496.898   56.1138     0.604    -0.407                              ???hfsNI/B
  6496.904   56.1135     0.604    -1.610                              ???hfsNI/B
  6496.904   56.1137     0.604    -1.610                              ???hfsNI/B
  6496.905   56.1135     0.604    -1.213                              ???hfsNI/B
  6496.906   56.1137     0.604    -1.213                              ???hfsNI/B
  6496.908   56.1135     0.604    -1.213                              ???hfsNI/B
  6496.910   56.1137     0.604    -1.213                              ???hfsNI/B
  6496.979 607.01214     2.386    -3.014               7.724          1610Ra0035
  6496.989 106.00112     1.344    -7.142               3.464            BX04P065
  6497.020      22.0     3.184     -3.24                                        
  6497.037      25.1     6.489     -2.20                                        
  6497.044 607.01214     0.595    -1.909               7.724          0501Qb0375
  6497.046 607.01314     1.473    -2.316               7.724          1106Ra0125
  6497.067 106.00112     1.344   -10.712               3.464            BX04Q065
  6497.074 106.00112     2.059    -8.758               3.464            AX15R195
  6497.117 106.00113     0.975    -6.563               3.464            AX03R015
  6497.159 607.01214     0.595    -3.502               7.724          0501Pd0385
  6497.191 607.01214     2.402    -2.659               7.724          1610Ra0095
  6497.201 106.00113     0.975    -6.567               3.464            AX03R015
  6497.233 607.01214     2.500    -3.277               7.724          1610Rd0235
  6497.341 106.00113     2.701    -5.377               3.464            AX52R375
  6497.398 607.01214     3.066    -3.135               7.724          2013Qc0115
  6497.407      56.1     5.693     -4.74                                        
  6497.438 607.01214     3.104    -2.408               7.724          2013Qb0175
  6497.479 607.01214     0.847    -2.456               7.724          0400Rb0595
  6497.492 607.01214     3.066    -2.955               7.724          2013Pa0125
  6497.577 607.01214     3.104    -3.384               7.724          2013Pd0185
  6497.586 607.01214     0.664    -4.065               7.724          0400Rc0525
  6497.603      23.0     2.706     -5.78                                        
  6497.640 607.01214     0.524    -3.809               7.724          0400Qc0465
  6497.663 607.01214     0.847    -3.862               7.724          0400Qd0605
  6497.684      22.0     1.442     -2.02                                 LAWLER 
  6497.699 106.00112     1.345    -7.048               3.464            BX04P075
  6497.705 607.01214     0.504    -2.988               7.724          0602Ra0025
  6497.717 607.01314     1.440    -2.973               7.724          1106Ra0015
  6497.727      26.0     5.474     -3.13                                        
  6497.750 607.01214     0.664    -2.237               7.724          0400Qa0535
  6497.752 607.01214     0.428    -3.507               7.724          0501Pc0265
  6497.756 607.01214     0.545    -2.386               7.724          0602Ra0135
  6497.779 607.01314     0.404    -2.413               7.724          0501Pb0255
  6497.785 607.01214     0.525    -2.627               7.724          0400Pa0475
  6497.803 106.00112     2.666    -5.684               3.464            AX04Q325
  6497.833 607.01214     3.090    -3.372               7.724          2013Rc0155
  6497.852      41.0     0.619     -2.05                                        
  6497.901 607.01214     2.384    -3.098               7.724          1610Ra0025
  6497.957 607.01214     3.090    -2.438               7.724          2013Qa0165
  6497.986 106.00112     2.666    -9.033               3.464            AX04R315
  6498.076      23.0     3.526     -4.63                                        
  6498.080 106.00112     2.808    -4.940               3.464            AX26Q285
  6498.124 607.01214     1.504    -3.070               7.724          1106Pc0115
  6498.131 607.01314     1.468    -2.176               7.724          1106Qb0105
  6498.161      28.0     5.408     -2.90                                        
  6498.162 607.01314     1.468    -2.917               7.724          1106Pd0115
  6498.165      23.0     2.372     -3.48                                        
  6498.165      57.1     2.528     -0.77                                        
  6498.171 607.01214     2.406    -2.617               7.724          1610Ra0105
  6498.208      14.0     5.959     -3.47                                        
  6498.213 607.01214     0.581    -2.286               7.724          0602Rb0175
  6498.242 106.00112     2.666    -8.068               3.464            AX04P325
  6498.245      24.0     5.278     -3.44                                        
  6498.268 607.01214     0.581    -2.808               7.724          0602Qd0185
  6498.294 106.00112     2.808    -7.248               3.464            AX26P285
  6498.296 106.00112     2.808    -7.981               3.464            AX26R275
  6498.314 607.01314     0.709    -2.474               7.724          0400Rb0555
  6498.315 607.01314     0.746    -3.604               7.724          0501Rd0475
  6498.349 106.00112     1.612    -7.504               3.464            AX14P145
  6498.357 607.01214     1.581    -1.808               7.724          1106Qb0215
  6498.407 607.01214     1.652    -1.502               7.724          1005Qb0425
  6498.419 607.01214     1.581    -2.962               7.724          1106Pd0225
  6498.424 106.00112     2.666    -5.708               3.464            AX04Q315
  6498.432 607.01314     1.478    -2.282               7.724          1106Ra0135
  6498.435 106.00113     2.096    -5.797               3.464            BX14R245
  6498.463 607.01214     0.730    -2.103               7.724          0501Rb0445
  6498.481 607.01314     0.709    -3.798               7.724          0400Qd0565
  6498.490 607.01214     2.406    -2.449               7.724          1610Qb0095
  6498.510 106.00112     2.808    -4.926               3.464            AX26Q275
  6498.513 607.01214     2.406    -3.143               7.724          1610Pd0105
  6498.529 607.01214     1.652    -3.159               7.724          1005Pd0435
  6498.600 607.01214     0.730    -3.279               7.724          0501Qd0455
  6498.630 607.01314     2.362    -1.731               7.724          1509Qb0335
  6498.640 106.00113     1.577    -7.819               3.464            BX15R055
  6498.650      62.1     1.063     -1.15                              Lawler06  
  6498.652 106.00113     0.976    -6.761               3.464            AX03P025
  6498.710 106.00113     0.976    -6.759               3.464            AX03P025
  6498.711 607.01314     2.362    -3.143               7.724          1509Pd0345
  6498.735 607.01314     0.392    -3.092               7.724          0501Qc0245
  6498.748 106.00113     1.286    -7.411               3.464            AX03Q135
  6498.753      26.0     5.341     -4.05                                        
  6498.757      56.0     1.189      0.58                                        
  6498.778 607.01214     2.395    -3.008               7.724          1610Pb0065
  6498.810 607.01314     0.392    -2.423               7.724          0501Pa0255
  6498.831 106.00113     1.391    -6.938               3.464            BX04P085
  6498.833 607.01214     3.147    -2.574               7.724          2013Rb0225
  6498.836 106.00113     1.286    -5.386               3.464            AX03P135
  6498.888 106.00113     1.286    -5.344               3.464            AX03P145
  6498.926 106.00113     1.391   -10.492               3.464            BX04Q085
  6498.930      59.1     1.253     -1.20                                LINOHFS 
  6498.939      26.0     0.958     -4.69                              NIST/B+   
  6498.951 106.00112     1.529    -7.477               3.464            AX14P125
  6498.961 607.01214     0.516    -2.900               7.724          0602Pb0065
  6498.967 607.01214     0.421    -4.129               7.724          0400Pc0415
  6498.978      28.0     5.276     -2.26                                        
  6498.999 607.01214     1.482    -3.163               7.724          1005Pc0325
  6499.010 607.01214     3.147    -3.189               7.724          2013Qd0235
  6499.021      14.0     5.615     -4.17                                        
  6499.041 607.01314     0.576    -2.153               7.724          0501Ra0385
  6499.099      15.0     8.277     -3.78                                        
  6499.099 607.01214     2.384    -3.193               7.724          1610Ra0015
  6499.107      28.1     6.947     -3.44                                        
  6499.180 607.01214     0.503    -3.084               7.724          0602Ra0015
  6499.181 607.01214     0.551    -2.353               7.724          0602Ra0145
  6499.195 607.01214     0.911    -3.681               7.724          0501Rd0535
  6499.230      14.0     5.858     -3.23                                        
  6499.240 607.01214     2.286    -2.697               7.724          0500Rb0995
  6499.261 607.01314     1.440    -3.073               7.724          1106Ra0005
  6499.284      20.0     5.817     -4.89                                        
  6499.312 607.01214     2.181    -2.157               7.724          0601Ra0925
  6499.339      21.0     4.681     -2.84                                        
  6499.339      21.0     4.681     -3.41                                        
  6499.385 106.00113     0.976    -6.058               3.464            AX03Q025
  6499.398 106.00113     1.391    -6.805               3.464            BX04P095
  6499.417 607.01214     2.411    -2.578               7.724          1610Ra0115
  6499.444 106.00113     0.976    -6.059               3.464            AX03Q025
  6499.467 106.00113     2.054    -8.703               3.464            AX15R195
  6499.499 106.00112     1.569    -7.491               3.464            AX14P135
  6499.525      23.1     6.096     -2.65                                        
  6499.527 607.01214     0.533    -2.282               7.724          0602Qb0105
  6499.544 607.01214     2.286    -4.464               7.724          0500Qd1005
  6499.548 607.01314     1.512    -2.184               7.724          1106Rb0175
  6499.561 607.01214     0.533    -3.056               7.724          0602Pd0115
  6499.598 607.01314     1.512    -2.654               7.724          1106Qd0185
  6499.650      20.0     2.523     -0.59                              NIST/D    
  6499.728 112.00124     0.565    -3.472               1.340           03R209b24
  6499.730 607.01314     2.251    -3.157               7.724          1509Pc0245
  6499.741 607.01214     1.730    -1.443               7.724          0904Qb0565
  6499.744 607.01214     2.441    -2.470               7.724          1610Rb0155
  6499.780 607.01214     2.441    -2.867               7.724          1610Qd0165
  6499.794      24.0     6.117     -3.46                                        
  6499.817 112.00124     0.566    -5.282               1.340           03Q109b24
  6499.834 607.01214     0.702    -3.254               7.724          0602Rd0295
  6499.853 607.01214     1.730    -3.328               7.724          0904Pd0575
  6499.906      22.0     1.501     -4.08                                        
  6499.909 607.01214     1.562    -1.882               7.724          1005Pb0375
  6499.982 607.01314     1.455    -2.712               7.724          1106Pb0075
  6499.985      24.0     2.542     -8.21                                        
  6500.029 607.01314     1.600    -3.077               7.724          1106Rd0275
  6500.044 607.01314     0.468    -3.376               7.724          0501Rc0305
  6500.048 607.01314     1.484    -2.249               7.724          1106Ra0145
  6500.051      20.0     5.827     -5.18                                        
  6500.135 607.01314     0.468    -1.979               7.724          0501Qa0315
  6500.142      60.0     1.335     -0.12                                        
  6500.180      26.0     4.831     -2.73                                        
  6500.188 607.01214     2.346    -3.203               7.724          1509Pc0285
  6500.214 607.01214     3.057    -3.567               7.724          2013Pc0095
  6500.222 607.01214     3.083    -2.833               7.724          2013Pb0145
  6500.269 106.00113     2.700    -3.692               3.464            AX52P385
  6500.281      23.0     1.375     -4.18                                        
  6500.342 106.00113     1.391    -3.085               3.464            BX10P295
  6500.366      23.0     4.255     -3.12                                        
  6500.378 607.01314     0.546    -3.998               7.724          0400Rc0485
  6500.476      21.1     7.425      0.23                                        
  6500.478      26.0     5.442     -3.44                                        
  6500.481 607.01314     0.482    -1.979               7.724          0501Qb0315
  6500.499 607.01314     0.593    -2.158               7.724          0501Rb0385
  6500.503 607.01214     1.760    -2.315               7.724          0601Pb0805
  6500.524 607.01314     0.546    -2.257               7.724          0400Qa0495
  6500.569 112.00124     0.566    -3.440               1.340           03R109b24
  6500.576 607.01214     2.383    -3.292               7.724          1610Ra0005
  6500.576 607.01314     0.482    -3.411               7.724          0501Pd0325
  6500.589 106.00113     2.835     0.185               3.464            AX53Q365
  6500.608 607.01314     1.441    -3.066               7.724          1106Rc0015
  6500.614 607.01314     0.593    -3.196               7.724          0501Qd0395
  6500.614 607.01314     1.441    -2.893               7.724          1106Qa0025
  6500.644 607.01314     0.422    -3.734               7.724          0400Qc0425
  6500.699 607.01214     0.497    -3.192               7.724          0501Qc0315
  6500.704      22.0     3.405     -2.90                                        
  6500.705 607.01314     1.440    -3.120               7.724          1106Rc0005
  6500.707 607.01314     1.440    -3.148               7.724          1106Qa0015
  6500.717      21.1     7.425     -0.77                                        
  6500.725      59.0     1.195      0.08                                        
  6500.761 607.01314     1.442    -3.017               7.724          1106Rc0025
  6500.769 607.01314     1.442    -2.732               7.724          1106Qa0035
  6500.773 607.01314     0.422    -2.652               7.724          0400Pa0435
  6500.797 607.01214     0.497    -2.313               7.724          0501Pa0325
  6500.827      27.0     5.364     -4.12                                        
  6500.846 607.01214     0.558    -2.323               7.724          0602Ra0155
  6500.883 607.01214     2.510    -3.286               7.724          1610Rd0245
  6500.893 607.01214     0.503    -3.186               7.724          0602Ra0005
  6500.929 607.01214     2.416    -2.541               7.724          1610Ra0125
  6500.987      24.0     4.851     -3.58                                        
  6500.987      62.0     0.387     -1.88                                        
