a line list in the range:    6169.00   6181.00
  6169.004      24.0     5.461     -3.20                                        
  6169.007 106.00112     1.567    -4.873               3.464            AX25R045
  6169.031      42.0     2.258     -3.15                                        
  6169.060      20.0     2.523     -0.54                              NIST/D    
  6169.078 106.00112     1.817    -5.766               3.464            AX36P025
  6169.083 607.01214     1.002    -3.389               7.724          0904Pc0055
  6169.146 607.01214     3.287    -3.280               7.724          2214Rc0135
  6169.193 607.01314     3.265    -3.418               7.724          2214Rd0205
  6169.194      22.0     2.504     -7.67                                        
  6169.211 607.01214     3.287    -2.436               7.724          2214Qa0145
  6169.216 106.00112     1.817    -5.764               3.464            AX36P025
  6169.275 607.01214     1.117    -2.136               7.724          0904Rb0225
  6169.337 607.01214     1.117    -2.799               7.724          0904Qd0235
  6169.389 607.01314     3.184    -3.307               7.724          2214Ra0025
  6169.409 607.01214     1.097    -2.144               7.724          0904Ra0215
  6169.449 607.01314     3.224    -2.753               7.724          2214Rb0135
  6169.451 607.01214     1.948    -2.411               7.724          1408Qb0075
  6169.458      26.0     3.414     -4.72                                        
  6169.470 607.01214     1.948    -3.026               7.724          1408Pd0085
  6169.477      26.0     4.368     -3.90                                        
  6169.559 607.01314     3.224    -3.036               7.724          2214Qd0145
  6169.560      20.0     2.526     -0.27                              NIST/D    
  6169.598      26.0     4.730     -1.84                                        
  6169.598 106.00113     1.835    -5.094               3.464            AX36P045
  6169.649 607.01314     3.197    -2.919               7.724          2214Ra0085
  6169.679 106.00112     1.817    -5.893               3.464            AX36Q025
  6169.681 607.01214     2.691    -2.037               7.724          1811Qa0205
  6169.685 607.01214     2.642    -3.230               7.724          1811Pc0125
  6169.706 106.00112     2.167    -4.471               3.464            AX14P255
  6169.732 607.01314     3.194    -3.218               7.724          2214Pb0065
  6169.756 607.01214     1.689    -4.191               7.724          0601Rd0795
  6169.798      26.0     5.064     -3.69                                        
  6169.817 106.00112     1.817    -5.899               3.464            AX36Q025
  6169.820 106.00112     2.167    -7.099               3.464            AX14Q245
  6169.822      90.0     0.615     -1.52                                        
  6169.832 607.01314     2.608    -2.402               7.724          1811Ra0165
  6169.835 607.01214     2.691    -3.097               7.724          1811Rc0195
  6169.851 607.01214     1.978    -2.374               7.724          1408Rb0135
  6169.884 607.01214     1.978    -2.712               7.724          1408Qd0145
  6169.927 106.00113     1.661    -4.456               3.464            AX25Q085
  6169.948 106.00113     1.835    -5.093               3.464            AX36P045
  6169.963 106.00113     1.661    -6.314               3.464            AX25R085
  6169.988 607.01214     2.660    -2.501               7.724          1811Pa0165
  6170.005      26.1     3.811     -6.88                                        
  6170.007   23.0051     2.246    -6.901                                 KURHFS 
  6170.011 607.01314     2.557    -3.758               7.724          1811Pc0035
  6170.029   23.0051     2.246    -6.880                                 KURHFS 
  6170.029   23.0051     2.246    -7.357                                 KURHFS 
  6170.037 607.01214     2.660    -2.843               7.724          1811Qc0155
  6170.039      14.0     5.858     -3.40                                        
  6170.046 106.00113     2.037    -4.442               3.464            AX36P125
  6170.060   23.0051     2.246    -6.880                                 KURHFS 
  6170.060   23.0051     2.246    -7.026                                 KURHFS 
  6170.064      68.1     0.055     -2.85                                        
  6170.075 106.00112     2.167    -4.483               3.464            AX14P245
  6170.097   23.0051     2.246    -6.559                                 KURHFS 
  6170.097 607.01214     3.321    -2.550               7.724          2214Ra0195
  6170.127 106.00113     1.835    -5.911               3.464            AX36Q045
  6170.190 607.01214     1.013    -2.795               7.724          0904Qc0085
  6170.195 106.00113     2.037    -4.411               3.464            AX36P135
  6170.215 607.01214     1.013    -2.721               7.724          0904Pa0095
  6170.249      20.0     5.581     -5.78                                        
  6170.263 607.01314     3.184    -3.401               7.724          2214Ra0015
  6170.267 607.01314     2.575    -3.062               7.724          1811Rc0095
  6170.279 607.01314     2.562    -2.978               7.724          1811Qc0055
  6170.284 607.01314     2.562    -3.103               7.724          1811Pa0065
  6170.284 607.01314     2.575    -2.387               7.724          1811Qa0105
  6170.287      26.0     5.963     -2.40                              PK15THEOR 
  6170.288 607.01214     1.121    -3.181               7.724          0803Rc0395
  6170.306   23.0051     0.286    -4.096                                 KURHFS 
  6170.307 106.00113     1.662    -6.157               3.464            AX25P095
  6170.309   23.0051     0.286    -3.833                                 KURHFS 
  6170.310   23.0051     0.286    -4.029                                 KURHFS 
  6170.312 607.01314     2.630    -2.370               7.724          1811Rb0185
  6170.316   23.0051     0.286    -3.629                                 KURHFS 
  6170.318   23.0051     0.286    -3.833                                 KURHFS 
  6170.320   23.0051     0.286    -4.728                                 KURHFS 
  6170.327   23.0051     0.286    -3.459                                 KURHFS 
  6170.331   23.0051     0.286    -3.728                                 KURHFS 
  6170.333   23.0051     0.286    -4.573                                 KURHFS 
  6170.342 106.00113     1.662    -4.418               3.464            AX25Q095
  6170.343   23.0051     0.286    -3.313                                 KURHFS 
  6170.347   23.0051     0.286    -3.681                                 KURHFS 
  6170.350   23.0051     0.286    -4.573                                 KURHFS 
  6170.350 607.01314     2.630    -2.832               7.724          1811Qd0195
  6170.362   23.0051     0.286    -3.184                                 KURHFS 
  6170.367   23.0051     0.286    -3.687                                 KURHFS 
  6170.371   23.0051     0.286    -4.670                                 KURHFS 
  6170.374 607.01214     0.986    -4.137               7.724          0601Pc0555
  6170.385   23.0051     0.286    -3.068                                 KURHFS 
  6170.387 607.01214     1.040    -2.977               7.724          0904Rc0135
  6170.391   23.0051     0.286    -3.760                                 KURHFS 
  6170.395 607.01214     1.121    -1.730               7.724          0803Qa0405
  6170.396   23.0051     0.286    -4.874                                 KURHFS 
  6170.413   23.0051     0.286    -2.963                                 KURHFS 
  6170.418 106.00112     2.120    -6.391               3.464            AX36Q145
  6170.419   23.0051     0.286    -3.971                                 KURHFS 
  6170.425   23.0051     0.286    -5.272                                 KURHFS 
  6170.428 607.01214     1.040    -2.088               7.724          0904Qa0145
  6170.442      73.0     3.442     -0.57                                        
  6170.454 607.01314     2.596    -2.254               7.724          1811Qb0135
  6170.477 106.00113     1.835    -5.920               3.464            AX36Q045
  6170.480      60.1     1.199     -0.98                                        
  6170.480 106.00112     2.120    -4.351               3.464            AX36P155
  6170.483 607.01314     2.596    -3.084               7.724          1811Pd0145
  6170.497 106.00112     2.120    -4.373               3.464            AX36P145
  6170.506      26.0     4.792     -0.44                                        
  6170.556 106.00113     1.835    -4.978               3.464            AX36P055
  6170.567      28.0     4.102     -1.81                                        
  6170.600      28.0     4.085     -1.94                                        
  6170.602 607.01314     3.201    -2.874               7.724          2214Ra0095
  6170.604      22.0     3.184     -2.04                                        
  6170.621      44.0     2.006     -2.00                                        
  6170.663      15.0     7.411     -1.80                                        
  6170.670      24.0     4.443     -4.26                                        
  6170.726 607.01314     3.205    -2.662               7.724          2214Qb0095
  6170.736 106.00113     2.037    -6.302               3.464            AX36Q125
  6170.743      25.1     5.986     -5.30                                        
  6170.743      42.0     3.441     -1.63                                        
  6170.762      20.0     5.581     -3.98                                        
  6170.788 106.00112     1.817    -5.493               3.464            AX36P035
  6170.806 607.01314     3.205    -3.327               7.724          2214Pd0105
  6170.810 106.00113     2.105    -6.672               3.464            AX25Q195
  6170.813 106.00113     2.553    -8.441               3.464            AX26R245
  6170.818 607.01314     1.785    -3.080               7.724          1307Pc0225
  6170.837      26.0     5.082     -4.22                                        
  6170.858 106.00113     1.835    -4.978               3.464            AX36P055
  6170.893 607.01214     3.338    -2.545               7.724          2214Rb0205
  6170.895 106.00112     1.817    -5.493               3.464            AX36P035
  6170.914 106.00113     2.105    -4.337               3.464            AX25P205
  6170.990 607.01214     3.338    -3.069               7.724          2214Qd0215
  6170.993 106.00113     1.662    -4.456               3.464            AX25Q085
  6170.993 607.01214     1.177    -2.968               7.724          0500Pb0705
  6171.010      26.0     4.730     -1.88                                        
  6171.021 106.00113     2.105    -4.351               3.464            AX25P195
  6171.026 106.00113     1.662    -6.327               3.464            AX25R085
  6171.103 607.01214     3.271    -3.071               7.724          2214Qc0105
  6171.120      22.0     3.407     -3.27                                        
  6171.136 607.01214     1.062    -2.020               7.724          0904Qb0165
  6171.155 607.01214     3.271    -2.941               7.724          2214Pa0115
  6171.181 607.01214     1.062    -3.023               7.724          0904Pd0175
  6171.216 607.01214     2.675    -2.446               7.724          1811Pb0175
  6171.279 106.00113     1.662    -6.147               3.464            AX25P095
  6171.299      27.0     4.998     -1.30                                        
  6171.311 106.00113     1.662    -4.418               3.464            AX25Q095
  6171.325 607.01314     0.993    -3.248               7.724          0803Rc0335
  6171.334      23.0     2.636     -2.21                                        
  6171.376 106.00112     2.563    -8.505               3.464            AX26R245
  6171.402 607.01314     3.183    -3.499               7.724          2214Ra0005
  6171.413 607.01314     0.993    -1.786               7.724          0803Qa0345
  6171.465 607.01214     1.120    -3.809               7.724          0601Qc0605
  6171.510 106.00113     2.003    -4.484               3.464            AX36P115
  6171.542      24.0     4.201     -2.17                                        
  6171.566      25.1     6.568     -3.64                                        
  6171.567   23.0051     2.357    -7.026                                 KURHFS 
  6171.567   23.0051     2.357    -7.281                                 KURHFS 
  6171.579   23.0051     2.357    -6.827                                 KURHFS 
  6171.579   23.0051     2.357    -7.026                                 KURHFS 
  6171.579   23.0051     2.357    -8.934                                 KURHFS 
  6171.588 112.00124     1.553    -4.973               1.340           03P243b24
  6171.597   23.0051     2.357    -6.763                                 KURHFS 
  6171.597   23.0051     2.357    -6.827                                 KURHFS 
  6171.597   23.0051     2.357    -7.691                                 KURHFS 
  6171.621   23.0051     2.357    -6.763                                 KURHFS 
  6171.621   23.0051     2.357    -6.794                                 KURHFS 
  6171.621   23.0051     2.357    -6.974                                 KURHFS 
  6171.632 607.01214     1.120    -2.438               7.724          0601Pa0615
  6171.645 607.01214     2.052    -3.121               7.724          1408Rd0235
  6171.651   23.0051     2.357    -6.568                                 KURHFS 
  6171.651   23.0051     2.357    -6.794                                 KURHFS 
  6171.651   23.0051     2.357    -6.975                                 KURHFS 
  6171.660 607.01214     1.942    -2.944               7.724          1408Pb0055
  6171.687   23.0051     2.357    -6.276                                 KURHFS 
  6171.687   23.0051     2.357    -6.975                                 KURHFS 
  6171.755 607.01214     1.942    -2.652               7.724          1408Ra0065
  6171.763 607.01214     1.952    -2.348               7.724          1408Qb0085
  6171.785 607.01214     1.952    -3.008               7.724          1408Pd0095
  6171.812 607.01314     3.205    -2.832               7.724          2214Ra0105
  6171.816 106.00113     2.003    -4.448               3.464            AX36P125
  6171.818      21.1     7.418     -2.93                                        
  6171.840      65.1     1.686     -0.97                                        
  6171.859      92.0     0.947     -0.98                                        
  6171.871 607.01314     2.580    -2.732               7.724          1811Pb0105
  6171.875 607.01214     1.945    -2.596               7.724          1408Ra0075
  6171.880 607.01214     1.939    -2.713               7.724          1408Ra0055
  6172.000      20.0     5.685     -6.11                                        
  6172.043      24.0     5.462     -4.04                                        
  6172.046      24.0     4.102     -1.13                                        
  6172.051 607.01314     1.839    -2.076               7.724          1307Pb0275
  6172.054 607.01214     1.230    -3.233               7.724          0904Rd0325
  6172.055 112.00124     1.357    -3.308               1.340           03P238b24
  6172.140   23.0051     1.217    -6.893                                 KURHFS 
  6172.140   23.0051     1.217    -7.148                                 KURHFS 
  6172.140   23.0051     1.217    -7.178                                 KURHFS 
  6172.143   23.0051     1.217    -6.705                                 KURHFS 
  6172.143   23.0051     1.217    -6.760                                 KURHFS 
  6172.143   23.0051     1.217    -7.148                                 KURHFS 
  6172.145 607.01314     2.695    -3.245               7.724          1811Rd0265
  6172.148   23.0051     1.217    -6.505                                 KURHFS 
  6172.148   23.0051     1.217    -6.614                                 KURHFS 
  6172.148   23.0051     1.217    -7.199                                 KURHFS 
  6172.154   23.0051     1.217    -6.307                                 KURHFS 
  6172.154   23.0051     1.217    -6.592                                 KURHFS 
  6172.154   23.0051     1.217    -7.324                                 KURHFS 
  6172.156 106.00113     2.003    -6.236               3.464            AX36Q115
  6172.156 607.01214     2.709    -3.126               7.724          1811Pd0225
  6172.161   23.0051     1.217    -6.143                                 KURHFS 
  6172.161   23.0051     1.217    -6.646                                 KURHFS 
  6172.161   23.0051     1.217    -7.546                                 KURHFS 
  6172.169   23.0051     1.217    -6.002                                 KURHFS 
  6172.169   23.0051     1.217    -6.842                                 KURHFS 
  6172.169   23.0051     1.217    -7.956                                 KURHFS 
  6172.175 607.01214     3.306    -2.368               7.724          2214Qb0165
  6172.183 607.01214     1.989    -3.944               7.724          0903Pc0735
  6172.215      26.0     4.309     -3.97                                        
  6172.229      23.0     2.580     -1.69                                        
  6172.240 607.01214     1.948    -2.546               7.724          1408Ra0085
  6172.252 607.01214     1.937    -2.781               7.724          1408Ra0045
  6172.254 607.01214     3.306    -3.306               7.724          2214Pd0175
  6172.259 607.01214     1.985    -2.339               7.724          1408Rb0145
  6172.271 607.01314     1.827    -2.744               7.724          1307Qc0265
  6172.285 607.01314     3.230    -2.719               7.724          2214Rb0145
  6172.295 607.01214     1.985    -2.713               7.724          1408Qd0155
  6172.335 607.01314     1.827    -2.085               7.724          1307Pa0275
  6172.355 607.01214     2.761    -2.901               7.724          1811Qd0275
  6172.385 607.01214     2.709    -2.011               7.724          1811Qb0215
  6172.403 607.01314     3.230    -3.035               7.724          2214Qd0155
  6172.473 607.01214     1.005    -3.316               7.724          0904Pc0065
  6172.476 112.00124     1.357    -5.106               1.340           03Q238b24
  6172.484 607.01314     2.580    -3.058               7.724          1811Rc0105
  6172.490 607.01314     2.615    -2.376               7.724          1811Ra0175
  6172.509 607.01314     2.580    -2.340               7.724          1811Qa0115
  6172.519 607.01314     2.564    -2.936               7.724          1811Qc0065
  6172.521 607.01214     1.034    -2.511               7.724          0904Pb0125
  6172.533 607.01314     2.564    -3.005               7.724          1811Pa0075
  6172.574 607.01214     3.262    -3.526               7.724          2214Pc0085
  6172.597 607.01314     3.184    -3.542               7.724          2214Rc0005
  6172.608 607.01314     3.184    -3.575               7.724          2214Qa0015
  6172.653 607.01314     3.184    -3.486               7.724          2214Rc0015
  6172.672 607.01314     3.184    -3.322               7.724          2214Qa0025
  6172.678 607.01214     1.107    -2.124               7.724          0904Ra0225
  6172.685 112.00124     1.357    -3.238               1.340           03P138b24
  6172.721      57.1     0.126     -2.32                                        
  6172.747 607.01314     2.559    -3.592               7.724          1811Pc0045
  6172.765 607.01214     3.293    -3.284               7.724          2214Rc0145
  6172.773      26.0     5.082     -4.16                                        
  6172.821      16.0     8.039     -1.40                                        
  6172.834 607.01214     3.293    -2.402               7.724          2214Qa0155
  6172.847 607.01214     1.952    -2.499               7.724          1408Ra0095
  6172.848 607.01214     2.762    -2.197               7.724          1811Rb0265
  6172.873 607.01214     1.935    -2.857               7.724          1408Ra0035
  6172.875      58.0     1.722     -0.17                                        
  6172.892 106.00113     1.851    -4.937               3.464            AX36P055
  6172.945 607.01314     3.197    -3.141               7.724          2214Pb0075
  6172.956 106.00112     2.080    -6.321               3.464            AX36Q135
  6172.973 607.01314     3.186    -3.435               7.724          2214Rc0025
  6172.999 607.01314     3.186    -3.162               7.724          2214Qa0035
  6173.008      26.0     0.989     -7.47                                        
  6173.015 106.00112     2.080    -4.405               3.464            AX36P135
  6173.023   63.1153     1.319    -1.476                              Law01HFSIS
  6173.025   63.1153     1.319    -2.647                              Law01HFSIS
  6173.028   63.1153     1.319    -4.146                              Law01HFSIS
  6173.029      26.0     3.637     -5.13                                        
  6173.030   63.1153     1.319    -1.568                              Law01HFSIS
  6173.031   63.1151     1.319    -1.475                              Law01HFSIS
  6173.033   63.1153     1.319    -2.457                              Law01HFSIS
  6173.035   63.1153     1.319    -1.667                              Law01HFSIS
  6173.035   63.1153     1.319    -3.814                              Law01HFSIS
  6173.037   63.1153     1.319    -1.772                              Law01HFSIS
  6173.037   63.1153     1.319    -2.415                              Law01HFSIS
  6173.038   63.1151     1.319    -2.647                              Law01HFSIS
  6173.039   63.1153     1.319    -1.881                              Law01HFSIS
  6173.039   63.1153     1.319    -2.469                              Law01HFSIS
  6173.039   63.1153     1.319    -3.733                              Law01HFSIS
  6173.040   63.1153     1.319    -1.990                              Law01HFSIS
  6173.041   63.1153     1.319    -2.660                              Law01HFSIS
  6173.041   63.1153     1.319    -3.879                              Law01HFSIS
  6173.044   63.1151     1.319    -1.568                              Law01HFSIS
  6173.044   63.1151     1.319    -4.141                              Law01HFSIS
  6173.050   63.1151     1.319    -2.457                              Law01HFSIS
  6173.054   63.1151     1.319    -1.667                              Law01HFSIS
  6173.055   63.1151     1.319    -3.815                              Law01HFSIS
  6173.056      23.0     2.606     -4.18                                        
  6173.059   63.1151     1.319    -2.415                              Law01HFSIS
  6173.062   63.1151     1.319    -1.772                              Law01HFSIS
  6173.063   63.1151     1.319    -3.733                              Law01HFSIS
  6173.066   63.1151     1.319    -2.469                              Law01HFSIS
  6173.068   63.1151     1.319    -1.881                              Law01HFSIS
  6173.069   63.1151     1.319    -3.877                              Law01HFSIS
  6173.071   63.1151     1.319    -2.659                              Law01HFSIS
  6173.072   63.1151     1.319    -1.990                              Law01HFSIS
  6173.091 607.01214     3.287    -2.807               7.724          2214Pb0135
  6173.127 607.01214     1.017    -2.780               7.724          0904Qc0095
  6173.150      26.0     4.987     -4.27                                        
  6173.156 607.01214     1.017    -2.657               7.724          0904Pa0105
  6173.173 106.00112     2.080    -4.378               3.464            AX36P145
  6173.179 607.01214     1.128    -2.116               7.724          0904Rb0235
  6173.190 106.00113     2.557    -8.110               3.464            AX03P335
  6173.193 106.00112     2.111    -6.671               3.464            AX25Q195
  6173.234 106.00113     2.003    -4.483               3.464            AX36P115
  6173.242 607.01314     1.008    -1.786               7.724          0803Qb0345
  6173.246 607.01214     1.128    -2.807               7.724          0904Qd0245
  6173.279 607.01314     3.209    -2.793               7.724          2214Ra0115
  6173.288 607.01214     1.047    -2.982               7.724          0904Rc0145
  6173.328 106.00112     2.111    -4.337               3.464            AX25P205
  6173.328 607.01214     1.047    -2.054               7.724          0904Qa0155
  6173.333 607.01314     1.008    -3.274               7.724          0803Pd0355
  6173.336      26.0     2.223     -2.88                              NIST/B    
  6173.349 106.00112     2.111    -4.351               3.464            AX25P195
  6173.381 106.00113     1.851    -4.936               3.464            AX36P055
  6173.384 607.01214     1.259    -1.950               7.724          0803Rb0465
  6173.401 106.00113     1.851    -5.959               3.464            AX36Q055
  6173.422      24.0     4.851     -3.68                                        
  6173.431 106.00113     2.003    -4.448               3.464            AX36P125
  6173.454      24.0     5.463     -3.34                                        
  6173.504 607.01314     0.924    -2.961               7.724          0803Qc0285
  6173.509 607.01214     1.259    -2.804               7.724          0803Qd0475
  6173.518 607.01214     2.750    -2.186               7.724          1811Ra0265
  6173.531      26.0     5.352     -2.65                              PK15THEOR 
  6173.556 607.01314     3.187    -3.394               7.724          2214Rc0035
  6173.570 106.00113     1.285    -5.589               3.464            AX03R135
  6173.580 607.01314     0.924    -2.199               7.724          0803Pa0295
  6173.584      16.0     8.039     -1.37                                        
  6173.590 607.01314     3.187    -3.041               7.724          2214Qa0045
  6173.628 607.01314     3.209    -2.611               7.724          2214Qb0105
  6173.639      26.0     4.442     -3.39                                        
  6173.671 106.00113     1.851    -4.846               3.464            AX36P065
  6173.687 607.01214     1.826    -4.781               7.724          0500Rd0895
  6173.696 607.01214     1.957    -2.456               7.724          1408Ra0105
  6173.711 106.00113     1.285    -5.577               3.464            AX03R145
  6173.715 607.01314     3.209    -3.315               7.724          2214Pd0115
  6173.724 607.01214     1.035    -3.065               7.724          0803Qc0345
  6173.742 607.01214     1.934    -2.942               7.724          1408Ra0025
  6173.745      16.0     8.039     -1.40                                        
  6173.771 607.01214     1.177    -4.444               7.724          0500Qc0705
  6173.805      26.0     5.341     -3.71                                        
  6173.818 607.01214     1.035    -2.117               7.724          0803Pa0355
  6173.824      14.0     5.959     -3.00                                        
  6173.828      24.0     3.553     -4.06                                        
  6173.834 106.00113     1.285    -7.337               3.464            AX03Q145
  6173.881 106.00113     2.003    -6.258               3.464            AX36Q115
  6173.890 106.00113     1.851    -5.970               3.464            AX36Q055
  6173.943 607.01314     2.638    -2.345               7.724          1811Rb0195
  6173.948      62.0     1.525     -0.41                                        
  6173.967 607.01214     1.177    -2.962               7.724          0500Pa0715
  6173.983 607.01314     2.638    -2.837               7.724          1811Qd0205
  6174.028 607.01314     2.602    -2.217               7.724          1811Qb0145
  6174.059 607.01314     2.602    -3.084               7.724          1811Pd0155
  6174.078 607.01214     3.329    -2.529               7.724          2214Ra0205
  6174.103 106.00113     1.851    -4.846               3.464            AX36P065
  6174.108 106.00113     1.971    -4.531               3.464            AX36P105
  6174.187 106.00113     1.538    -6.106               3.464            AX25R015
  6174.189 106.00113     1.538    -6.100               3.464            AX25R015
  6174.201      16.0     8.040     -3.02                                        
  6174.215      23.0     3.242     -1.80                                        
  6174.265      25.1     6.107     -7.15                                        
  6174.276 607.01214     1.957    -2.291               7.724          1408Qb0095
  6174.300 607.01214     1.957    -2.995               7.724          1408Pd0105
  6174.401 607.01314     3.189    -3.361               7.724          2214Rc0045
  6174.402 607.01314     0.937    -2.191               7.724          0803Pb0295
  6174.443 607.01314     3.189    -2.943               7.724          2214Qa0055
  6174.444      25.1     6.387     -4.80                                        
  6174.452      62.0     0.498     -1.42                                        
  6174.460 106.00113     1.971    -4.491               3.464            AX36P115
  6174.466 607.01214     2.700    -2.013               7.724          1811Qa0215
  6174.501      26.0     3.639     -5.22                                        
  6174.536 607.01214     1.021    -4.788               7.724          0500Pc0655
  6174.552      26.0     5.326     -3.25                                        
  6174.588      22.0     3.196     -3.28                                        
  6174.619 607.01214     0.975    -3.802               7.724          0702Pc0445
  6174.639 106.00113     2.835    -8.167               3.464            AX03P365
  6174.655 607.01214     2.700    -3.105               7.724          1811Rc0205
  6174.657 106.00112     1.828    -5.327               3.464            AX36P035
  6174.714 607.01214     1.945    -2.854               7.724          1408Pb0065
  6174.715 106.00113     1.971    -6.193               3.464            AX36Q105
  6174.751      22.0     2.660     -1.60                                        
  6174.785 607.01214     1.961    -2.417               7.724          1408Ra0115
  6174.818      25.0     4.350     -3.47                                        
  6174.863 607.01214     1.933    -3.037               7.724          1408Ra0015
  6174.865 607.01214     2.063    -3.129               7.724          1408Rd0245
  6174.868 607.01214     2.647    -3.221               7.724          1811Pc0135
  6174.869 607.01214     2.668    -2.467               7.724          1811Pa0175
  6174.879 607.01214     1.992    -2.307               7.724          1408Rb0155
  6174.890 106.00112     1.828    -5.326               3.464            AX36P035
  6174.894 112.00124     0.967    -3.023               1.340           03R227b24
  6174.904 607.01214     3.276    -3.062               7.724          2214Qc0115
  6174.917 607.01214     1.992    -2.716               7.724          1408Qd0165
  6174.919   23.0051     2.121    -4.108                                 KURHFS 
  6174.922   23.0051     2.121    -3.845                                 KURHFS 
  6174.922   23.0051     2.121    -4.041                                 KURHFS 
  6174.926   27.0059     3.684    -2.646                                 KURHFS 
  6174.926   27.0059     3.684    -3.549                                 KURHFS 
  6174.929   23.0051     2.121    -3.641                                 KURHFS 
  6174.929   23.0051     2.121    -3.845                                 KURHFS 
  6174.929   23.0051     2.121    -4.740                                 KURHFS 
  6174.939 607.01214     2.668    -2.846               7.724          1811Qc0165
  6174.940      62.1     1.347     -1.37                              Lawler06  
  6174.940   23.0051     2.121    -3.471                                 KURHFS 
  6174.940   23.0051     2.121    -3.740                                 KURHFS 
  6174.940   23.0051     2.121    -4.585                                 KURHFS 
  6174.943 607.01314     2.585    -3.055               7.724          1811Rc0115
  6174.954   23.0051     2.121    -3.325                                 KURHFS 
  6174.954   23.0051     2.121    -3.693                                 KURHFS 
  6174.954   23.0051     2.121    -4.585                                 KURHFS 
  6174.960 607.01214     3.276    -2.889               7.724          2214Pa0125
  6174.963      16.0     8.040     -1.40                                        
  6174.968 607.01314     2.585    -2.297               7.724          1811Qa0125
  6174.971   23.0051     2.121    -3.196                                 KURHFS 
  6174.971   23.0051     2.121    -3.699                                 KURHFS 
  6174.971   23.0051     2.121    -4.682                                 KURHFS 
  6174.980   27.0059     3.684    -2.833                                 KURHFS 
  6174.980   27.0059     3.684    -3.345                                 KURHFS 
  6174.980   27.0059     3.684    -3.549                                 KURHFS 
  6174.992   23.0051     2.121    -3.080                                 KURHFS 
  6174.992   23.0051     2.121    -3.772                                 KURHFS 
  6174.992   23.0051     2.121    -4.886                                 KURHFS 
  6175.000 607.01314     3.184    -3.661               7.724          2214Qc0015
  6175.001 607.01314     3.214    -2.757               7.724          2214Ra0125
  6175.007 607.01314     2.568    -2.905               7.724          1811Qc0075
  6175.010 607.01314     2.568    -2.922               7.724          1811Pa0085
  6175.017   23.0051     2.121    -2.975                                 KURHFS 
  6175.017   23.0051     2.121    -3.983                                 KURHFS 
  6175.017   23.0051     2.121    -5.284                                 KURHFS 
  6175.019 607.01314     3.184    -4.156               7.724          2214Pa0025
  6175.026   27.0059     3.684    -3.052                                 KURHFS 
  6175.026   27.0059     3.684    -3.280                                 KURHFS 
  6175.026   27.0059     3.684    -3.345                                 KURHFS 
  6175.026 106.00113     2.106    -4.338               3.464            AX25P205
  6175.027 607.01214     1.070    -1.990               7.724          0904Qb0175
  6175.040      26.0     5.096     -4.24                                        
  6175.059 106.00112     1.828    -5.872               3.464            AX36Q035
  6175.064   27.0059     3.684    -3.280                                 KURHFS 
  6175.064   27.0059     3.684    -3.287                                 KURHFS 
  6175.064   27.0059     3.684    -3.315                                 KURHFS 
  6175.074 607.01214     1.070    -3.028               7.724          0904Pd0185
  6175.087 112.00124     0.967    -5.691               1.340           03Q127b24
  6175.094   27.0059     3.684    -3.287                                 KURHFS 
  6175.094   27.0059     3.684    -3.353                                 KURHFS 
  6175.094   27.0059     3.684    -3.646                                 KURHFS 
  6175.116 106.00113     2.106    -6.705               3.464            AX25Q195
  6175.117   27.0059     3.684    -3.353                                 KURHFS 
  6175.117   27.0059     3.684    -3.491                                 KURHFS 
  6175.117   27.0059     3.684    -4.093                                 KURHFS 
  6175.132   27.0059     3.684    -3.491                                 KURHFS 
  6175.132   27.0059     3.684    -3.771                                 KURHFS 
  6175.132   27.0059     3.684    -4.792                                 KURHFS 
  6175.135      26.1     6.222     -2.09                                 NIST/D+
  6175.135 106.00113     1.870    -4.820               3.464            AX36P065
  6175.140   27.0059     3.684    -3.771                                 KURHFS 
  6175.160 607.01214     1.294    -2.062               7.724          0601Qb0665
  6175.225 106.00112     2.081    -6.345               3.464            AX36Q135
  6175.252      15.0     7.398     -2.20                                        
  6175.284      58.0     1.532      0.08                                        
  6175.284 106.00112     2.081    -4.404               3.464            AX36P135
  6175.293 106.00112     1.828    -5.880               3.464            AX36Q035
  6175.294      69.0     1.625     -1.48                                        
  6175.297 106.00113     2.106    -4.351               3.464            AX25P195
  6175.315 106.00112     2.081    -4.378               3.464            AX36P145
  6175.319 607.01314     0.876    -3.284               7.724          0803Pc0245
  6175.343 607.01214     1.294    -4.108               7.724          0601Pd0675
  6175.353 607.01314     3.236    -2.687               7.724          2214Rb0155
  6175.360      28.0     4.086     -0.53                                        
  6175.384 607.01314     2.622    -2.351               7.724          1811Ra0185
  6175.394      92.0     0.530     -1.45                                        
  6175.417      24.0     3.085     -5.91                                        
  6175.468 106.00112     1.666    -4.455               3.464            AX25Q085
  6175.479 607.01314     3.236    -3.037               7.724          2214Qd0165
  6175.501 106.00112     1.666    -6.314               3.464            AX25R085
  6175.509 607.01314     3.191    -3.336               7.724          2214Rc0055
  6175.513      42.0     3.221     -1.98                                        
  6175.559 607.01314     3.191    -2.860               7.724          2214Qa0065
  6175.561 112.00124     0.967    -3.009               1.340           03R127b24
  6175.565      23.0     2.876     -1.02                                        
  6175.584 106.00113     1.972    -4.531               3.464            AX36P105
  6175.628 607.01214     3.347    -2.524               7.724          2214Rb0215
  6175.642      26.0     5.368     -3.92                                        
  6175.644 106.00113     1.870    -6.009               3.464            AX36Q065
  6175.697      22.0     3.332     -3.71                                        
  6175.699      23.1     7.104     -4.52                                        
  6175.724      26.0     4.298     -3.90                                        
  6175.729 607.01214     3.347    -3.076               7.724          2214Qd0225
  6175.734 607.01314     2.562    -3.484               7.724          1811Pc0055
  6175.783 106.00113     1.870    -4.819               3.464            AX36P065
  6175.784 106.00113     1.870    -4.745               3.464            AX36P075
  6175.806 106.00113     1.942    -4.586               3.464            AX36P095
  6175.835 106.00113     1.971    -4.491               3.464            AX36P115
  6175.844 607.01314     2.585    -2.682               7.724          1811Pb0115
  6175.845      16.0     8.040     -1.09                                        
  6175.873 106.00112     1.666    -6.157               3.464            AX25P095
  6175.903 106.00112     1.828    -5.165               3.464            AX36P045
  6175.905 106.00112     1.666    -4.417               3.464            AX25Q095
  6175.912      28.0     4.161     -2.83                                        
  6175.913      26.0     5.060     -3.87                                        
  6175.962      21.1     7.375     -1.30                                        
  6175.974 607.01214     1.238    -1.926               7.724          0803Ra0465
  6176.097 106.00112     1.828    -5.166               3.464            AX36P045
  6176.101 607.01214     1.009    -3.264               7.724          0904Pc0075
  6176.115 607.01214     1.967    -2.380               7.724          1408Ra0125
  6176.133 607.01214     1.139    -1.720               7.724          0803Qb0405
  6176.151 607.01214     1.484    -2.283               7.724          0601Rb0725
  6176.165 607.01214     1.117    -2.104               7.724          0904Ra0235
  6176.168      26.0     4.792     -3.71                                        
  6176.191 106.00113     1.972    -6.213               3.464            AX36Q105
  6176.210      15.0     7.959     -1.93                                        
  6176.212 106.00113     1.942    -4.540               3.464            AX36P105
  6176.227      22.0     3.106     -3.28                                        
  6176.235 607.01214     1.933    -3.137               7.724          1408Ra0005
  6176.243 607.01214     1.139    -3.398               7.724          0803Pd0415
  6176.261 607.01314     3.186    -3.451               7.724          2214Qc0025
  6176.284 607.01214     1.051    -2.116               7.724          0803Pb0355
  6176.287 607.01314     3.186    -3.806               7.724          2214Pa0035
  6176.292 106.00113     1.870    -6.022               3.464            AX36Q065
  6176.297 607.01214     1.022    -2.771               7.724          0904Qc0105
  6176.300 106.00113     1.286    -5.589               3.464            AX03R135
  6176.303 106.00113     1.286    -5.577               3.464            AX03R145
  6176.309 607.01214     0.974    -3.351               7.724          0803Pc0305
  6176.310 607.01314     2.705    -3.253               7.724          1811Rd0275
  6176.327 607.01214     1.022    -2.600               7.724          0904Pa0115
  6176.350 607.01214     1.484    -3.828               7.724          0601Qd0735
  6176.351 106.00113     1.892    -4.727               3.464            AX36P075
  6176.366 106.00113     1.870    -4.746               3.464            AX36P075
  6176.377      24.0     3.102     -5.64                                        
  6176.379 106.00113     1.942    -6.150               3.464            AX36Q095
  6176.381 607.01314     3.201    -3.073               7.724          2214Pb0085
  6176.413 607.01214     1.054    -2.987               7.724          0904Rc0155
  6176.421 106.00113     1.551    -5.052               3.464            AX25R025
  6176.426 106.00113     1.286    -7.313               3.464            AX03Q145
  6176.452 607.01214     1.054    -2.022               7.724          0904Qa0165
  6176.484      29.0     5.344     -2.00                                        
  6176.542      25.1     5.988     -7.18                                        
  6176.550 106.00112     1.666    -4.455               3.464            AX25Q085
  6176.565 106.00113     1.916    -4.651               3.464            AX36P085
  6176.566 106.00113     1.552    -5.052               3.464            AX25R025
  6176.582 106.00112     1.666    -6.326               3.464            AX25R085
  6176.598 106.00112     2.565    -8.440               3.464            AX26R245
  6176.635 607.01214     1.245    -3.241               7.724          0904Rd0335
  6176.653 607.01214     3.299    -3.288               7.724          2214Rc0155
  6176.728 607.01214     3.299    -2.370               7.724          2214Qa0165
  6176.740      21.0     4.581     -3.12                                        
  6176.757   23.0051     2.252    -7.925                                 KURHFS 
  6176.757   23.0051     2.252    -7.925                                 KURHFS 
  6176.757   23.0051     2.252    -8.226                                 KURHFS 
  6176.757 607.01314     3.214    -2.564               7.724          2214Qb0115
  6176.765   23.0051     2.252    -7.761                                 KURHFS 
  6176.765   23.0051     2.252    -7.787                                 KURHFS 
  6176.765   23.0051     2.252    -8.101                                 KURHFS 
  6176.767      24.1     4.153     -5.39                                        
  6176.775   23.0051     2.252    -7.504                                 KURHFS 
  6176.775   23.0051     2.252    -7.753                                 KURHFS 
  6176.775   23.0051     2.252    -8.351                                 KURHFS 
  6176.789   23.0051     2.252    -7.288                                 KURHFS 
  6176.789   23.0051     2.252    -7.914                                 KURHFS 
  6176.789   23.0051     2.252    -8.779                                 KURHFS 
  6176.794      44.0     2.593     -1.00                                        
  6176.806 607.01214     3.266    -3.494               7.724          2214Pc0095
  6176.812      28.0     4.085     -0.26                              Wood14    
  6176.834 607.01214     1.040    -2.468               7.724          0904Pb0135
  6176.852 607.01314     3.214    -3.306               7.724          2214Pd0125
  6176.863 106.00112     1.666    -6.146               3.464            AX25P095
  6176.873 106.00113     1.892    -6.057               3.464            AX36Q075
  6176.878 607.01314     3.194    -3.316               7.724          2214Rc0065
  6176.881 607.01214     1.893    -3.158               7.724          1307Pc0285
  6176.896 106.00112     1.666    -4.417               3.464            AX25Q095
  6176.900 106.00113     1.892    -4.664               3.464            AX36P085
  6176.915 607.01214     3.314    -2.339               7.724          2214Qb0175
  6176.931 607.01214     2.683    -2.416               7.724          1811Pb0185
  6176.935 607.01314     3.194    -2.787               7.724          2214Qa0075
  6176.980 607.01314     3.219    -2.723               7.724          2214Ra0135
  6176.981      24.1     4.747     -2.84                                        
  6176.991 607.01214     1.961    -2.240               7.724          1408Qb0105
  6176.998 607.01214     3.314    -3.310               7.724          2214Pd0185
  6177.012 106.00113     1.391    -5.066               3.464            AX14R085
  6177.017 607.01214     1.961    -2.985               7.724          1408Pd0115
  6177.035 106.00113     1.915    -4.597               3.464            AX36P095
  6177.049 106.00113     1.942    -4.586               3.464            AX36P095
  6177.075 106.00112     1.456    -8.665               3.464            BX04R115
  6177.109 106.00113     1.916    -6.104               3.464            AX36Q085
  6177.179 106.00113     1.892    -4.726               3.464            AX36P075
  6177.206      24.1     6.681     -2.76                                        
  6177.242      28.0     1.825     -3.46                              Wood14    
  6177.253   27.0059     2.041    -4.739                                 KURHFS 
  6177.253   27.0059     2.041    -4.739                                 KURHFS 
  6177.253   27.0059     2.041    -5.040                                 KURHFS 
  6177.261   27.0059     2.041    -4.575                                 KURHFS 
  6177.261   27.0059     2.041    -4.601                                 KURHFS 
  6177.261   27.0059     2.041    -4.915                                 KURHFS 
  6177.271   27.0059     2.041    -4.318                                 KURHFS 
  6177.271   27.0059     2.041    -4.567                                 KURHFS 
  6177.271   27.0059     2.041    -5.165                                 KURHFS 
  6177.285   27.0059     2.041    -4.102                                 KURHFS 
  6177.285   27.0059     2.041    -4.728                                 KURHFS 
  6177.285   27.0059     2.041    -5.593                                 KURHFS 
  6177.291 607.01214     1.139    -2.096               7.724          0904Rb0245
  6177.304 106.00112     2.044    -6.278               3.464            AX36Q125
  6177.341 106.00112     2.044    -4.441               3.464            AX36P125
  6177.360 607.01214     1.139    -2.815               7.724          0904Qd0255
  6177.362 106.00113     1.942    -4.540               3.464            AX36P105
  6177.379 607.01314     0.988    -3.193               7.724          0904Rd0085
  6177.428      26.0     4.442     -3.55                                        
  6177.436      23.0     2.614     -1.37                               LAWNOHFS 
  6177.439 106.00113     1.391    -6.536               3.464            AX14Q095
  6177.441 607.01314     0.985    -3.194               7.724          0904Rd0075
  6177.442 106.00113     1.391    -5.041               3.464            AX14R095
  6177.484 106.00112     2.112    -4.337               3.464            AX25P205
  6177.493 607.01314     0.992    -3.199               7.724          0904Rd0095
  6177.529 607.01214     1.934    -3.131               7.724          1408Rc0015
  6177.531 106.00112     2.112    -6.705               3.464            AX25Q195
  6177.534 607.01214     1.934    -2.957               7.724          1408Qa0025
  6177.543      28.0     4.232     -2.14                                        
  6177.544 106.00112     2.044    -4.409               3.464            AX36P135
  6177.568 607.01214     1.933    -3.184               7.724          1408Rc0005
  6177.572 607.01214     1.933    -3.212               7.724          1408Qa0015
  6177.586   23.0051     1.080    -8.192                                 KURHFS 
  6177.591 106.00113     1.916    -4.650               3.464            AX36P085
  6177.600   23.0051     1.080    -8.333                                 KURHFS 
  6177.600   23.0051     1.080    -9.032                                 KURHFS 
  6177.612   23.0051     1.080    -8.497                                 KURHFS 
  6177.612   23.0051     1.080    -8.836                                 KURHFS 
  6177.612   23.0051     1.080   -10.146                                 KURHFS 
  6177.622   23.0051     1.080    -8.695                                 KURHFS 
  6177.622   23.0051     1.080    -8.782                                 KURHFS 
  6177.622   23.0051     1.080    -9.736                                 KURHFS 
  6177.622 106.00113     1.942    -6.167               3.464            AX36Q095
  6177.623 106.00113     1.552    -5.748               3.464            AX25Q035
  6177.631   23.0051     1.080    -8.804                                 KURHFS 
  6177.631   23.0051     1.080    -8.950                                 KURHFS 
  6177.631   23.0051     1.080    -9.514                                 KURHFS 
  6177.637   23.0051     1.080    -8.895                                 KURHFS 
  6177.637   23.0051     1.080    -9.338                                 KURHFS 
  6177.637   23.0051     1.080    -9.389                                 KURHFS 
  6177.639 607.01214     2.719    -3.133               7.724          1811Pd0235
  6177.641   23.0051     1.080    -9.083                                 KURHFS 
  6177.641   23.0051     1.080    -9.338                                 KURHFS 
  6177.643   23.0051     1.080    -9.368                                 KURHFS 
  6177.644 607.01314     2.590    -3.055               7.724          1811Rc0125
  6177.653 106.00113     1.892    -4.665               3.464            AX36P085
  6177.670 607.01314     2.590    -2.257               7.724          1811Qa0135
  6177.671      26.0     5.066     -4.22                                        
  6177.681 607.01314     0.982    -3.204               7.724          0904Rd0065
  6177.682 607.01214     1.972    -2.346               7.724          1408Ra0135
  6177.687 106.00112     2.112    -4.351               3.464            AX25P195
  6177.701 106.00113     1.892    -6.072               3.464            AX36Q075
  6177.712 607.01214     1.999    -2.277               7.724          1408Rb0165
  6177.725      20.0     5.574     -2.93                                        
  6177.734 106.00113     1.552    -5.742               3.464            AX25Q035
  6177.740 607.01214     1.935    -3.082               7.724          1408Rc0025
  6177.743 607.01314     2.571    -2.881               7.724          1811Qc0085
  6177.748 607.01214     1.935    -2.796               7.724          1408Qa0035
  6177.751 607.01314     2.571    -2.849               7.724          1811Pa0095
  6177.752 607.01214     1.999    -2.719               7.724          1408Qd0175
  6177.780 607.01214     1.379    -2.584               7.724          0500Qb0765
  6177.783 607.01314     0.996    -3.211               7.724          0904Rd0105
  6177.786 607.01314     3.187    -3.333               7.724          2214Qc0035
  6177.791 607.01214     2.773    -2.909               7.724          1811Qd0285
  6177.797 607.01314     2.646    -2.321               7.724          1811Rb0205
  6177.820 607.01314     3.187    -3.597               7.724          2214Pa0045
  6177.821 607.01314     2.608    -2.183               7.724          1811Qb0155
  6177.834 607.01214     1.294    -4.043               7.724          0601Rc0665
  6177.838 607.01314     2.646    -2.843               7.724          1811Qd0215
  6177.851 607.01314     2.608    -3.085               7.724          1811Pd0165
  6177.876 607.01314     1.795    -3.084               7.724          1307Pc0235
  6177.912 607.01214     2.719    -1.989               7.724          1811Qb0225
  6177.919 106.00113     1.552    -4.932               3.464            AX25R035
  6177.954      25.0     5.811     -2.11                                        
  6177.966 607.01214     1.948    -2.776               7.724          1408Pb0075
  6177.978 106.00113     1.916    -4.597               3.464            AX36P095
  6177.993 607.01214     1.379    -4.739               7.724          0500Pd0775
  6178.017 607.01214     1.294    -2.055               7.724          0601Qa0675
  6178.030 106.00113     1.552    -4.933               3.464            AX25R035
  6178.098 607.01314     0.979    -3.224               7.724          0904Rd0055
  6178.112 607.01214     3.293    -2.768               7.724          2214Pb0145
  6178.132 106.00113     1.391    -5.066               3.464            AX14R085
  6178.133 607.01314     1.008    -3.258               7.724          0803Rc0345
  6178.136 106.00113     1.916    -6.120               3.464            AX36Q085
  6178.145      26.1     3.228     -6.11                                        
  6178.159      22.0     3.578     -3.98                                        
  6178.166 106.00112     1.705    -6.458               3.464            BX14P165
  6178.202 607.01214     1.937    -3.043               7.724          1408Rc0035
  6178.204   21.1045     1.454    -3.263                                 KURHFS 
  6178.212 607.01214     1.937    -2.674               7.724          1408Qa0045
  6178.222   21.1045     1.454    -3.360                                 KURHFS 
  6178.225 607.01314     1.008    -1.773               7.724          0803Qa0355
  6178.233      24.1     4.411     -4.00                                        
  6178.235   21.1045     1.454    -3.485                                 KURHFS 
  6178.249 607.01314     1.001    -3.230               7.724          0904Rd0115
  6178.284      26.0     5.330     -3.99                                        
  6178.306 607.01214     2.073    -3.137               7.724          1408Rd0255
  6178.327 607.01214     3.338    -2.508               7.724          2214Ra0215
  6178.352 607.01214     2.773    -2.180               7.724          1811Rb0275
  6178.462 106.00113     1.391    -6.521               3.464            AX14Q095
  6178.466 106.00113     1.391    -5.041               3.464            AX14R095
  6178.508 607.01314     3.197    -3.301               7.724          2214Rc0075
  6178.509      26.0     5.353     -3.89                                        
  6178.516 607.01314     2.630    -2.327               7.724          1811Ra0195
  6178.573 607.01314     3.197    -2.723               7.724          2214Qa0085
  6178.578      60.0     1.772      0.80                                        
  6178.595 607.01214     2.761    -2.170               7.724          1811Ra0275
  6178.597 112.00124     0.821    -5.728               1.340           03R122b24
  6178.610 607.01314     3.186    -4.285               7.724          2214Pc0025
  6178.649      22.0     3.212     -3.15                                        
  6178.656 607.01314     3.243    -2.657               7.724          2214Rb0165
  6178.695 607.01314     0.977    -3.257               7.724          0904Rd0045
  6178.764      63.0     2.388      0.36                                        
  6178.765 607.01214     1.139    -3.169               7.724          0803Rc0405
  6178.789 607.01314     3.243    -3.040               7.724          2214Qd0175
  6178.861 106.00113     1.588    -7.748               3.464            AX03R195
  6178.875 607.01214     1.139    -1.720               7.724          0803Qa0415
  6178.889   23.0051     1.217    -4.656                                 KURHFS 
  6178.889   23.0051     1.217    -4.911                                 KURHFS 
  6178.889 607.01314     1.006    -3.254               7.724          0904Rd0125
  6178.892   23.0051     1.217    -4.457                                 KURHFS 
  6178.892   23.0051     1.217    -4.656                                 KURHFS 
  6178.892   23.0051     1.217    -6.564                                 KURHFS 
  6178.896   23.0051     1.217    -4.393                                 KURHFS 
  6178.896   23.0051     1.217    -4.457                                 KURHFS 
  6178.896   23.0051     1.217    -5.321                                 KURHFS 
  6178.902   23.0051     1.217    -4.393                                 KURHFS 
  6178.902   23.0051     1.217    -4.424                                 KURHFS 
  6178.902   23.0051     1.217    -4.604                                 KURHFS 
  6178.909   23.0051     1.217    -4.198                                 KURHFS 
  6178.909   23.0051     1.217    -4.424                                 KURHFS 
  6178.909   23.0051     1.217    -4.605                                 KURHFS 
  6178.912 607.01214     1.939    -3.013               7.724          1408Rc0045
  6178.918   23.0051     1.217    -3.906                                 KURHFS 
  6178.918   23.0051     1.217    -4.605                                 KURHFS 
  6178.922      20.0     5.581     -3.27                                        
  6178.925 607.01214     1.939    -2.574               7.724          1408Qa0055
  6178.932      15.0     8.125     -2.91                                        
  6178.972 607.01314     2.564    -3.408               7.724          1811Pc0065
  6178.979 607.01214     3.281    -3.057               7.724          2214Qc0125
  6179.003 106.00113     1.588    -4.981               3.464            AX03Q205
  6179.028 607.01214     1.484    -2.274               7.724          0601Ra0735
  6179.040 607.01214     3.281    -2.842               7.724          2214Pa0135
  6179.066 106.00112     1.841    -5.093               3.464            AX36P045
  6179.073 106.00113     1.588    -5.003               3.464            AX03Q195
  6179.100      24.1     6.479     -1.36                                        
  6179.119 607.01214     1.078    -1.962               7.724          0904Qb0185
  6179.127 607.01314     1.839    -2.748               7.724          1307Qc0275
  6179.168 607.01214     1.078    -3.035               7.724          0904Pd0195
  6179.193 607.01314     1.839    -2.067               7.724          1307Pa0285
  6179.213 607.01314     3.224    -2.692               7.724          2214Ra0145
  6179.216 106.00113     1.588    -7.238               3.464            AX03P205
  6179.235 607.01314     1.851    -2.058               7.724          1307Pb0285
  6179.298 106.00112     2.045    -6.301               3.464            AX36Q125
  6179.321      24.1     4.412     -4.55                                        
  6179.334 106.00112     2.045    -4.441               3.464            AX36P125
  6179.350   23.0051     2.129    -6.666                                 KURHFS 
  6179.350   23.0051     2.129    -6.733                                 KURHFS 
  6179.350   23.0051     2.129    -7.365                                 KURHFS 
  6179.355 106.00112     1.841    -5.909               3.464            AX36Q045
  6179.360   23.0051     2.129    -6.470                                 KURHFS 
  6179.360   23.0051     2.129    -6.470                                 KURHFS 
  6179.360   23.0051     2.129    -7.210                                 KURHFS 
  6179.375   23.0051     2.129    -6.266                                 KURHFS 
  6179.375   23.0051     2.129    -6.365                                 KURHFS 
  6179.375   23.0051     2.129    -7.210                                 KURHFS 
  6179.384      26.1     5.565     -2.60                                        
  6179.395   23.0051     2.129    -6.096                                 KURHFS 
  6179.395   23.0051     2.129    -6.318                                 KURHFS 
  6179.395   23.0051     2.129    -7.307                                 KURHFS 
  6179.409      62.0     1.808     -0.13                                        
  6179.417 106.00112     1.841    -5.092               3.464            AX36P045
  6179.419 106.00112     2.045    -4.410               3.464            AX36P135
  6179.421   23.0051     2.129    -5.950                                 KURHFS 
  6179.421   23.0051     2.129    -6.324                                 KURHFS 
  6179.421   23.0051     2.129    -7.511                                 KURHFS 
  6179.436      20.0     5.581     -5.36                                        
  6179.451   23.0051     2.129    -5.821                                 KURHFS 
  6179.451   23.0051     2.129    -6.397                                 KURHFS 
  6179.451   23.0051     2.129    -7.909                                 KURHFS 
  6179.471 607.01314     0.975    -3.308               7.724          0904Rd0035
  6179.485 607.01214     1.595    -2.800               7.724          0500Rb0825
  6179.487   23.0051     2.129    -5.705                                 KURHFS 
  6179.487   23.0051     2.129    -6.608                                 KURHFS 
  6179.487 607.01214     2.709    -1.991               7.724          1811Qa0225
  6179.488 607.01214     1.978    -2.314               7.724          1408Ra0145
  6179.527   23.0051     2.129    -5.600                                 KURHFS 
  6179.575 607.01314     3.189    -3.254               7.724          2214Qc0045
  6179.591      22.0     3.196     -3.08                                        
  6179.617 607.01314     3.189    -3.446               7.724          2214Pa0055
  6179.640      20.0     5.667     -5.50                                        
  6179.693 607.01214     1.028    -2.765               7.724          0904Qc0115
  6179.705 607.01314     1.012    -3.283               7.724          0904Rd0135
  6179.707 106.00112     1.841    -5.919               3.464            AX36Q045
  6179.715 607.01214     1.595    -4.443               7.724          0500Qd0835
  6179.716 607.01214     2.709    -3.112               7.724          1811Rc0215
  6179.729 607.01214     1.028    -2.549               7.724          0904Pa0125
  6179.750 607.01214     1.062    -2.993               7.724          0904Rc0165
  6179.789      26.0     5.269     -2.20                                        
  6179.799 607.01214     1.062    -1.992               7.724          0904Qa0175
  6179.830      62.1     1.261     -1.38                              Lawler06  
  6179.871 607.01214     1.942    -2.989               7.724          1408Rc0055
  6179.872 607.01214     1.128    -2.085               7.724          0904Ra0245
  6179.886 607.01214     1.942    -2.490               7.724          1408Qa0065
  6179.911 607.01214     1.967    -2.193               7.724          1408Qb0115
  6179.940 607.01214     1.967    -2.980               7.724          1408Pd0125
  6179.965 607.01214     1.013    -3.226               7.724          0904Pc0085
  6179.990      28.0     4.086     -1.97                                        
  6179.998      20.0     5.014     -5.50                                        
  6180.001 607.01214     2.675    -2.436               7.724          1811Pa0185
  6180.036 106.00112     1.842    -4.977               3.464            AX36P055
  6180.037 607.01314     2.590    -2.636               7.724          1811Pb0125
  6180.042 106.00112     1.289    -5.588               3.464            AX03R135
  6180.043 607.01314     3.205    -3.012               7.724          2214Pb0095
  6180.073 106.00112     1.542    -6.105               3.464            AX25R015
  6180.076 106.00112     1.542    -6.099               3.464            AX25R015
  6180.095 607.01214     2.675    -2.850               7.724          1811Qc0175
  6180.114 607.01314     3.219    -2.522               7.724          2214Qb0125
  6180.155      28.0     1.934     -4.67                                        
  6180.177      25.1     5.986     -6.57                                        
  6180.178      20.0     5.736     -4.99                                        
  6180.194 106.00112     1.289    -5.576               3.464            AX03R145
  6180.204      26.0     2.728     -2.65                              NIST/D+   
  6180.217 607.01314     3.219    -3.301               7.724          2214Pd0135
  6180.226 607.01214     1.379    -4.663               7.724          0500Rc0765
  6180.240 607.01214     1.934    -3.306               7.724          1408Qc0015
  6180.246 607.01214     1.934    -3.792               7.724          1408Pa0025
  6180.290   23.0051     0.069    -6.808                                 KURHFS 
  6180.290   23.0051     0.069    -7.004                                 KURHFS 
  6180.294      26.0     5.310     -2.42                                        
  6180.295   23.0051     0.069    -6.783                                 KURHFS 
  6180.295   23.0051     0.069    -6.794                                 KURHFS 
  6180.295   23.0051     0.069    -7.004                                 KURHFS 
  6180.303      22.0     3.407     -0.34                                        
  6180.304   23.0051     0.069    -6.656                                 KURHFS 
  6180.304   23.0051     0.069    -6.680                                 KURHFS 
  6180.304   23.0051     0.069    -6.783                                 KURHFS 
  6180.311 607.01214     2.654    -3.215               7.724          1811Pc0145
  6180.316   23.0051     0.069    -6.489                                 KURHFS 
  6180.316   23.0051     0.069    -6.637                                 KURHFS 
  6180.316   23.0051     0.069    -6.680                                 KURHFS 
  6180.323 106.00112     1.289    -7.336               3.464            AX03Q145
  6180.330      24.1     3.824     -7.24                                        
  6180.330   23.0051     0.069    -6.320                                 KURHFS 
  6180.330   23.0051     0.069    -6.637                                 KURHFS 
  6180.330   23.0051     0.069    -6.648                                 KURHFS 
  6180.338 106.00112     1.842    -4.977               3.464            AX36P055
  6180.347   23.0051     0.069    -6.161                                 KURHFS 
  6180.347   23.0051     0.069    -6.648                                 KURHFS 
  6180.347   23.0051     0.069    -6.725                                 KURHFS 
  6180.349 106.00113     2.801    -5.857               3.464            AX15R315
  6180.368   23.0051     0.069    -6.013                                 KURHFS 
  6180.368   23.0051     0.069    -6.725                                 KURHFS 
  6180.368   23.0051     0.069    -6.940                                 KURHFS 
  6180.391   23.0051     0.069    -5.877                                 KURHFS 
  6180.391   23.0051     0.069    -6.940                                 KURHFS 
  6180.395 607.01314     1.024    -1.773               7.724          0803Qb0355
  6180.397 607.01314     3.201    -3.290               7.724          2214Rc0085
  6180.421 607.01314     0.937    -2.969               7.724          0803Qc0295
  6180.428 607.01314     0.974    -3.384               7.724          0904Rd0025
  6180.430      64.1     1.725     -1.06                              DenHarto06
  6180.439 607.01214     1.379    -2.577               7.724          0500Qa0775
  6180.470 607.01314     3.201    -2.666               7.724          2214Qa0095
  6180.489 607.01314     1.024    -3.283               7.724          0803Pd0365
  6180.500 607.01314     0.937    -2.182               7.724          0803Pa0305
  6180.525      26.0     5.066     -2.69                                        
  6180.581 106.00113     1.636    -4.504               3.464            AX25Q075
  6180.586 607.01314     2.596    -3.056               7.724          1811Rc0135
  6180.616 607.01314     2.596    -2.220               7.724          1811Qa0145
  6180.618 607.01214     0.031    -3.902               7.724          0400Rd0115
  6180.620 106.00113     2.801    -5.890               3.464            AX15R305
  6180.620 607.01214     3.356    -2.504               7.724          2214Rb0225
  6180.628      22.0     3.177     -3.48                                        
  6180.651 106.00113     1.636    -6.244               3.464            AX25R075
  6180.654 106.00113     2.801    -7.932               3.464            AX15Q315
  6180.683 607.01214     0.037    -3.901               7.724          0400Rd0125
  6180.694 607.01314     1.018    -3.317               7.724          0904Rd0145
  6180.704 607.01314     2.717    -3.262               7.724          1811Rd0285
  6180.726 607.01214     3.356    -3.083               7.724          2214Qd0235
  6180.726 607.01314     2.575    -2.864               7.724          1811Qc0095
  6180.730 607.01214     0.026    -3.906               7.724          0400Rd0105
  6180.747 607.01314     2.575    -2.785               7.724          1811Pa0105
  6180.759 607.01214     2.007    -2.248               7.724          1408Rb0175
  6180.786 106.00113     1.606    -6.959               3.464            AX14R145
  6180.801 607.01214     2.007    -2.724               7.724          1408Qd0185
  6180.812 607.01214     3.306    -3.293               7.724          2214Rc0165
  6180.819      20.0     5.737     -5.07                                        
  6180.838      14.0     7.866     -2.99                                        
  6180.844 106.00112     2.010    -6.235               3.464            AX36Q115
  6180.858 106.00112     2.010    -4.482               3.464            AX36P115
  6180.891 607.01214     3.306    -2.341               7.724          2214Qa0175
  6180.900 106.00113     1.606    -4.559               3.464            AX14Q145
  6180.916      26.0     5.442     -2.55                                        
  6180.925 607.01214     0.043    -3.902               7.724          0400Rd0135
