a line list in the range:    6219.00   6231.00
  6219.030 106.00112     1.567    -5.915               3.464            AX25P045
  6219.064 106.00113     1.523    -4.614               3.464            AX14Q125
  6219.067 607.01314     1.958    -2.281               7.724          1408Rb0165
  6219.105 106.00113     2.858    -7.568               3.464            AX26Q295
  6219.107 607.01314     1.958    -2.702               7.724          1408Qd0175
  6219.118 607.01314     0.992    -2.837               7.724          0904Qc0085
  6219.123 106.00112     1.567    -4.744               3.464            AX25Q045
  6219.141      26.0     5.006     -2.08                                        
  6219.147 607.01314     0.992    -2.693               7.724          0904Pa0095
  6219.150 607.01314     1.018    -3.012               7.724          0904Rc0135
  6219.154      23.0     3.515     -4.12                                        
  6219.185 607.01314     1.018    -2.071               7.724          0904Qa0145
  6219.187      24.0     4.782     -0.63                                        
  6219.243      21.0     4.602     -3.04                                        
  6219.247 607.01214     1.163    -1.786               7.724          0904Qb0265
  6219.253 607.01314     2.030    -3.113               7.724          1408Rd0255
  6219.267 106.00113     1.523    -4.587               3.464            AX14Q135
  6219.281      26.0     2.198     -2.43                              NIST/B    
  6219.313      26.0     5.454     -2.71                                        
  6219.313 607.01214     0.021    -3.772               7.724          0400Rc0085
  6219.322 607.01214     1.163    -3.099               7.724          0904Pd0275
  6219.331 106.00112     1.567    -4.744               3.464            AX25Q045
  6219.339 607.01214     0.021    -3.088               7.724          0400Qa0095
  6219.340 106.00113     1.523    -6.580               3.464            AX14P135
  6219.341 106.00113     1.968    -7.556               3.464            AX03Q255
  6219.353 607.01214     1.062    -3.140               7.724          0904Pc0165
  6219.365 607.01314     2.608    -3.199               7.724          1811Pc0155
  6219.401 106.00113     1.968    -4.900               3.464            AX03P265
  6219.434 106.00112     2.055    -7.559               3.464            AX03Q265
  6219.518      24.0     4.798     -2.48                                        
  6219.526      26.0     3.414     -6.21                                        
  6219.534 607.01314     1.910    -2.780               7.724          1408Pb0075
  6219.565      26.1     2.842     -5.30                                        
  6219.565 106.00112     2.055    -4.868               3.464            AX03P275
  6219.569 607.01214     1.584    -2.263               7.724          0601Rb0755
  6219.581      26.0     5.341     -4.17                                        
  6219.591 607.01214     2.085    -2.044               7.724          1408Ra0265
  6219.599 607.01214     1.276    -2.948               7.724          0500Pb0735
  6219.623 106.00113     1.968    -4.927               3.464            AX03P255
  6219.654      14.0     4.129     -4.88                                        
  6219.669 106.00113     1.543    -5.536               3.464            AX25Q015
  6219.740 106.00113     1.543    -5.533               3.464            AX25Q015
  6219.758 106.00112     2.055    -4.893               3.464            AX03P265
  6219.760 607.01314     1.933    -2.350               7.724          1408Ra0135
  6219.779 607.01214     1.584    -3.838               7.724          0601Qd0765
  6219.789      23.0     3.281     -3.29                                        
  6219.836 607.01214     1.151    -3.064               7.724          0904Rc0255
  6219.862      23.0     2.614     -1.34                                        
  6219.865 607.01214     0.049    -2.903               7.724          0400Qb0135
  6219.897 607.01214     0.005    -3.796               7.724          0400Qc0035
  6219.902      22.0     3.332     -1.28                                        
  6219.902 607.01214     0.049    -3.812               7.724          0400Pd0145
  6219.906 607.01214     1.151    -1.787               7.724          0904Qa0265
  6219.910 607.01214     0.005    -4.028               7.724          0400Pa0045
  6219.928 607.01314     1.896    -3.130               7.724          1408Rc0015
  6219.932 607.01314     1.896    -2.960               7.724          1408Qa0025
  6219.940      22.1     2.060     -2.82                                        
  6219.975 607.01314     1.895    -3.184               7.724          1408Rc0005
  6219.979 106.00113     1.911    -6.565               3.464            AX25Q155
  6219.979 607.01314     1.895    -3.214               7.724          1408Qa0015
  6219.983 106.00113     1.911    -4.428               3.464            AX25P165
  6220.001      26.0     5.384     -3.98                                        
  6220.090 106.00113     1.911    -4.455               3.464            AX25P155
  6220.091 607.01214     1.121    -3.126               7.724          0803Qc0395
  6220.117 112.00124     0.905    -3.065               1.340           03R225b24
  6220.123 607.01314     1.897    -3.080               7.724          1408Rc0025
  6220.129 607.01314     1.897    -2.799               7.724          1408Qa0035
  6220.186 106.00112     1.291    -7.000               3.464            AX14R045
  6220.199 607.01214     1.121    -2.054               7.724          0803Pa0405
  6220.210 607.01214     0.089    -2.966               7.724          0400Ra0195
  6220.211      14.0     5.858     -1.83                                        
  6220.251      15.0     8.109     -1.33                                        
  6220.282      20.0     5.667     -4.76                                        
  6220.289 106.00113     1.341    -5.123               3.464            AX14R065
  6220.303 106.00113     1.543    -5.599               3.464            AX25R015
  6220.304 112.00124     0.905    -5.670               1.340           03Q125b24
  6220.330      27.0     5.357     -3.90                                        
  6220.343 607.01214     3.347    -2.559               7.724          2214Pb0215
  6220.348 106.00113     1.851    -6.808               3.464            AX36P055
  6220.372 607.01314     3.224    -3.422               7.724          2214Pc0135
  6220.373 106.00113     1.543    -5.603               3.464            AX25R015
  6220.403 106.00112     1.291    -6.985               3.464            AX14R045
  6220.474      22.0     2.675     -0.14                                        
  6220.558 607.01314     1.899    -3.040               7.724          1408Rc0035
  6220.566 607.01314     1.899    -2.678               7.724          1408Qa0045
  6220.570 607.01214     1.097    -2.793               7.724          0904Qc0205
  6220.628 607.01214     1.097    -2.236               7.724          0904Pa0215
  6220.644 607.01214     1.387    -4.055               7.724          0601Rc0695
  6220.687 607.01214     3.314    -3.415               7.724          2214Pc0175
  6220.773 607.01214     2.042    -1.875               7.724          1408Qb0215
  6220.780      26.0     3.879     -2.46                                        
  6220.794 112.00124     0.905    -3.050               1.340           03R125b24
  6220.826 607.01214     2.042    -3.013               7.724          1408Pd0225
  6220.838 607.01214     1.387    -2.034               7.724          0601Qa0705
  6220.844 106.00113     1.851    -6.825               3.464            AX36P055
  6220.847 106.00113     2.730    -5.893               3.464            AX15R305
  6220.858 106.00113     1.341    -6.425               3.464            AX14Q075
  6220.888      23.0     3.526     -4.01                                        
  6220.928 106.00113     1.341    -5.084               3.464            AX14R075
  6220.931 607.01214     2.785    -1.864               7.724          1811Qa0295
  6220.972 607.01214     0.026    -3.769               7.724          0400Rc0095
  6220.981      22.0     3.196     -2.86                                        
  6220.987 607.01314     1.012    -2.496               7.724          0904Pb0125
  6221.000 607.01214     0.026    -3.036               7.724          0400Qa0105
  6221.009 106.00113     1.341    -5.123               3.464            AX14R065
  6221.017      68.0     0.000     -1.20                                        
  6221.031 607.01214     0.247    -4.036               7.724          0400Rd0325
  6221.101 607.01214     1.992    -2.726               7.724          1408Qc0155
  6221.104 607.01214     1.379    -3.301               7.724          0904Rd0415
  6221.107 607.01314     1.082    -2.086               7.724          0904Ra0225
  6221.115 106.00113     2.730    -5.907               3.464            AX15R295
  6221.139 607.01214     1.992    -2.368               7.724          1408Pa0165
  6221.152 106.00113     2.730    -7.922               3.464            AX15Q305
  6221.187 106.00113     1.524    -6.880               3.464            AX14R125
  6221.201      20.0     4.735     -1.49                                        
  6221.207 607.01314     1.102    -2.090               7.724          0904Rb0235
  6221.217      27.0     4.471     -1.09                                        
  6221.220      23.0     1.063     -2.25                               LAWNOHFS 
  6221.232 607.01314     1.901    -3.008               7.724          1408Rc0045
  6221.243 607.01314     1.901    -2.579               7.724          1408Qa0055
  6221.258 607.01314     1.024    -2.102               7.724          0803Pb0355
  6221.260 106.00113     1.524    -4.614               3.464            AX14Q125
  6221.270 607.01314     1.102    -3.006               7.724          0904Qd0245
  6221.297      22.0     2.660     -0.47                                        
  6221.327 106.00113     1.524    -4.587               3.464            AX14Q135
  6221.329 607.01214     0.026    -3.443               7.724          0400Pb0095
  6221.340 607.01214     0.118    -2.934               7.724          0400Rb0215
  6221.352      26.0     5.980     -1.60                              PK15THEOR 
  6221.354 607.01314     1.927    -2.197               7.724          1408Qb0115
  6221.363 106.00113     2.859    -5.556               3.464            AX26R285
  6221.370      26.0     3.926     -3.15                                        
  6221.384 607.01314     1.927    -2.968               7.724          1408Pd0125
  6221.385 607.01314     0.985    -3.316               7.724          0904Pc0065
  6221.400 106.00113     1.524    -6.565               3.464            AX14P135
  6221.403 607.01214     0.118    -3.598               7.724          0400Qd0225
  6221.428 607.01214     0.003    -4.744               7.724          0400Pc0025
  6221.431      22.0     3.688     -1.34                                        
  6221.464 607.01314     2.646    -2.370               7.724          1811Pb0205
  6221.475 106.00113     1.543    -5.832               3.464            AX25P025
  6221.476 607.01314     1.938    -2.318               7.724          1408Ra0145
  6221.489 607.01214     3.338    -3.077               7.724          2214Qc0205
  6221.500 106.00113     1.341    -6.413               3.464            AX14Q075
  6221.509 106.00113     2.858    -5.523               3.464            AX26R295
  6221.521 106.00113     1.543    -5.830               3.464            AX25P025
  6221.529      26.0     5.385     -2.85                              PK15THEOR 
  6221.538      26.0     3.015     -7.50                                        
  6221.550 607.01314     3.243    -3.047               7.724          2214Qc0165
  6221.561   71.1175     1.540    -2.470                              Lawle09HFS
  6221.570 106.00113     1.341    -5.084               3.464            AX14R075
  6221.573 607.01214     2.785    -3.171               7.724          1811Rc0285
  6221.588 607.01214     3.338    -2.574               7.724          2214Pa0215
  6221.612 106.00112     1.915    -6.537               3.464            AX25Q155
  6221.672      26.0     0.858     -6.                                adj-5.42
  6221.673   71.1175     1.540    -1.770                              Lawle09HFS
  6221.673 607.01214     0.007    -3.722               7.724          0400Qc0045
  6221.685 607.01314     3.243    -2.701               7.724          2214Pa0175
  6221.686 607.01214     0.007    -3.876               7.724          0400Pa0055
  6221.717 106.00112     1.915    -4.454               3.464            AX25P155
  6221.746   71.1175     1.540    -2.030                              Lawle09HFS
  6221.810 106.00112     1.916    -4.427               3.464            AX25P165
  6221.820   71.1175     1.540    -1.280                              Lawle09HFS
  6221.822 106.00113     2.481    -8.100               3.464            AX03P325
  6221.827   71.1175     1.540    -1.660                              Lawle09HFS
  6221.846 607.01214     2.797    -3.191               7.724          1811Pd0305
  6221.847 607.01214     2.007    -2.313               7.724          1408Pb0175
  6221.865 106.00112     1.539    -5.004               3.464            AX03Q195
  6221.880 106.00112     1.539    -7.738               3.464            AX03R185
  6221.916 607.01314     1.039    -1.982               7.724          0904Qb0165
  6221.932 607.01314     2.684    -1.956               7.724          1811Qb0245
  6221.938   71.1175     1.540    -1.580                              Lawle09HFS
  6221.941      41.0     1.079     -1.55                                        
  6221.941 607.01314     1.024    -3.025               7.724          0904Rc0145
  6221.946   71.1175     1.540    -1.760                              Lawle09HFS
  6221.963 607.01314     0.996    -2.837               7.724          0904Qc0095
  6221.982 607.01314     2.684    -3.133               7.724          1811Pd0255
  6221.986 607.01314     0.996    -2.627               7.724          0904Pa0105
  6221.986 607.01314     1.024    -2.036               7.724          0904Qa0155
  6221.999 607.01314     1.966    -2.253               7.724          1408Rb0175
  6222.000   71.1175     1.540    -1.780                              Lawle09HFS
  6222.004 607.01214     1.972    -3.113               7.724          1408Pc0125
  6222.041 607.01314     1.966    -2.706               7.724          1408Qd0185
  6222.076 106.00112     1.539    -7.210               3.464            AX03P195
  6222.081   71.1175     1.540    -2.030                              Lawle09HFS
  6222.091 106.00112     1.539    -5.027               3.464            AX03Q185
  6222.109 106.00113     1.543    -5.146               3.464            AX25Q025
  6222.146 607.01314     1.903    -2.983               7.724          1408Rc0055
  6222.155 106.00113     1.543    -5.147               3.464            AX25Q025
  6222.159 607.01314     1.903    -2.495               7.724          1408Qa0065
  6222.185 607.01314     0.950    -3.335               7.724          0803Pc0305
  6222.251      23.1     3.800     -4.45                                        
  6222.296 607.01314     1.031    -3.192               7.724          0904Pd0165
  6222.312   27.0059     1.739    -6.310                                 KURHFS 
  6222.312   27.0059     1.739    -6.310                                 KURHFS 
  6222.312   27.0059     1.739    -6.611                                 KURHFS 
  6222.315      26.0     5.344     -3.40                                        
  6222.323   27.0059     1.739    -6.146                                 KURHFS 
  6222.323   27.0059     1.739    -6.172                                 KURHFS 
  6222.323   27.0059     1.739    -6.486                                 KURHFS 
  6222.330 607.01214     1.276    -4.455               7.724          0500Qc0735
  6222.337 106.00113     2.615    -4.025               3.464            AX52Q375
  6222.340   27.0059     1.739    -5.889                                 KURHFS 
  6222.340   27.0059     1.739    -6.138                                 KURHFS 
  6222.340   27.0059     1.739    -6.736                                 KURHFS 
  6222.363   27.0059     1.739    -5.673                                 KURHFS 
  6222.363   27.0059     1.739    -6.299                                 KURHFS 
  6222.363   27.0059     1.739    -7.164                                 KURHFS 
  6222.415 607.01214     1.584    -2.254               7.724          0601Ra0765
  6222.461   23.0051     2.357    -8.013                                 KURHFS 
  6222.473   23.0051     2.357    -8.013                                 KURHFS 
  6222.473   23.0051     2.357    -8.189                                 KURHFS 
  6222.491   23.0051     2.357    -7.849                                 KURHFS 
  6222.491   23.0051     2.357    -8.314                                 KURHFS 
  6222.491   23.0051     2.357    -8.439                                 KURHFS 
  6222.497      20.0     3.907     -1.96                                        
  6222.516   23.0051     2.357    -7.841                                 KURHFS 
  6222.516   23.0051     2.357    -7.875                                 KURHFS 
  6222.516   23.0051     2.357    -8.867                                 KURHFS 
  6222.537 607.01214     1.276    -2.942               7.724          0500Pa0745
  6222.546   23.0051     2.357    -7.592                                 KURHFS 
  6222.546   23.0051     2.357    -8.002                                 KURHFS 
  6222.567 607.01214     2.798    -1.863               7.724          1811Qb0295
  6222.576 607.01314     1.896    -3.305               7.724          1408Qc0015
  6222.578      39.0     0.000     -1.70                                        
  6222.582 607.01314     1.896    -3.795               7.724          1408Pa0025
  6222.583   23.0051     2.357    -7.376                                 KURHFS 
  6222.627 106.00112     1.555    -5.073               3.464            AX25Q025
  6222.673      23.0     3.222     -3.63                                        
  6222.682      14.0     5.949     -2.97                                        
  6222.745 607.01214     0.098    -2.943               7.724          0400Ra0205
  6222.745 607.01314     2.740    -2.157               7.724          1811Rb0295
  6222.759 607.01214     2.739    -2.262               7.724          1811Pa0255
  6222.764 607.01314     2.040    -3.121               7.724          1408Rd0265
  6222.777 106.00112     1.555    -5.072               3.464            AX25Q025
  6222.790      72.1     2.194     -2.34                              Lawler07  
  6222.805 607.01314     2.740    -2.910               7.724          1811Qd0305
  6222.849 607.01214     0.031    -3.768               7.724          0400Rc0105
  6222.850      20.0     5.449     -5.99                                        
  6222.881 607.01214     0.031    -2.988               7.724          0400Qa0115
  6222.884 607.01314     1.913    -2.711               7.724          1408Pb0085
  6222.892      20.0     3.907     -2.18                                        
  6222.917 607.01214     1.139    -2.058               7.724          0803Pb0405
  6222.928   23.0051     2.136    -4.948                                 KURHFS 
  6222.928   23.0051     2.136    -5.400                                 KURHFS 
  6222.928   23.0051     2.136    -6.400                                 KURHFS 
  6222.946   23.0051     2.136    -4.830                                 KURHFS 
  6222.946   23.0051     2.136    -5.189                                 KURHFS 
  6222.946   23.0051     2.136    -6.193                                 KURHFS 
  6222.970   23.0051     2.136    -4.712                                 KURHFS 
  6222.970   23.0051     2.136    -5.093                                 KURHFS 
  6222.970   23.0051     2.136    -6.165                                 KURHFS 
  6222.998 607.01314     2.728    -2.147               7.724          1811Ra0295
  6223.000   23.0051     2.136    -4.600                                 KURHFS 
  6223.000   23.0051     2.136    -5.057                                 KURHFS 
  6223.000   23.0051     2.136    -6.245                                 KURHFS 
  6223.025 607.01214     0.056    -2.866               7.724          0400Qb0145
  6223.036   23.0051     2.136    -4.496                                 KURHFS 
  6223.036   23.0051     2.136    -5.073                                 KURHFS 
  6223.036   23.0051     2.136    -6.437                                 KURHFS 
  6223.049   23.0051     2.267    -6.438                                 KURHFS 
  6223.051 106.00112     1.555    -5.771               3.464            AX25R025
  6223.055   23.0051     2.267    -6.158                                 KURHFS 
  6223.055   23.0051     2.267    -6.438                                 KURHFS 
  6223.055   23.0051     2.267    -7.459                                 KURHFS 
  6223.068   23.0051     2.267    -6.020                                 KURHFS 
  6223.068   23.0051     2.267    -6.158                                 KURHFS 
  6223.068   23.0051     2.267    -6.760                                 KURHFS 
  6223.069 607.01214     0.056    -3.815               7.724          0400Pd0155
  6223.074      20.0     3.907     -2.66                                        
  6223.076 607.01214     1.051    -3.351               7.724          0803Pc0355
  6223.078   23.0051     2.136    -4.400                                 KURHFS 
  6223.078   23.0051     2.136    -5.155                                 KURHFS 
  6223.078   23.0051     2.136    -6.826                                 KURHFS 
  6223.088   23.0051     2.267    -5.954                                 KURHFS 
  6223.088   23.0051     2.267    -6.020                                 KURHFS 
  6223.088   23.0051     2.267    -6.313                                 KURHFS 
  6223.099      26.0     5.368     -4.10                                        
  6223.115   23.0051     2.267    -5.947                                 KURHFS 
  6223.115   23.0051     2.267    -5.954                                 KURHFS 
  6223.115   23.0051     2.267    -5.982                                 KURHFS 
  6223.126   23.0051     2.136    -4.310                                 KURHFS 
  6223.126   23.0051     2.136    -5.373                                 KURHFS 
  6223.138 607.01214     2.739    -2.896               7.724          1811Qc0245
  6223.148   23.0051     2.267    -5.719                                 KURHFS 
  6223.148   23.0051     2.267    -5.947                                 KURHFS 
  6223.148   23.0051     2.267    -6.012                                 KURHFS 
  6223.156 607.01214     1.245    -1.944               7.724          0904Ra0335
  6223.179   23.0051     2.136    -4.226                                 KURHFS 
  6223.188   23.0051     2.267    -5.500                                 KURHFS 
  6223.188   23.0051     2.267    -6.012                                 KURHFS 
  6223.188   23.0051     2.267    -6.216                                 KURHFS 
  6223.191 607.01314     3.273    -3.313               7.724          2214Rc0205
  6223.202 106.00112     1.555    -5.776               3.464            AX25R025
  6223.235   23.0051     2.267    -5.313                                 KURHFS 
  6223.235   23.0051     2.267    -6.216                                 KURHFS 
  6223.258      58.0     0.159     -1.61                                        
  6223.273 607.01314     2.674    -3.114               7.724          1811Rc0235
  6223.296 607.01314     1.906    -2.965               7.724          1408Rc0065
  6223.314 607.01314     1.906    -2.422               7.724          1408Qa0075
  6223.317      22.0     3.332     -2.37                                        
  6223.321 607.01314     2.674    -1.958               7.724          1811Qa0245
  6223.337 607.01214     2.750    -2.252               7.724          1811Pb0255
  6223.363 607.01214     2.108    -2.038               7.724          1408Rb0275
  6223.370 607.01214     2.033    -2.984               7.724          1408Rc0205
  6223.390      60.0     1.623      0.64                                        
  6223.390 607.01214     1.113    -4.801               7.724          0500Pc0685
  6223.420 607.01214     2.033    -1.877               7.724          1408Qa0215
  6223.421 607.01314     1.945    -2.288               7.724          1408Ra0155
  6223.430 607.01214     2.108    -2.793               7.724          1408Qd0285
  6223.433 607.01314     3.257    -2.648               7.724          2214Pb0185
  6223.486      22.0     2.248     -3.62                                        
  6223.679 607.01214     0.010    -3.671               7.724          0400Qc0055
  6223.694 607.01214     0.010    -3.756               7.724          0400Pa0065
  6223.697      24.0     4.821     -2.20                                        
  6223.715      29.0     6.942     -1.33                                        
  6223.832 607.01314     1.897    -3.096               7.724          1408Qc0025
  6223.832 607.01314     1.897    -3.445               7.724          1408Pa0035
  6223.833 607.01214     1.260    -1.951               7.724          0904Rb0335
  6223.861 106.00113     1.970    -6.981               3.464            AX14Q215
  6223.871 607.01214     3.376    -3.355               7.724          2214Rc0245
  6223.876 106.00112     1.556    -5.861               3.464            AX25P035
  6223.922 607.01214     1.260    -2.887               7.724          0904Qd0345
  6223.942 106.00113     2.750    -2.702               3.464            AX53Q365
  6223.984      28.0     4.102     -0.91                              Wood14    
  6223.984 106.00113     1.970    -4.526               3.464            AX14P225
  6223.987 607.01214     3.376    -2.159               7.724          2214Qa0255
  6223.989 607.01214     1.947    -4.783               7.724          0500Rd0925
  6223.990      21.1     7.375     -1.03                                        
  6223.992 106.00112     1.556    -5.857               3.464            AX25P035
  6224.049 607.01214     3.386    -2.158               7.724          2214Qb0255
  6224.075      25.0     4.885     -3.82                                        
  6224.075 106.00113     1.970    -4.546               3.464            AX14P215
  6224.079 607.01314     2.638    -2.846               7.724          1811Qc0195
  6224.082      26.0     5.310     -1.32                                        
  6224.120 607.01314     2.638    -2.387               7.724          1811Pa0205
  6224.161      24.1     4.411     -5.34                                        
  6224.207 607.01214     0.005    -4.443               7.724          0400Pc0035
  6224.208      26.0     4.730     -3.47                                        
  6224.216   23.0051     0.262    -4.492                                 KURHFS 
  6224.226   23.0051     0.262    -4.346                                 KURHFS 
  6224.234   23.0051     0.262    -4.367                                 KURHFS 
  6224.241   23.0051     0.262    -4.025                                 KURHFS 
  6224.245      22.0     3.212     -3.35                                        
  6224.254   23.0051     0.262    -4.346                                 KURHFS 
  6224.265   23.0051     0.262    -4.823                                 KURHFS 
  6224.301 106.00112     1.556    -4.889               3.464            AX25Q035
  6224.377 607.01314     1.933    -2.154               7.724          1408Qb0125
  6224.409 607.01314     1.933    -2.964               7.724          1408Pd0135
  6224.417 106.00112     1.556    -4.890               3.464            AX25Q035
  6224.465   23.0051     0.286    -3.816                                 KURHFS 
  6224.468   23.0051     0.286    -3.536                                 KURHFS 
  6224.470   23.0051     0.286    -4.837                                 KURHFS 
  6224.471   23.0051     0.286    -3.816                                 KURHFS 
  6224.473 607.01214     2.096    -2.027               7.724          1408Ra0275
  6224.475   23.0051     0.286    -3.398                                 KURHFS 
  6224.478   23.0051     0.286    -4.138                                 KURHFS 
  6224.480   23.0051     0.286    -3.536                                 KURHFS 
  6224.486   23.0051     0.286    -3.332                                 KURHFS 
  6224.490   23.0051     0.286    -3.691                                 KURHFS 
  6224.493   23.0051     0.286    -3.398                                 KURHFS 
  6224.497 607.01314     1.092    -2.067               7.724          0904Ra0235
  6224.501   23.0051     0.286    -3.325                                 KURHFS 
  6224.502      25.0     4.885     -3.55                                        
  6224.506   23.0051     0.286    -3.360                                 KURHFS 
  6224.510   23.0051     0.286    -3.332                                 KURHFS 
  6224.511   25.0055     2.280   -10.368                                 KURHFS 
  6224.518   25.0055     2.280   -10.046                                 KURHFS 
  6224.518   25.0055     2.280   -10.414                                 KURHFS 
  6224.520   23.0051     0.286    -3.390                                 KURHFS 
  6224.526   23.0051     0.286    -3.097                                 KURHFS 
  6224.527      90.0     0.355     -2.49                                        
  6224.531   23.0051     0.286    -3.325                                 KURHFS 
  6224.533   25.0055     2.280    -9.891                                 KURHFS 
  6224.533   25.0055     2.280   -10.222                                 KURHFS 
  6224.533   25.0055     2.280   -10.590                                 KURHFS 
  6224.543   23.0051     0.286    -3.594                                 KURHFS 
  6224.550   23.0051     0.286    -2.878                                 KURHFS 
  6224.555   23.0051     0.286    -3.390                                 KURHFS 
  6224.555   25.0055     2.280    -9.812                                 KURHFS 
  6224.555   25.0055     2.280    -9.870                                 KURHFS 
  6224.555   25.0055     2.280   -10.970                                 KURHFS 
  6224.577   23.0051     0.286    -2.691                                 KURHFS 
  6224.584   23.0051     0.286    -3.594                                 KURHFS 
  6224.584   25.0055     2.280    -9.539                                 KURHFS 
  6224.584   25.0055     2.280   -10.016                                 KURHFS 
  6224.622   25.0055     2.280    -9.327                                 KURHFS 
  6224.659 106.00112     1.916    -6.565               3.464            AX25Q155
  6224.662 607.01214     1.238    -1.666               7.724          0803Qb0455
  6224.683 607.01314     1.910    -2.951               7.724          1408Rc0075
  6224.702 106.00112     1.916    -4.427               3.464            AX25P165
  6224.703 607.01314     1.910    -2.357               7.724          1408Qa0085
  6224.730 106.00112     2.872    -5.523               3.464            AX26R295
  6224.730 607.01214     0.129    -2.912               7.724          0400Rb0225
  6224.732 607.01214     1.117    -2.198               7.724          0904Pb0225
  6224.764 106.00112     1.916    -4.454               3.464            AX25P155
  6224.771 112.00124     0.769    -5.679               1.340           03R120b24
  6224.783 607.01214     0.129    -3.606               7.724          0400Qd0235
  6224.787 607.01214     1.238    -3.492               7.724          0803Pd0465
  6224.850      23.1     2.599     -2.72                                        
  6224.876      24.0     3.844     -2.85                                        
  6224.906 607.01314     0.988    -3.265               7.724          0904Pc0075
  6224.918 106.00112     2.872    -7.568               3.464            AX26Q295
  6224.940 112.00124     1.281    -2.453               1.340           03P236b24
  6224.945 607.01214     0.037    -3.769               7.724          0400Rc0115
  6224.948 607.01314     1.031    -3.040               7.724          0904Rc0155
  6224.975 607.01214     1.238    -3.084               7.724          0803Rc0455
  6224.979 607.01214     0.037    -2.945               7.724          0400Qa0125
  6224.990 607.01314     1.031    -2.003               7.724          0904Qa0165
  6224.998      15.0     7.959     -1.57                                        
  6225.009      26.0     5.082     -3.07                                        
  6225.029 607.01314     1.001    -2.843               7.724          0904Qc0105
  6225.063 607.01314     1.001    -2.568               7.724          0904Pa0115
  6225.072 607.01214     0.031    -3.388               7.724          0400Pb0105
  6225.087 607.01214     0.262    -4.043               7.724          0400Rd0335
  6225.095      24.1     6.277     -3.70                                        
  6225.100 607.01214     1.238    -1.674               7.724          0803Qa0465
  6225.100 607.01314     2.615    -3.196               7.724          1811Pc0165
  6225.132 106.00112     2.872    -5.555               3.464            AX26R285
  6225.137      23.0     3.264     -3.40                                        
  6225.137      26.0     3.544     -7.02                                        
  6225.139 607.01314     1.018    -2.453               7.724          0904Pb0135
  6225.139 607.01314     1.974    -2.226               7.724          1408Rb0185
  6225.152      22.0     2.479     -4.61                                        
  6225.183 607.01314     1.974    -2.711               7.724          1408Qd0195
  6225.187      26.0     5.269     -3.66                                        
  6225.207      44.0     1.418     -1.99                                        
  6225.213 607.01214     1.175    -1.768               7.724          0904Qb0275
  6225.215 106.00112     2.872    -7.761               3.464            AX25P315
  6225.219 106.00112     1.528    -6.863               3.464            AX14R125
  6225.220 607.01314     1.864    -3.108               7.724          1307Pc0295
  6225.262 607.01314     1.113    -2.070               7.724          0904Rb0245
  6225.269      25.0     4.341     -4.22                                        
  6225.291 607.01214     1.175    -3.108               7.724          0904Pd0285
  6225.295 106.00112     1.528    -4.613               3.464            AX14Q125
  6225.326 607.01214     1.070    -3.141               7.724          0904Pc0175
  6225.328 607.01314     1.113    -3.040               7.724          0904Qd0255
  6225.335 607.01314     1.899    -2.980               7.724          1408Qc0035
  6225.335 607.01314     1.899    -3.235               7.724          1408Pa0045
  6225.377 112.00124     1.281    -5.297               1.340           03Q236b24
  6225.397      58.1     1.893     -1.40                              Lawler09  
  6225.406 607.01214     1.163    -3.072               7.724          0904Rc0265
  6225.447      24.1     3.861     -4.53                                        
  6225.484 607.01214     0.108    -2.921               7.724          0400Ra0215
  6225.484 607.01214     1.163    -1.769               7.724          0904Qa0275
  6225.510 106.00112     1.528    -4.586               3.464            AX14Q135
  6225.516 607.01214     1.234    -2.415               7.724          0601Pb0645
  6225.552      20.0     5.014     -4.25                                        
  6225.587 106.00112     1.528    -6.579               3.464            AX14P135
  6225.591 112.00124     1.281    -2.440               1.340           03P136b24
  6225.594 607.01314     1.951    -2.259               7.724          1408Ra0165
  6225.630 607.01214     2.709    -3.221               7.724          1811Pc0215
  6225.760 607.01314     3.230    -3.414               7.724          2214Pc0145
  6225.776      26.0     6.401     -2.01                              PK15THEOR 
  6225.857 106.00112     1.547    -5.535               3.464            AX25Q015
  6225.866 607.01214     1.999    -2.729               7.724          1408Qc0165
  6225.907 607.01214     1.999    -2.334               7.724          1408Pa0175
  6225.914 607.01214     0.013    -3.634               7.724          0400Qc0065
  6225.928 106.00112     1.547    -5.532               3.464            AX25Q015
  6225.933 607.01214     0.013    -3.658               7.724          0400Pa0075
  6225.986   23.0051     2.267    -7.112                                 KURHFS 
  6225.993   23.0051     2.267    -6.827                                 KURHFS 
  6225.993   23.0051     2.267    -7.082                                 KURHFS 
  6226.005      26.0     5.066     -3.95                                        
  6226.006   23.0051     2.267    -6.639                                 KURHFS 
  6226.006   23.0051     2.267    -7.082                                 KURHFS 
  6226.006   23.0051     2.267    -7.133                                 KURHFS 
  6226.022 106.00112     2.770    -8.131               3.464            AX03P355
  6226.026   23.0051     2.267    -6.548                                 KURHFS 
  6226.026   23.0051     2.267    -6.694                                 KURHFS 
  6226.026   23.0051     2.267    -7.258                                 KURHFS 
  6226.053   23.0051     2.267    -6.439                                 KURHFS 
  6226.053   23.0051     2.267    -6.526                                 KURHFS 
  6226.053   23.0051     2.267    -7.480                                 KURHFS 
  6226.066 607.01214     2.052    -1.853               7.724          1408Qb0225
  6226.086   23.0051     2.267    -6.241                                 KURHFS 
  6226.086   23.0051     2.267    -6.580                                 KURHFS 
  6226.086   23.0051     2.267    -7.890                                 KURHFS 
  6226.121 607.01214     2.052    -3.020               7.724          1408Pd0235
  6226.126   23.0051     2.267    -6.077                                 KURHFS 
  6226.126   23.0051     2.267    -6.776                                 KURHFS 
  6226.162      26.0     5.389     -1.14                                        
  6226.171 607.01314     1.039    -3.226               7.724          0904Pd0175
  6226.172   23.0051     2.267    -5.936                                 KURHFS 
  6226.250      26.0     3.639     -4.93                                        
  6226.250 607.01214     1.107    -2.801               7.724          0904Qc0215
  6226.304      23.1     2.554     -2.55                                        
  6226.306 607.01314     1.913    -2.941               7.724          1408Rc0085
  6226.309 607.01214     1.107    -2.211               7.724          0904Pa0225
  6226.320 106.00113     1.867    -6.507               3.464            AX25Q145
  6226.329 607.01314     1.913    -2.300               7.724          1408Qa0095
  6226.369 607.01214     0.064    -2.831               7.724          0400Qb0155
  6226.372 106.00113     2.616    -2.668               3.464            AX52R365
  6226.414 607.01314     1.024    -3.022               7.724          0803Qc0355
  6226.415 607.01214     0.064    -3.819               7.724          0400Pd0165
  6226.424 106.00113     1.867    -4.490               3.464            AX25P145
  6226.434 607.01314     1.918    -2.650               7.724          1408Pb0095
  6226.442      26.0     6.010     -1.97                              PK15THEOR 
  6226.482 607.01314     1.897    -3.931               7.724          1408Pc0025
  6226.490 607.01314     2.052    -3.129               7.724          1408Rd0275
  6226.491      60.0     1.090     -0.10                                        
  6226.497 106.00112     1.547    -5.598               3.464            AX25R015
  6226.507 106.00113     1.867    -4.459               3.464            AX25P155
  6226.510 607.01314     1.024    -2.094               7.724          0803Pa0365
  6226.511      20.0     5.295     -5.88                                        
  6226.568      25.1     6.124     -6.54                                        
  6226.569 106.00112     1.547    -5.602               3.464            AX25R015
  6226.599      24.0     3.963     -3.36                                        
  6226.638      24.1     4.753     -2.98                                        
  6226.642      23.0     3.236     -2.40                                        
  6226.653      62.0     0.282     -1.64                                        
  6226.733      22.0     3.321     -4.11                                        
  6226.734      26.0     3.881     -2.22                                        
  6226.747 607.01314     3.250    -3.050               7.724          2214Qc0175
  6226.789      23.0     2.573     -5.63                                        
  6226.826 607.01214     1.485    -2.564               7.724          0500Qb0795
  6226.854 106.00112     2.058    -4.868               3.464            AX03P275
  6226.891 607.01314     3.250    -2.669               7.724          2214Pa0185
  6226.899 106.00112     1.344    -5.122               3.464            AX14R065
  6226.973 106.00113     1.365    -8.966               3.464            BX04R085
  6226.990 106.00112     2.058    -7.603               3.464            AX03Q265
  6227.051 607.01214     1.485    -4.749               7.724          0500Pd0805
  6227.076 607.01314     1.901    -2.903               7.724          1408Qc0045
  6227.076 607.01314     1.901    -3.084               7.724          1408Pa0055
  6227.158 607.01214     1.978    -3.104               7.724          1408Pc0135
  6227.175      20.0     5.296     -6.07                                        
  6227.176 106.00112     2.450    -6.915               3.464            AX50P405
  6227.220 607.01214     0.007    -4.283               7.724          0400Pc0045
  6227.256 607.01214     0.043    -3.771               7.724          0400Rc0125
  6227.294 607.01214     0.043    -2.905               7.724          0400Qa0135
  6227.317 106.00112     2.058    -4.893               3.464            AX03P265
  6227.327 106.00112     2.450    -7.612               3.464            AX50Q395
  6227.414 607.01214     3.356    -2.536               7.724          2214Pb0225
  6227.418 607.01214     2.015    -2.283               7.724          1408Pb0185
  6227.429 607.01214     3.321    -3.416               7.724          2214Pc0185
  6227.439       5.0     6.023     -2.56                                        
  6227.449 106.00112     1.529    -6.879               3.464            AX14R125
  6227.480 106.00112     1.345    -6.424               3.464            AX14Q075
  6227.488      26.0     5.454     -4.02                                        
  6227.504      26.0     5.316     -3.62                                        
  6227.525 106.00112     1.529    -4.613               3.464            AX14Q125
  6227.549 106.00112     1.345    -5.083               3.464            AX14R075
  6227.560 106.00112     2.740    -7.678               3.464            AX14P325
  6227.597 106.00112     1.529    -4.586               3.464            AX14Q135
  6227.602 607.01314     1.938    -2.114               7.724          1408Qb0135
  6227.604 106.00113     2.752     0.213               3.464            AX53R355
  6227.630 106.00112     1.345    -5.122               3.464            AX14R065
  6227.634 607.01314     1.938    -2.962               7.724          1408Pd0145
  6227.658 607.01314     2.655    -2.345               7.724          1811Pb0215
  6227.662 607.01214     1.397    -3.308               7.724          0904Rd0425
  6227.665 106.00113     1.077    -8.010               3.464            AX03R085
  6227.673 106.00112     1.529    -6.564               3.464            AX14P135
  6227.682 607.01214     2.797    -1.849               7.724          1811Qa0305
  6227.704 106.00112     1.547    -5.831               3.464            AX25P025
  6227.708      76.0     4.049     -0.08                                        
  6227.752 106.00112     1.547    -5.829               3.464            AX25P025
  6227.752 106.00112     1.976    -6.981               3.464            AX14Q215
  6227.752 106.00112     2.450    -7.773               3.464            AX50P395
  6227.790      23.0     1.891     -4.80                                        
  6227.877 607.01214     1.092    -4.160               7.724          0601Pc0595
  6227.901 106.00112     1.976    -4.525               3.464            AX14P225
  6227.907      26.0     5.082     -3.13                                        
  6227.947      22.0     2.290     -7.89                                        
  6227.971 106.00112     1.976    -4.546               3.464            AX14P215
  6227.976 607.01314     2.695    -1.937               7.724          1811Qb0255
  6227.993 607.01314     1.958    -2.233               7.724          1408Ra0175
  6228.029 607.01314     2.695    -3.141               7.724          1811Pd0265
  6228.048 607.01214     3.347    -3.084               7.724          2214Qc0215
  6228.085      71.1     3.643     -0.81                                        
  6228.117 607.01314     1.102    -2.048               7.724          0904Ra0245
  6228.128 106.00112     1.345    -6.412               3.464            AX14Q075
  6228.131       5.0     6.023     -2.30                                        
  6228.131       5.0     6.023     -3.26                                        
  6228.143      23.0     3.265     -3.80                                        
  6228.151 607.01214     3.347    -2.549               7.724          2214Pa0225
  6228.164 607.01314     1.918    -2.934               7.724          1408Rc0095
  6228.169 607.01314     1.039    -3.057               7.724          0904Rc0165
  6228.187 607.01314     1.918    -2.248               7.724          1408Qa0105
  6228.189 607.01214     2.042    -2.992               7.724          1408Rc0215
  6228.198 106.00112     1.345    -5.084               3.464            AX14R075
  6228.217 607.01314     1.039    -1.972               7.724          0904Qa0175
  6228.233      58.0     0.000     -1.77                                        
  6228.241 607.01214     2.042    -1.855               7.724          1408Qa0225
  6228.286 607.01214     0.140    -2.891               7.724          0400Rb0235
  6228.321 607.01314     1.006    -2.855               7.724          0904Qc0115
  6228.335 106.00113     1.971    -4.900               3.464            AX03P265
  6228.345 106.00112     1.547    -5.145               3.464            AX25Q025
  6228.354 607.01314     1.006    -2.514               7.724          0904Pa0125
  6228.358 607.01214     0.140    -3.615               7.724          0400Qd0245
  6228.376 607.01214     0.017    -3.608               7.724          0400Qc0075
  6228.393 106.00112     1.547    -5.146               3.464            AX25Q025
  6228.398 607.01214     0.017    -3.575               7.724          0400Pa0085
  6228.405 607.01214     2.798    -3.180               7.724          1811Rc0295
  6228.412      26.0     4.309     -4.37                                        
  6228.442 607.01214     0.118    -2.900               7.724          0400Ra0225
  6228.453 106.00113     2.732    -5.893               3.464            AX15R305
  6228.488 607.01314     1.982    -2.201               7.724          1408Rb0195
  6228.532 106.00113     1.971    -7.598               3.464            AX03Q255
  6228.535 607.01314     1.982    -2.716               7.724          1408Qd0205
  6228.544 106.00113     1.078    -7.983               3.464            AX03R085
  6228.565 607.01214     1.234    -3.829               7.724          0601Qc0645
  6228.601      23.1     2.555     -3.30                                        
  6228.635 106.00113     1.800    -4.955               3.464            BX04R185
  6228.648      24.0     5.751     -3.80                                        
  6228.656 607.01314     0.992    -3.229               7.724          0904Pc0085
  6228.730 607.01214     2.089    -3.958               7.724          0903Pc0765
  6228.746 607.01214     1.234    -2.409               7.724          0601Pa0655
  6228.758 106.00113     2.732    -7.876               3.464            AX15Q305
  6228.794 106.00113     1.800    -8.975               3.464            BX04Q195
  6228.815 106.00113     1.971    -4.927               3.464            AX03P255
  6228.823      20.0     5.736     -4.57                                        
  6228.864      24.0     6.044     -3.51                                        
  6228.869 607.01214     2.121    -2.021               7.724          1408Rb0285
  6228.874 607.01314     2.684    -3.122               7.724          1811Rc0245
  6228.921 607.01214     1.833    -4.202               7.724          0601Rd0835
  6228.924 607.01314     2.684    -1.939               7.724          1811Qa0255
  6228.938 607.01214     2.121    -2.801               7.724          1408Qd0295
  6228.953 106.00113     1.800    -4.742               3.464            BX04R195
  6228.991 106.00113     2.732    -5.907               3.464            AX15R295
  6228.995 607.01214     0.037    -3.338               7.724          0400Pb0115
  6229.022 106.00113     1.868    -6.533               3.464            AX25Q145
  6229.043 607.01314     1.899    -3.626               7.724          1408Pc0035
  6229.055 607.01314     1.903    -2.848               7.724          1408Qc0055
  6229.055 607.01314     1.903    -2.965               7.724          1408Pa0065
  6229.056 106.00113     1.868    -4.460               3.464            AX25P155
  6229.080 607.01214     1.260    -1.931               7.724          0904Ra0345
  6229.093 106.00113     1.972    -4.526               3.464            AX14P225
  6229.103 106.00113     1.748    -5.152               3.464            BX04R175
  6229.114      22.0     1.878     -4.09                                        
  6229.114 106.00113     1.868    -4.490               3.464            AX25P145
  6229.163      24.0     4.782     -3.43                                        
  6229.178 607.01214     1.709    -2.781               7.724          0500Rb0855
  6229.184 106.00113     1.972    -7.018               3.464            AX14Q215
  6229.198 106.00113     2.817    -7.734               3.464            AX14P335
  6229.228      26.0     2.845     -2.81                              NIST/D+   
  6229.240 607.01214     1.485    -4.670               7.724          0500Rc0795
  6229.276 106.00113     1.748    -9.155               3.464            BX04Q185
  6229.288      24.0     4.851     -2.11                                        
  6229.344 607.01214     0.278    -4.051               7.724          0400Rd0345
  6229.349      26.1     2.826     -4.82                                        
  6229.397 106.00113     1.972    -4.546               3.464            AX14P215
  6229.420      75.0     3.575     -0.45                                        
  6229.420 607.01214     1.709    -4.448               7.724          0500Qd0865
  6229.433 106.00113     1.748    -4.954               3.464            BX04R185
  6229.435      25.1     6.135     -6.49                                        
  6229.448 607.01314     3.265    -2.620               7.724          2214Pb0195
  6229.455      26.1     5.952     -4.34                                        
  6229.465 607.01214     1.485    -2.557               7.724          0500Qa0805
  6229.474      20.0     5.737     -4.26                                        
  6229.481 607.01314     1.024    -2.414               7.724          0904Pb0145
  6229.553 607.01314     1.124    -2.051               7.724          0904Rb0255
  6229.594 607.01214     2.108    -2.012               7.724          1408Ra0285
  6229.621 607.01314     1.124    -3.077               7.724          0904Qd0265
  6229.733 607.01214     2.810    -1.848               7.724          1811Qb0305
  6229.742      26.0     4.648     -4.01                                        
  6229.767 607.01314     2.646    -2.851               7.724          1811Qc0205
  6229.781 607.01214     0.049    -3.775               7.724          0400Rc0135
  6229.792      24.0     4.189     -3.25                                        
  6229.804 607.01314     1.040    -2.088               7.724          0803Pb0365
  6229.807 607.01214     2.750    -2.243               7.724          1811Pa0265
  6229.809 607.01314     2.646    -2.361               7.724          1811Pa0215
  6229.820      24.0     3.119     -5.85                                        
  6229.823 607.01214     0.049    -2.868               7.724          0400Qa0145
  6229.878      23.0     4.279     -3.33                                        
  6229.898 607.01214     0.072    -2.800               7.724          0400Qb0165
  6229.947 607.01214     0.072    -3.824               7.724          0400Pd0175
  6229.981 106.00112     1.858    -6.807               3.464            AX36P055
  6230.087 607.01214     1.276    -1.938               7.724          0904Rb0345
  6230.090      28.0     4.102     -1.26                                        
  6230.171 607.01314     1.922    -2.595               7.724          1408Pb0105
  6230.179 607.01314     1.046    -1.951               7.724          0904Qb0175
  6230.181 607.01214     1.276    -2.894               7.724          0904Qd0355
  6230.207 607.01214     1.139    -3.140               7.724          0803Qc0405
  6230.224      24.0     4.172     -3.98                                        
  6230.227 607.01314     1.046    -3.265               7.724          0904Pd0185
  6230.245 607.01214     2.750    -2.905               7.724          1811Qc0255
  6230.255 607.01314     1.922    -2.930               7.724          1408Rc0105
  6230.282 607.01314     1.922    -2.200               7.724          1408Qa0115
  6230.319 607.01214     1.139    -2.042               7.724          0803Pa0415
  6230.392      24.0     3.842     -4.05                                        
  6230.432 607.01314     2.063    -3.137               7.724          1408Rd0285
  6230.433      23.0     2.893     -0.30                                        
  6230.449 106.00112     1.755    -6.439               3.464            BX14P175
  6230.468 607.01214     0.010    -4.180               7.724          0400Pc0055
  6230.479 106.00112     1.858    -6.824               3.464            AX36P055
  6230.488 607.01214     3.386    -3.365               7.724          2214Rc0255
  6230.495      63.0     1.943     -0.93                                        
  6230.509      26.0     5.616     -2.10                              PK15THEOR 
  6230.563      20.0     4.740     -1.34                                        
  6230.592      14.0     7.882     -2.86                                        
  6230.621 607.01314     1.966    -2.208               7.724          1408Ra0185
  6230.723      26.0     2.559     -1.28                              NIST/B    
  6230.772 607.01314     0.964    -3.345               7.724          0803Pc0315
  6230.798      23.0     0.267     -1.37                               LAWNOHFS 
  6230.854 607.01214     2.762    -2.233               7.724          1811Pb0265
  6230.860      72.1     2.341     -1.93                              Lawler07  
  6230.876 607.01214     2.007    -2.733               7.724          1408Qc0175
  6230.919 607.01214     2.007    -2.303               7.724          1408Pa0185
  6230.928      68.0     1.473     -0.53                                        
  6230.936   27.0059     1.784    -2.954                                 KURHFS 
  6230.969      25.1     6.489     -5.13                                        
  6230.981   27.0059     1.784    -3.275                                 KURHFS 
  6230.990      27.0     1.784     -2.47                                LAWNHFS 
