a line list in the range:    6729.00   6741.00
  6729.069 607.01214     0.864    -2.118               7.724          0703Pb0215
  6729.207 607.01214     1.145    -4.147               7.724          0400Rc0695
  6729.219      24.0     5.924     -1.39                                        
  6729.286      14.0     6.074     -3.37                                        
  6729.352 607.01214     1.856    -2.778               7.724          1207Qc0255
  6729.428 607.01214     1.856    -2.085               7.724          1207Pa0265
  6729.428 607.01314     0.793    -2.869               7.724          0703Rc0155
  6729.438 607.01214     1.145    -2.111               7.724          0400Qa0705
  6729.468 607.01214     1.868    -2.075               7.724          1207Pb0265
  6729.477 607.01314     0.793    -1.918               7.724          0703Qa0165
  6729.525 106.00113     2.389    -4.925               3.464            AX26Q205
  6729.561      76.0     1.886     -2.23                                        
  6729.575      58.0     0.466     -1.13                                        
  6729.625 106.00113     2.389    -4.922               3.464            AX26Q215
  6729.626 607.01214     3.376    -2.521               7.724          2114Qb0245
  6729.640 607.01314     0.865    -1.982               7.724          0703Ra0245
  6729.717 607.01314     0.785    -1.998               7.724          0602Pb0355
  6729.734      24.0     4.385     -0.71                                        
  6729.742      24.1     6.280     -3.22                                        
  6729.762 607.01214     3.376    -3.694               7.724          2114Pd0255
  6729.763 607.01214     0.791    -3.308               7.724          0602Pc0345
  6729.850      20.0     5.870     -3.68                                        
  6729.862 607.01214     0.961    -3.911               7.724          0400Qc0635
  6729.879 607.01314     2.571    -3.086               7.724          1711Qc0085
  6729.897 607.01214     3.329    -3.416               7.724          2114Qc0195
  6729.901 607.01314     2.571    -3.048               7.724          1711Pa0095
  6729.953 607.01214     3.306    -3.744               7.724          2114Pc0165
  6730.007 607.01214     3.329    -2.929               7.724          2114Pa0205
  6730.073 607.01214     0.961    -2.490               7.724          0400Pa0645
  6730.091      21.0     5.055     -1.87                                        
  6730.100      22.0     1.442     -6.15                                        
  6730.108 607.01314     0.780    -2.363               7.724          0703Pb0135
  6730.211 607.01314     0.887    -1.974               7.724          0703Rb0255
  6730.217 607.01214     0.795    -3.672               7.724          0501Pc0475
  6730.245 607.01314     0.811    -3.291               7.724          0501Qc0495
  6730.268 607.01314     0.951    -3.552               7.724          0501Rc0555
  6730.291      26.0     4.909     -1.46                                        
  6730.292 607.01314     0.887    -2.702               7.724          0703Qd0265
  6730.353 607.01214     2.156    -1.346               7.724          0904Qb0715
  6730.403 607.01314     0.811    -2.094               7.724          0501Pa0505
  6730.408 106.00113     2.792    -9.889               3.464            AX16R285
  6730.444 607.01314     0.951    -1.712               7.724          0501Qa0565
  6730.453      44.0     2.006     -1.93                                        
  6730.480 607.01214     3.366    -3.700               7.724          2114Rc0235
  6730.530      24.1     7.380     -3.89                                        
  6730.573 607.01214     2.156    -3.411               7.724          0904Pd0725
  6730.611 607.01214     3.366    -2.524               7.724          2114Qa0245
  6730.696 607.01214     2.700    -2.207               7.724          1711Qa0215
  6730.732      64.0     0.124     -1.58                                        
  6730.826 607.01314     0.817    -1.858               7.724          0703Qb0185
  6730.835 607.01314     2.655    -2.513               7.724          1711Rb0215
  6730.886 607.01314     0.817    -2.911               7.724          0703Pd0195
  6730.887 607.01314     2.655    -3.060               7.724          1711Qd0225
  6730.921 607.01214     2.700    -3.295               7.724          1711Rc0205
  6730.921 607.01314     0.763    -2.653               7.724          0703Qc0105
  6730.934      28.0     5.493     -3.56                                        
  6730.959 607.01314     0.763    -2.496               7.724          0703Pa0115
  6731.147   25.0055     3.370    -5.192                                 KURHFS 
  6731.147   25.0055     3.370    -5.970                                 KURHFS 
  6731.154   25.0055     3.370    -5.455                                 KURHFS 
  6731.154   25.0055     3.370    -5.807                                 KURHFS 
  6731.154   25.0055     3.370    -5.970                                 KURHFS 
  6731.157 106.00113     2.389    -7.683               3.464            AX26R205
  6731.159   25.0055     3.370    -5.786                                 KURHFS 
  6731.159   25.0055     3.370    -5.802                                 KURHFS 
  6731.159   25.0055     3.370    -5.807                                 KURHFS 
  6731.163   25.0055     3.370    -5.802                                 KURHFS 
  6731.163   25.0055     3.370    -5.904                                 KURHFS 
  6731.163   25.0055     3.370    -6.233                                 KURHFS 
  6731.166   25.0055     3.370    -5.904                                 KURHFS 
  6731.166   25.0055     3.370    -6.166                                 KURHFS 
  6731.166   25.0055     3.370    -6.932                                 KURHFS 
  6731.168   25.0055     3.370    -6.166                                 KURHFS 
  6731.174      23.0     2.860     -2.75                                        
  6731.181      26.0     5.474     -3.46                                        
  6731.227 607.01214     1.264    -1.929               7.724          0501Rb0655
  6731.244      20.0     5.827     -4.65                                        
  6731.253 607.01214     2.773    -3.090               7.724          1711Qd0285
  6731.265 607.01214     0.878    -2.998               7.724          0602Qc0395
  6731.321      26.0     4.581     -3.79                                        
  6731.354 607.01314     1.775    -2.187               7.724          1207Pb0215
  6731.363 106.00112     2.060    -5.859               3.464            AX15R195
  6731.395 607.01214     0.878    -1.950               7.724          0602Pa0405
  6731.406 607.01314     0.750    -3.150               7.724          0703Pc0075
  6731.445 607.01214     1.264    -3.395               7.724          0501Qd0665
  6731.592      26.1     7.133     -4.02                                        
  6731.604 106.00112     2.060    -7.671               3.464            AX15Q195
  6731.637 106.00112     2.060    -5.849               3.464            AX15R185
  6731.666 607.01314     2.638    -2.518               7.724          1711Ra0205
  6731.676 607.01314     2.564    -3.609               7.724          1711Pc0065
  6731.703 607.01214     0.854    -2.689               7.724          0703Qc0205
  6731.771 607.01214     0.854    -2.135               7.724          0703Pa0215
  6731.810      62.1     1.165     -0.74                              Lawler06  
  6731.894 607.01314     2.590    -2.835               7.724          1711Pb0125
  6731.899      20.0     5.877     -3.23                                        
  6731.919 607.01214     2.773    -2.388               7.724          1711Rb0275
  6731.986 607.01314     3.224    -3.773               7.724          2114Pc0135
  6732.039      23.0     1.892     -2.10                               LAWNOHFS 
  6732.065      26.0     4.581     -2.21                                        
  6732.122      26.0     5.533     -3.27                                        
  6732.137 607.01314     2.596    -3.266               7.724          1711Rc0135
  6732.164 607.01214     0.819    -3.046               7.724          0703Pc0165
  6732.171 607.01314     2.596    -2.423               7.724          1711Qa0145
  6732.203 607.01314     1.038    -2.116               7.724          0400Qb0675
  6732.227 607.01314     0.705    -3.607               7.724          0501Pc0445
  6732.420 607.01314     1.038    -4.155               7.724          0400Pd0685
  6732.422 607.01314     3.243    -3.409               7.724          2114Qc0165
  6732.429      25.1     6.900     -4.37                                        
  6732.472      15.0     8.109     -2.01                                        
  6732.506 607.01214     1.154    -1.779               7.724          0602Rb0525
  6732.580 607.01314     3.243    -3.049               7.724          2114Pa0175
  6732.605 607.01214     1.177    -3.214               7.724          0703Rd0435
  6732.648 607.01314     1.733    -3.067               7.724          1207Pc0165
  6732.676 607.01214     1.154    -3.071               7.724          0602Qd0535
  6732.717 607.01314     3.273    -3.686               7.724          2114Rc0205
  6732.769      57.1     2.739     -1.28                                        
  6732.786 607.01214     2.761    -2.375               7.724          1711Ra0275
  6732.787 106.00113     1.749    -8.554               3.464            BX04P175
  6732.846 607.01314     2.615    -2.355               7.724          1711Qb0165
  6732.869 607.01214     1.019    -1.834               7.724          0703Ra0345
  6732.871      20.0     5.792     -3.32                                        
  6732.886 607.01314     2.615    -3.290               7.724          1711Pd0175
  6732.926 607.01214     0.996    -3.271               7.724          0602Rc0455
  6732.929 607.01314     0.801    -2.874               7.724          0703Rc0165
  6732.934 106.00112     1.666    -5.587               3.464            BX15P085
  6732.942 607.01314     0.866    -2.494               7.724          0400Pb0615
  6732.959      20.0     5.828     -5.00                                        
  6732.983      22.0     3.567     -2.24                                        
  6732.985 607.01314     0.801    -1.888               7.724          0703Qa0175
  6733.017 106.00112     1.666    -9.005               3.464            BX15Q085
  6733.074 607.01214     0.996    -1.557               7.724          0602Qa0465
  6733.136 607.01214     2.668    -2.653               7.724          1711Pa0175
  6733.150      26.0     4.635     -1.58                                        
  6733.177 607.01214     2.719    -3.322               7.724          1711Pd0235
  6733.206      24.0     5.924     -2.47                                        
  6733.217      58.1     1.960     -1.53                                        
  6733.220 607.01214     2.668    -3.038               7.724          1711Qc0165
  6733.275 607.01314     2.575    -3.069               7.724          1711Qc0095
  6733.299 607.01314     2.575    -2.984               7.724          1711Pa0105
  6733.314      25.0     3.768     -5.27                                        
  6733.481      23.0     4.582     -2.91                                        
  6733.500 106.00112     1.666    -5.475               3.464            BX15P095
  6733.501 607.01214     2.719    -2.183               7.724          1711Qb0225
  6733.547 607.01214     2.156    -3.378               7.724          0904Rc0715
  6733.552      15.0     8.099     -2.01                                        
  6733.613      23.0     4.255     -1.77                                        
  6733.613      26.0     5.610     -3.43                                        
  6733.634 607.01314     0.876    -1.964               7.724          0703Ra0255
  6733.663 607.01214     0.934    -1.668               7.724          0703Qb0275
  6733.719 607.01314     0.710    -3.237               7.724          0602Pc0305
  6733.734 607.01214     1.633    -4.300               7.724          0400Rd0845
  6733.743      28.0     3.462     -3.90                                        
  6733.749      90.0     1.760     -1.32                                        
  6733.753 607.01214     0.934    -2.999               7.724          0703Pd0285
  6733.767 607.01214     2.156    -1.340               7.724          0904Qa0725
  6733.946      42.0     1.335     -1.69                              NIST/C+   
  6733.953 607.01314     3.257    -2.998               7.724          2114Pb0185
  6734.000 607.01214     1.035    -1.837               7.724          0703Rb0345
  6734.048      62.1     1.374     -1.40                                        
  6734.063 607.01214     2.647    -3.403               7.724          1711Pc0135
  6734.081      22.0     0.835     -7.50                                        
  6734.112 607.01214     1.035    -2.849               7.724          0703Qd0355
  6734.114      24.0     5.267     -1.09                                        
  6734.200 106.00113     2.111    -7.144               3.464            AX26Q155
  6734.202      24.0     4.189     -1.24                                        
  6734.367 607.01314     1.766    -2.722               7.724          1207Qc0205
  6734.426 607.01314     1.766    -2.202               7.724          1207Pa0215
  6734.576 607.01214     0.921    -2.997               7.724          0703Rc0265
  6734.583 607.01214     1.379    -2.338               7.724          0400Rb0765
  6734.605 607.01314     0.768    -2.646               7.724          0703Qc0115
  6734.646 607.01314     0.768    -2.445               7.724          0703Pa0125
  6734.663 607.01214     0.921    -1.667               7.724          0703Qa0275
  6734.830      62.1     1.492     -0.80                              Lawler06  
  6734.836 607.01214     1.379    -3.935               7.724          0400Qd0775
  6734.867 607.01214     1.264    -1.919               7.724          0501Ra0665
  6734.875 106.00112     2.806    -9.889               3.464            AX16R285
  6734.878 607.01314     0.899    -1.956               7.724          0703Rb0265
  6734.894 607.01214     2.683    -2.603               7.724          1711Pb0185
  6734.898 106.00113     2.111    -5.411               3.464            AX26R145
  6734.917 106.00112     2.398    -7.655               3.464            AX26R205
  6734.962 607.01314     0.899    -2.710               7.724          0703Qd0275
  6735.011 607.01214     3.347    -2.890               7.724          2114Pb0215
  6735.037      14.0     6.120     -2.01                                        
  6735.041 607.01314     0.786    -2.324               7.724          0703Pb0145
  6735.047 106.00112     2.398    -4.920               3.464            AX26Q215
  6735.124 106.00112     2.398    -4.923               3.464            AX26Q205
  6735.254 106.00112     2.398    -7.130               3.464            AX26P215
  6735.350      62.1     1.303     -1.35                              Lawler06  
  6735.366 106.00113     2.111    -5.418               3.464            AX26R155
  6735.367 106.00113     2.160    -5.639               3.464            BX14R255
  6735.373 607.01314     2.551    -3.323               7.724          1610Pc0315
  6735.385 607.01314     0.826    -1.831               7.724          0703Qb0195
  6735.433 607.01314     1.038    -4.099               7.724          0400Rc0675
  6735.447 607.01314     0.826    -2.918               7.724          0703Pd0205
  6735.523      22.0     2.331     -2.84                                        
  6735.533 607.01314     2.664    -2.493               7.724          1711Rb0225
  6735.587 607.01314     2.646    -2.498               7.724          1711Ra0215
  6735.587 607.01314     2.664    -3.067               7.724          1711Qd0235
  6735.650 607.01314     1.038    -2.109               7.724          0400Qa0685
  6735.674 607.01314     2.602    -3.269               7.724          1711Rc0145
  6735.679      26.0     4.442     -4.43                                        
  6735.689 607.01214     0.819    -4.241               7.724          0400Pc0585
  6735.708 607.01314     0.754    -3.110               7.724          0703Pc0085
  6735.710 607.01314     2.602    -2.389               7.724          1711Qa0155
  6735.718 607.01314     2.568    -3.553               7.724          1711Pc0075
  6735.720      22.0     3.348     -2.65                                        
  6735.791      71.0     2.531     -0.96                                        
  6735.804 607.01314     0.785    -2.928               7.724          0602Qc0355
  6735.846 106.00113     2.817    -8.469               3.464            AX04Q335
  6735.916 607.01314     0.785    -1.990               7.724          0602Pa0365
  6735.917 607.01214     0.875    -2.095               7.724          0703Pb0225
  6735.929 106.00113     2.817    -5.564               3.464            AX04P345
  6735.944      20.0     5.870     -4.53                                        
  6735.967      39.0     2.404     -0.55                                        
  6735.974      20.0     5.802     -4.08                                        
  6736.008      23.0     4.583     -2.00                                        
  6736.063 607.01214     2.004    -1.703               7.724          0904Pb0665
  6736.067      66.0     1.488     -1.47                                        
  6736.129 607.01214     1.862    -3.445               7.724          0904Pc0615
  6736.167      15.0     8.125     -3.96                                        
  6736.219      24.0     4.437     -4.10                                        
  6736.239 607.01214     2.709    -2.186               7.724          1711Qa0225
  6736.255 106.00113     2.817    -5.585               3.464            AX04P335
  6736.336   23.0051     2.377    -2.699                                 KURHFS 
  6736.336   23.0051     2.377    -3.110                                 KURHFS 
  6736.353   23.0051     2.377    -2.996                                 KURHFS 
  6736.353   23.0051     2.377    -3.110                                 KURHFS 
  6736.353   23.0051     2.377    -3.315                                 KURHFS 
  6736.366   23.0051     2.377    -2.996                                 KURHFS 
  6736.366   23.0051     2.377    -3.121                                 KURHFS 
  6736.376   23.0051     2.377    -3.121                                 KURHFS 
  6736.376   23.0051     2.377    -3.297                                 KURHFS 
  6736.379 106.00113     1.689    -5.476               3.464            BX15P095
  6736.475 106.00113     1.689    -8.918               3.464            BX15Q095
  6736.498 106.00113     3.002    -7.495               3.464            AX05R345
  6736.512 607.01214     2.709    -3.303               7.724          1711Rc0215
  6736.533      26.0     4.291     -2.23                                        
  6736.630      21.0     4.963     -3.34                                        
  6736.646      20.0     4.551     -2.84                                        
  6736.674 607.01314     0.809    -2.881               7.724          0703Rc0175
  6736.701 607.01314     0.866    -3.856               7.724          0400Qc0615
  6736.710      22.0     1.886     -5.28                                        
  6736.722 106.00112     2.733   -10.775               3.464            AX05R305
  6736.729 607.01314     0.809    -1.859               7.724          0703Qa0185
  6736.733 607.01214     0.896    -1.947               7.724          0602Pb0405
  6736.777 607.01214     1.154    -1.768               7.724          0602Ra0535
  6736.782      26.0     5.442     -2.27                                        
  6736.785      59.0     1.464      0.10                                        
  6736.805      92.0     0.000     -2.64                                        
  6736.872 106.00113     1.689    -5.361               3.464            BX15P105
  6736.885      25.0     3.769     -5.89                                        
  6736.899 607.01214     3.338    -3.423               7.724          2114Qc0205
  6736.899 607.01314     0.866    -2.487               7.724          0400Pa0625
  6736.915 607.01314     2.596    -2.793               7.724          1711Pb0135
  6736.948 607.01314     2.580    -3.056               7.724          1711Qc0105
  6736.974 607.01314     2.580    -2.927               7.724          1711Pa0115
  6736.979 607.01214     1.823    -3.103               7.724          1207Pc0225
  6736.981      26.0     5.519     -2.90                                        
  6736.984      23.1     3.970     -3.09                                        
  6737.015 607.01214     3.338    -2.904               7.724          2114Pa0215
  6737.085 106.00113     2.112    -7.119               3.464            AX26Q155
  6737.103 607.01214     3.386    -2.504               7.724          2114Qb0255
  6737.167      20.0     5.878     -5.68                                        
  6737.228 607.01214     1.868    -2.787               7.724          1207Qc0265
  6737.239 607.01214     3.314    -3.744               7.724          2114Pc0175
  6737.268      26.0     3.263     -4.21                                        
  6737.307 607.01214     1.868    -2.066               7.724          1207Pa0275
  6737.326      26.0     5.616     -2.32                                        
  6737.366      21.0     4.043     -2.80                                        
  6737.366      21.0     4.043     -2.80                                 KURHFS 
  6737.386 607.01214     2.785    -3.098               7.724          1711Qd0295
  6737.397 607.01214     0.935    -2.080               7.724          0501Pb0535
  6737.435 607.01214     3.376    -3.710               7.724          2114Rc0245
  6737.571 607.01214     3.376    -2.506               7.724          2114Qa0255
  6737.572 607.01314     2.622    -2.326               7.724          1711Qb0175
  6737.588 106.00113     2.793    -4.936               3.464            AX26P275
  6737.615 607.01314     2.622    -3.294               7.724          1711Pd0185
  6737.648 106.00112     1.978    -7.853               3.464            AX26R115
  6737.756 106.00113     2.792    -4.937               3.464            AX26P285
  6737.760      60.1     1.599     -0.67                              DenHarto03
  6737.817 607.01214     1.880    -2.057               7.724          1207Pb0275
  6737.818      24.0     4.093     -2.72                                        
  6737.845 607.01214     1.379    -2.329               7.724          0400Ra0775
  6737.861 607.01314     0.887    -1.946               7.724          0703Ra0265
  6737.938 607.01214     2.242    -2.809               7.724          0500Pb0985
  6737.945 106.00113     2.112    -5.411               3.464            AX26R145
  6737.985      26.0     4.555     -1.75                                        
  6737.994 607.01214     0.864    -2.696               7.724          0703Qc0215
  6738.017 106.00113     2.794    -9.817               3.464            AX16R285
  6738.066 607.01214     0.864    -2.110               7.724          0703Pa0225
  6738.077 607.01314     3.230    -3.765               7.724          2114Pc0145
  6738.139 607.01214     2.785    -2.373               7.724          1711Rb0285
  6738.200 607.01314     1.785    -2.164               7.724          1207Pb0225
  6738.201 607.01314     0.833    -2.092               7.724          0501Pb0505
  6738.206      26.0     5.344     -3.55                                        
  6738.228 607.01314     3.250    -3.413               7.724          2114Qc0175
  6738.253 106.00113     2.112    -5.419               3.464            AX26R155
  6738.284 607.01214     1.361    -3.474               7.724          0602Rd0615
  6738.308      22.0     4.222     -2.92                                        
  6738.356      26.0     5.503     -4.14                                        
  6738.369      24.1     6.681     -2.79                                        
  6738.392      38.1     0.000     -6.71                                        
  6738.396 607.01314     3.250    -3.018               7.724          2114Pa0185
  6738.488 607.01214     1.092    -1.701               7.724          0501Qb0595
  6738.531 607.01214     2.773    -2.361               7.724          1711Ra0285
  6738.538 607.01314     0.774    -2.642               7.724          0703Qc0125
  6738.545 106.00112     2.039    -7.002               3.464            BX14P235
  6738.578 607.01314     0.774    -2.398               7.724          0703Pa0135
  6738.597      23.0     4.228     -3.52                                        
  6738.644      26.0     5.809     -2.56                                        
  6738.655 106.00112     2.039    -2.882               3.464            BX14Q225
  6738.688 607.01214     1.092    -3.656               7.724          0501Pd0605
  6738.757      24.0     5.267     -0.41                                        
  6738.775 106.00112     2.039    -2.786               3.464            BX14Q235
  6738.831 607.01314     0.976    -1.712               7.724          0501Qb0565
  6738.886 106.00112     2.039    -6.622               3.464            BX14R225
  6738.936 607.01214     0.827    -3.049               7.724          0703Pc0175
  6738.942 607.01214     2.675    -2.621               7.724          1711Pa0185
  6738.962 607.01214     2.181    -2.257               7.724          0601Pb0915
  6739.011      22.0     2.332     -1.88                                        
  6739.011 607.01314     0.976    -3.600               7.724          0501Pd0575
  6739.055 607.01214     2.675    -3.043               7.724          1711Qc0175
  6739.219 607.01214     1.018    -1.557               7.724          0602Qb0465
  6739.241 607.01314     0.801    -1.985               7.724          0602Pb0365
  6739.241 607.01314     1.741    -3.067               7.724          1207Pc0175
  6739.264      22.1     3.121     -5.18                                        
  6739.285 106.00112     1.979    -7.819               3.464            AX26R115
  6739.324 607.01214     1.035    -1.821               7.724          0703Ra0355
  6739.371 607.01214     1.018    -3.311               7.724          0602Pd0475
  6739.419      21.0     4.494     -3.59                                        
  6739.452      24.0     5.270     -0.93                                        
  6739.470 607.01214     2.729    -3.329               7.724          1711Pd0245
  6739.481 607.01314     2.608    -3.274               7.724          1711Rc0155
  6739.493      14.0     5.959     -1.86                                        
  6739.504 607.01214     2.004    -3.125               7.724          0904Qc0665
  6739.519 607.01314     2.608    -2.358               7.724          1711Qa0165
  6739.522      26.0     1.557     -4.79                              NIST/C    
  6739.633      28.0     5.477     -2.32                                        
  6739.655      25.0     3.769     -4.98                                        
  6739.660      24.1     4.294     -6.14                                        
  6739.710 607.01214     2.004    -1.697               7.724          0904Pa0675
  6739.766 607.01314     0.911    -1.939               7.724          0703Rb0275
  6739.773 607.01314     2.655    -2.479               7.724          1711Ra0225
  6739.847      24.0     5.902     -2.63                                        
  6739.852 607.01214     2.729    -2.162               7.724          1711Qb0235
  6739.853 607.01314     0.911    -2.719               7.724          0703Qd0285
  6739.878      41.0     1.042     -1.48                                        
  6739.966 106.00113     2.793    -7.564               3.464            AX26Q275
  6739.975 607.01214     1.197    -3.222               7.724          0703Rd0445
  6740.042 607.01314     2.571    -3.511               7.724          1711Pc0085
  6740.078      60.1     0.064     -2.10                                        
  6740.117      68.1     2.340     -2.16                              Lawler08  
  6740.143 106.00112     2.399    -4.921               3.464            AX26Q215
  6740.149 607.01314     0.835    -1.806               7.724          0703Qb0205
  6740.181 607.01314     0.793    -2.288               7.724          0703Pb0155
  6740.221 607.01314     0.835    -2.925               7.724          0703Pd0215
  6740.231 106.00112     2.399    -7.682               3.464            AX26R205
  6740.249      24.0     5.924     -3.23                                        
  6740.259 607.01314     0.758    -3.081               7.724          0703Pc0095
  6740.294 607.01214     2.654    -3.396               7.724          1711Pc0145
  6740.350 106.00112     2.399    -7.105               3.464            AX26P215
  6740.423 607.01214     0.947    -1.651               7.724          0703Qb0285
  6740.439 106.00112     2.399    -4.923               3.464            AX26Q205
  6740.480 607.01314     2.674    -2.474               7.724          1711Rb0235
  6740.515      20.0     5.879     -7.89                                        
  6740.516 607.01214     0.947    -3.008               7.724          0703Pd0295
  6740.531 607.01214     2.242    -4.507               7.724          0500Qc0985
  6740.537      21.0     5.058     -1.99                                        
  6740.537 607.01314     2.674    -3.074               7.724          1711Qd0245
  6740.648 607.01314     0.817    -2.888               7.724          0703Rc0185
  6740.665 607.01314     1.775    -2.729               7.724          1207Qc0215
  6740.676 607.01314     3.265    -2.971               7.724          2114Pb0195
  6740.705      73.0     1.654     -1.39                                        
  6740.708 607.01314     0.817    -1.833               7.724          0703Qa0195
  6740.727 607.01314     1.775    -2.178               7.724          1207Pa0225
  6740.768 607.01214     0.808    -3.317               7.724          0602Pc0355
  6740.855 607.01214     2.242    -2.803               7.724          0500Pa0995
  6740.876 607.01214     1.051    -1.824               7.724          0703Rb0355
  6740.898 607.01314     2.585    -3.048               7.724          1711Qc0115
  6740.906 607.01214     0.934    -3.009               7.724          0703Rc0275
  6740.926 607.01314     2.585    -2.875               7.724          1711Pa0125
  6740.941      25.1     6.900     -2.34                                        
  6740.991 607.01214     1.051    -2.861               7.724          0703Qd0365
  6740.996 607.01214     0.934    -1.650               7.724          0703Qa0285
