a line list in the range:    6609.00   6621.00
  6609.032      74.0     1.915     -2.53                                        
  6609.035 607.01314     0.786    -2.181               7.724          0400Qb0585
  6609.085       6.0     8.841     -3.46                                        
  6609.110      26.0     2.559     -2.69                              NIST/C+   
  6609.217 607.01314     0.786    -4.105               7.724          0400Pd0595
  6609.234      26.1     7.123     -3.02                                        
  6609.243 607.01314     0.624    -3.059               7.724          0602Rc0235
  6609.252      20.0     5.736     -5.85                                        
  6609.255      25.1     6.860     -2.05                                        
  6609.262 607.01314     0.512    -3.522               7.724          0501Pc0335
  6609.305 607.01314     0.637    -2.564               7.724          0400Pb0525
  6609.307 106.00112     2.528    -8.305               3.464            AX15R265
  6609.316 607.01314     0.625    -1.847               7.724          0602Qa0245
  6609.392 607.01214     0.745    -3.162               7.724          0602Rc0315
  6609.393 106.00112     2.528    -5.225               3.464            AX15Q275
  6609.423 607.01314     2.399    -3.235               7.724          1610Pc0165
  6609.492 607.01214     0.745    -1.720               7.724          0602Qa0325
  6609.510 106.00112     2.516    -5.741               3.464            AX04Q305
  6609.527 607.01214     1.344    -4.275               7.724          0400Rd0765
  6609.605 106.00112     2.081    -7.989               3.464            AX26R145
  6609.627 607.01214     1.722    -2.323               7.724          1207Qb0085
  6609.635 607.01214     0.860    -1.900               7.724          0602Ra0395
  6609.637 106.00112     2.528    -5.229               3.464            AX15Q265
  6609.653 607.01214     1.722    -2.988               7.724          1207Pd0095
  6609.678      26.0     0.989     -5.00                                        
  6609.689 106.00112     2.516    -9.051               3.464            AX04R295
  6609.724 106.00112     2.528    -7.559               3.464            AX15P275
  6609.726      58.1     1.812     -1.27                              Lawler09  
  6609.792 607.01214     1.715    -2.572               7.724          1207Ra0075
  6609.799 607.01214     1.712    -2.627               7.724          1207Ra0065
  6609.821 106.00112     1.656    -8.130               3.464            AX03P205
  6609.839 607.01314     2.469    -3.172               7.724          1610Rc0245
  6609.898 607.01314     2.469    -1.969               7.724          1610Qa0255
  6609.936 106.00112     2.516    -8.090               3.464            AX04P305
  6609.985      20.0     5.737     -4.01                                        
  6610.002 607.01214     0.619    -3.205               7.724          0602Pc0215
  6610.035      64.1     1.657     -1.79                                        
  6610.038 607.01214     1.718    -2.521               7.724          1207Ra0085
  6610.068 607.01214     1.712    -2.919               7.724          1207Pb0055
  6610.073      20.0     5.877     -5.52                                        
  6610.077 607.01214     1.709    -2.688               7.724          1207Ra0055
  6610.097 106.00113     1.589    -8.133               3.464            AX03P195
  6610.116 106.00112     2.516    -5.766               3.464            AX04Q295
  6610.124 607.01314     0.593    -3.209               7.724          0501Qc0385
  6610.243 607.01314     0.593    -2.207               7.724          0501Pa0395
  6610.305 607.01214     0.903    -4.112               7.724          0400Rc0615
  6610.368 607.01314     2.440    -2.373               7.724          1610Pb0215
  6610.392      26.0     5.503     -2.86                                        
  6610.453      25.0     5.920     -1.39                                        
  6610.475      21.1     7.466      0.33                                        
  6610.502 607.01214     0.903    -2.166               7.724          0400Qa0625
  6610.552 607.01214     1.722    -2.475               7.724          1207Ra0095
  6610.554 112.00124     0.516    -4.616               1.340           03P203b24
  6610.562 106.00113     2.564    -4.470               3.464            AX51R385
  6610.625 607.01214     1.707    -2.756               7.724          1207Ra0045
  6610.693 607.01314     0.705    -3.482               7.724          0501Rc0445
  6610.711      21.1     7.477      0.50                                        
  6610.733 607.01214     0.760    -1.719               7.724          0602Qb0325
  6610.760 607.01214     0.740    -3.867               7.724          0400Qc0555
  6610.804   23.0051     1.929    -7.785                                 KURHFS 
  6610.804   23.0051     1.929    -8.040                                 KURHFS 
  6610.804   23.0051     1.929    -8.070                                 KURHFS 
  6610.816      28.0     5.280     -1.53                                        
  6610.824   23.0051     1.929    -7.597                                 KURHFS 
  6610.824   23.0051     1.929    -7.652                                 KURHFS 
  6610.824   23.0051     1.929    -8.040                                 KURHFS 
  6610.830 607.01314     0.705    -1.809               7.724          0501Qa0455
  6610.839 607.01214     0.760    -3.196               7.724          0602Pd0335
  6610.854   23.0051     1.929    -7.397                                 KURHFS 
  6610.854   23.0051     1.929    -7.506                                 KURHFS 
  6610.854   23.0051     1.929    -8.091                                 KURHFS 
  6610.894   23.0051     1.929    -7.199                                 KURHFS 
  6610.894   23.0051     1.929    -7.484                                 KURHFS 
  6610.894   23.0051     1.929    -8.216                                 KURHFS 
  6610.938 607.01214     0.740    -2.549               7.724          0400Pa0565
  6610.940 607.01214     1.845    -3.128               7.724          1207Rd0255
  6610.943   23.0051     1.929    -7.035                                 KURHFS 
  6610.943   23.0051     1.929    -7.538                                 KURHFS 
  6610.943   23.0051     1.929    -8.438                                 KURHFS 
  6610.963 607.01214     2.580    -3.223               7.724          1610Rc0295
  6611.003   23.0051     1.929    -6.894                                 KURHFS 
  6611.003   23.0051     1.929    -7.734                                 KURHFS 
  6611.003   23.0051     1.929    -8.848                                 KURHFS 
  6611.033 607.01214     2.580    -1.875               7.724          1610Qa0305
  6611.152      21.1     7.477     -2.48                                        
  6611.180      42.0     3.187     -1.37                              NIST/B    
  6611.192      22.0     3.455     -2.85                                        
  6611.213 607.01214     1.762    -2.283               7.724          1207Rb0155
  6611.258 607.01214     1.762    -2.702               7.724          1207Qd0165
  6611.305      25.0     6.144     -2.56                                        
  6611.329 607.01214     1.727    -2.432               7.724          1207Ra0105
  6611.353       6.0     8.844     -2.28                                        
  6611.390      42.0     2.756     -2.54                                        
  6611.448 607.01214     1.705    -2.832               7.724          1207Ra0035
  6611.453 607.01314     1.600    -2.724               7.724          1106Qc0265
  6611.454 607.01214     0.986    -1.992               7.724          0501Ra0565
  6611.515      25.0     5.879     -3.71                                        
  6611.530 607.01314     1.600    -2.027               7.724          1106Pa0275
  6611.537 607.01214     1.039    -3.397               7.724          0602Rd0485
  6611.537 607.01214     2.490    -3.255               7.724          1610Pc0215
  6611.544 607.01314     1.612    -2.018               7.724          1106Pb0275
  6611.569      24.0     4.201     -4.41                                        
  6611.607      74.0     4.083     -0.03                                        
  6611.633      71.1     2.147     -2.33                                        
  6611.685 607.01314     1.557    -3.045               7.724          1106Pc0225
  6611.734      66.1     2.179     -1.62                                        
  6611.756 106.00113     2.509    -9.013               3.464            AX04R295
  6611.841 106.00113     2.509    -5.739               3.464            AX04Q305
  6611.861      23.1     2.523     -4.79                                        
  6611.904      73.0     1.393     -1.38                                        
  6611.917 607.01214     0.878    -1.905               7.724          0602Rb0395
  6611.938 607.01214     0.710    -2.172               7.724          0501Pb0435
  6611.940      20.0     5.877     -4.12                                        
  6611.949 607.01214     1.205    -3.735               7.724          0501Rd0645
  6612.011      60.0     1.216     -0.19                                        
  6612.039      26.1     7.264     -3.56                                        
  6612.065      20.0     5.268     -3.79                                        
  6612.092      23.0     2.682     -1.55                                        
  6612.100 607.01214     0.878    -2.983               7.724          0602Qd0405
  6612.114 607.01314     0.739    -1.986               7.724          0602Rb0325
  6612.129 106.00113     2.509    -5.764               3.464            AX04Q295
  6612.189      24.0     4.156     -1.25                                        
  6612.213 106.00113     2.509    -8.122               3.464            AX04P305
  6612.214 607.01314     0.739    -2.892               7.724          0602Qd0335
  6612.261 607.01314     0.545    -3.154               7.724          0602Pc0145
  6612.289      15.0     8.315     -4.05                                        
  6612.307      21.0     5.746     -2.27                                        
  6612.346 607.01314     0.647    -1.827               7.724          0602Qb0255
  6612.355 607.01214     1.727    -2.266               7.724          1207Qb0095
  6612.365 607.01214     1.732    -2.393               7.724          1207Ra0115
  6612.368 607.01214     2.593    -1.874               7.724          1610Qb0305
  6612.380 607.01214     1.727    -2.975               7.724          1207Pd0105
  6612.394      25.0     6.407     -2.57                                        
  6612.425 607.01314     0.647    -3.099               7.724          0602Pd0265
  6612.440 607.01214     2.593    -3.234               7.724          1610Pd0315
  6612.524 607.01314     0.576    -2.789               7.724          0602Qc0185
  6612.530 607.01314     0.856    -2.014               7.724          0501Ra0525
  6612.535 607.01214     1.704    -2.917               7.724          1207Ra0025
  6612.573 607.01214     3.178    -3.558               7.724          2013Pc0255
  6612.581 607.01314     0.576    -2.313               7.724          0602Pa0195
  6612.593 607.01314     0.786    -4.055               7.724          0400Rc0585
  6612.632      20.0     5.827     -4.53                                        
  6612.651 607.01314     0.725    -1.979               7.724          0602Ra0325
  6612.774 607.01314     0.786    -2.173               7.724          0400Qa0595
  6612.891 106.00113     1.543    -6.283               3.464            BX15Q015
  6612.901 607.01214     1.113    -2.390               7.724          0400Rb0685
  6612.906      26.0     5.503     -2.37                                        
  6612.916 106.00113     1.543    -8.190               3.464            BX15R015
  6613.000 607.01314     2.431    -2.891               7.724          1610Qc0205
  6613.050 607.01314     2.431    -2.389               7.724          1610Pa0215
  6613.076      22.0     2.479     -3.70                                        
  6613.120 607.01214     1.113    -3.904               7.724          0400Qd0695
  6613.173 607.01314     0.979    -2.397               7.724          0400Rb0655
  6613.216      23.0     2.682     -2.13                                        
  6613.376 607.01314     0.979    -3.849               7.724          0400Qd0665
  6613.411 607.01214     1.652    -3.242               7.724          1005Pc0425
  6613.463 607.01314     0.637    -3.802               7.724          0400Qc0525
  6613.466 607.01214     0.840    -1.783               7.724          0501Qb0495
  6613.501 607.01214     1.715    -2.828               7.724          1207Pb0065
  6613.502      26.0     5.533     -3.60                                        
  6613.514      28.1     6.571     -4.22                                        
  6613.587 106.00112     1.034    -7.998               3.464            AX03P055
  6613.599      22.0     3.715     -2.02                                        
  6613.620      22.0     2.493     -2.44                                        
  6613.622 607.01214     0.840    -3.593               7.724          0501Pd0505
  6613.626      22.0     1.459     -3.10                                        
  6613.626 607.01314     0.637    -2.557               7.724          0400Pa0535
  6613.655 607.01214     1.737    -2.356               7.724          1207Ra0125
  6613.730      39.1     1.748     -0.83                              Biemont11 
  6613.825      26.0     1.010     -5.93                                        
  6613.896 607.01214     1.703    -3.013               7.724          1207Ra0015
  6613.899      20.0     5.877     -3.65                                        
  6613.989 106.00112     1.424    -9.251               3.464            BX04P095
  6614.048      25.1     6.828     -2.52                                        
  6614.120 106.00113     2.877   -10.710               3.464            AX05R325
  6614.153 607.01214     1.770    -2.253               7.724          1207Rb0165
  6614.161      41.0     1.042     -1.81                                        
  6614.201 607.01214     1.770    -2.706               7.724          1207Qd0175
  6614.238 106.00112     1.034    -8.016               3.464            AX03P055
  6614.256 607.01214     1.946    -1.388               7.724          0904Qb0645
  6614.287      20.0     5.828     -4.67                                        
  6614.323      23.0     3.645     -3.92                                        
  6614.343 607.01214     1.946    -3.374               7.724          0904Pd0655
  6614.364 607.01314     0.594    -2.269               7.724          0602Pb0205
  6614.390 607.01314     0.635    -3.068               7.724          0602Rc0245
  6614.464 607.01214     0.616    -4.192               7.724          0400Pc0505
  6614.466 607.01314     0.635    -1.828               7.724          0602Qa0255
  6614.468 607.01314     0.611    -2.203               7.724          0501Pb0395
  6614.509      28.0     5.284     -1.92                                        
  6614.551      76.0     3.010     -1.74                                        
  6614.558 607.01214     0.676    -2.885               7.724          0602Qc0265
  6614.565 106.00113     1.552    -6.052               3.464            BX15Q025
  6614.583 106.00113     1.538    -7.594               3.464            BX15P015
  6614.598 106.00113     1.538    -6.275               3.464            BX15Q015
  6614.599 106.00113     1.552    -8.238               3.464            BX15R025
  6614.643 607.01214     0.676    -2.138               7.724          0602Pa0275
  6614.652 607.01214     1.856    -3.136               7.724          1207Rd0265
  6614.774      26.1     7.113     -2.79                                        
  6614.812 607.01214     2.532    -2.940               7.724          1610Qc0255
  6614.815      22.0     2.406     -3.57                                        
  6614.832      26.0     5.519     -3.78                                        
  6614.872 607.01214     2.532    -2.265               7.724          1610Pa0265
  6614.905 106.00113     1.543    -7.941               3.464            BX15P025
  6614.916      22.0     3.567     -2.48                                        
  6614.920 106.00113     2.563    -4.674               3.464            AX51P395
  6614.929 106.00113     1.543    -6.050               3.464            BX15Q025
  6614.952      26.0     5.442     -2.81                                        
  6614.973 607.01214     0.689    -2.129               7.724          0602Pb0275
  6615.037      27.0     5.476     -1.86                                        
  6615.119 607.01314     2.491    -1.950               7.724          1610Qb0265
  6615.126 607.01214     2.181    -1.910               7.724          0601Qb0915
  6615.152      20.0     5.878     -4.49                                        
  6615.183 607.01314     2.491    -3.191               7.724          1610Pd0275
  6615.210 607.01214     1.743    -2.322               7.724          1207Ra0135
  6615.280 607.01214     2.543    -2.256               7.724          1610Pb0265
  6615.290 607.01214     1.732    -2.214               7.724          1207Qb0105
  6615.322 607.01214     1.732    -2.966               7.724          1207Pd0115
  6615.370 106.00112     1.962    -6.925               3.464            BX15R175
  6615.378      23.0     2.721     -4.50                                        
  6615.413 607.01214     2.181    -4.203               7.724          0601Pd0925
  6615.418      76.0     4.992     -0.46                                        
  6615.462   23.0051     1.349    -7.830                                 KURHFS 
  6615.468   23.0051     1.349    -7.545                                 KURHFS 
  6615.468   23.0051     1.349    -7.800                                 KURHFS 
  6615.479   23.0051     1.349    -7.357                                 KURHFS 
  6615.479   23.0051     1.349    -7.800                                 KURHFS 
  6615.479   23.0051     1.349    -7.851                                 KURHFS 
  6615.497   23.0051     1.349    -7.266                                 KURHFS 
  6615.497   23.0051     1.349    -7.412                                 KURHFS 
  6615.497   23.0051     1.349    -7.976                                 KURHFS 
  6615.514      20.0     5.269     -3.27                                        
  6615.520   23.0051     1.349    -7.157                                 KURHFS 
  6615.520   23.0051     1.349    -7.244                                 KURHFS 
  6615.520   23.0051     1.349    -8.198                                 KURHFS 
  6615.530 607.01214     1.703    -3.113               7.724          1207Ra0005
  6615.549   23.0051     1.349    -6.959                                 KURHFS 
  6615.549   23.0051     1.349    -7.298                                 KURHFS 
  6615.549   23.0051     1.349    -8.608                                 KURHFS 
  6615.584   23.0051     1.349    -6.795                                 KURHFS 
  6615.584   23.0051     1.349    -7.494                                 KURHFS 
  6615.625   23.0051     1.349    -6.654                                 KURHFS 
  6615.644      28.0     5.285     -4.02                                        
  6615.815      22.0     3.715     -2.95                                        
  6615.828 607.01314     0.726    -1.809               7.724          0501Qb0455
  6615.830      26.0     5.454     -3.56                                        
  6615.864      24.1     4.153     -6.66                                        
  6615.896      20.0     5.792     -4.21                                        
  6615.904 106.00113     1.552    -8.123               3.464            BX15P035
  6615.938 106.00113     1.552    -5.881               3.464            BX15Q035
  6615.941 607.01314     2.407    -3.234               7.724          1610Pc0175
  6615.947      60.0     1.335     -0.29                                        
  6615.968 607.01314     0.726    -3.524               7.724          0501Pd0465
  6615.976 112.00124     0.769    -5.118               1.340           03P220b24
  6615.992 607.01314     2.480    -3.182               7.724          1610Rc0255
  6616.053 607.01314     2.480    -1.951               7.724          1610Qa0265
  6616.124      14.0     5.949     -2.85                                        
  6616.142 607.01214     2.029    -2.834               7.724          0500Pb0935
  6616.280 607.01314     2.406    -3.249               7.724          1509Pc0365
  6616.283 607.01214     1.113    -2.380               7.724          0400Ra0695
  6616.346      58.1     1.812     -1.25                              Lawler09  
  6616.444 106.00113     1.970    -4.868               3.464            BX04P215
  6616.488 106.00113     1.053    -7.997               3.464            AX03P065
  6616.493 106.00113     1.563    -5.881               3.464            BX15Q035
  6616.537 106.00113     1.563    -8.264               3.464            BX15R035
  6616.582      57.0     0.433     -1.51                                        
  6616.612 607.01214     0.760    -3.170               7.724          0602Rc0325
  6616.625 106.00113     1.970    -8.452               3.464            BX04Q215
  6616.670      59.0     1.082      0.35                                        
  6616.689 106.00113     1.536    -6.742               3.464            BX15Q005
  6616.703      26.0     5.330     -3.49                                        
  6616.710 607.01214     0.710    -3.289               7.724          0501Qc0435
  6616.716 607.01214     0.760    -1.706               7.724          0602Qa0335
  6616.719 607.01314     0.979    -2.387               7.724          0400Ra0665
  6616.729 607.01314     0.524    -4.124               7.724          0400Pc0475
  6616.741      68.1     2.970     -0.71                              Lawler08  
  6616.752 607.01214     0.613    -3.605               7.724          0501Pc0385
  6616.764 106.00113     1.970    -4.640               3.464            BX04P225
  6616.801      24.1     4.009     -9.32                                        
  6616.828      26.0     5.503     -3.07                                        
  6616.849 607.01214     0.710    -2.164               7.724          0501Pa0445
  6616.897 106.00112     2.530    -5.225               3.464            AX15Q275
  6616.909   23.0051     1.948    -7.659                                 KURHFS 
  6616.915   23.0051     1.948    -7.374                                 KURHFS 
  6616.915   23.0051     1.948    -7.629                                 KURHFS 
  6616.928   23.0051     1.948    -7.186                                 KURHFS 
  6616.928   23.0051     1.948    -7.629                                 KURHFS 
  6616.928   23.0051     1.948    -7.680                                 KURHFS 
  6616.948   23.0051     1.948    -7.095                                 KURHFS 
  6616.948   23.0051     1.948    -7.241                                 KURHFS 
  6616.948   23.0051     1.948    -7.805                                 KURHFS 
  6616.974   23.0051     1.948    -6.986                                 KURHFS 
  6616.974   23.0051     1.948    -7.073                                 KURHFS 
  6616.974   23.0051     1.948    -8.027                                 KURHFS 
  6616.990 607.01214     1.704    -2.933               7.724          1207Qa0025
  6616.990 607.01214     1.704    -3.108               7.724          1207Rc0015
  6616.995      22.0     3.334     -2.12                                        
  6617.007   23.0051     1.948    -6.788                                 KURHFS 
  6617.007   23.0051     1.948    -7.127                                 KURHFS 
  6617.007   23.0051     1.948    -8.437                                 KURHFS 
  6617.019 607.01214     1.749    -2.290               7.724          1207Ra0145
  6617.022      20.0     5.878     -5.36                                        
  6617.046   23.0051     1.948    -6.624                                 KURHFS 
  6617.046   23.0051     1.948    -7.323                                 KURHFS 
  6617.056      28.0     4.232     -3.38                                        
  6617.057      90.1     1.547     -2.29                                        
  6617.068 106.00112     2.530    -8.337               3.464            AX15R265
  6617.080 607.01214     1.703    -3.161               7.724          1207Rc0005
  6617.080 607.01214     1.703    -3.187               7.724          1207Qa0015
  6617.091   23.0051     1.948    -6.483                                 KURHFS 
  6617.093 607.01214     0.878    -1.889               7.724          0602Ra0405
  6617.112      27.0     4.471     -0.48                                        
  6617.136 607.01214     1.718    -2.750               7.724          1207Pb0075
  6617.168 607.01214     1.705    -3.060               7.724          1207Rc0025
  6617.171 607.01214     1.705    -2.771               7.724          1207Qa0035
  6617.223 106.00112     2.530    -7.529               3.464            AX15P275
  6617.252       6.0     8.996     -2.89                                        
  6617.263      38.0     2.250     -0.02                                        
  6617.269 607.01314     2.449    -2.350               7.724          1610Pb0225
  6617.322 607.01214     1.777    -2.225               7.724          1207Rb0175
  6617.334 106.00113     1.053    -8.018               3.464            AX03P065
  6617.340      26.0     5.503     -3.58                                        
  6617.374 607.01214     1.777    -2.711               7.724          1207Qd0185
  6617.394 106.00112     2.530    -5.229               3.464            AX15Q265
  6617.401 607.01214     2.181    -4.117               7.724          0601Rc0915
  6617.455 106.00113     1.531    -8.078               3.464            AX03P185
  6617.464 607.01214     1.946    -3.339               7.724          0904Rc0645
  6617.483 106.00113     1.563    -8.237               3.464            BX15P045
  6617.520 607.01214     0.840    -3.553               7.724          0501Rc0495
  6617.524 112.00124     0.521    -4.687               1.340           03P204b24
  6617.527 106.00113     1.563    -5.735               3.464            BX15Q045
  6617.559      27.0     4.471     -0.60                                        
  6617.604 607.01214     1.012    -1.995               7.724          0501Rb0565
  6617.612      62.1     1.347     -2.22                                        
  6617.623 607.01214     1.707    -3.022               7.724          1207Rc0035
  6617.631 607.01214     1.707    -2.649               7.724          1207Qa0045
  6617.636 607.01214     1.012    -3.351               7.724          0501Qd0575
  6617.657 607.01214     1.946    -1.381               7.724          0904Qa0655
  6617.688 607.01214     2.181    -1.903               7.724          0601Qa0925
  6617.712 607.01214     0.630    -3.212               7.724          0602Pc0225
  6617.723 607.01214     0.840    -1.774               7.724          0501Qa0505
  6617.777      14.0     6.094     -2.38                                        
  6617.831      20.0     5.724     -5.32                                        
  6617.861      25.0     5.881     -4.01                                        
  6617.890 106.00113     1.452    -9.179               3.464            BX04P105
  6617.910 607.01314     0.585    -2.795               7.724          0602Qc0195
  6617.964 106.00113     2.551    -7.191               3.464            AX26P245
  6617.971 607.01314     0.585    -2.285               7.724          0602Pa0205
  6618.045       6.0     8.844     -2.87                                        
  6618.058 607.01314     0.754    -1.972               7.724          0602Rb0335
  6618.069 607.01314     0.552    -3.152               7.724          0602Pc0155
  6618.085      21.1     7.466     -0.78                                        
  6618.129 106.00112     1.595    -8.074               3.464            AX03P195
  6618.158 607.01314     0.659    -1.808               7.724          0602Qb0265
  6618.161 607.01314     0.754    -2.900               7.724          0602Qd0345
  6618.193 607.01314     0.879    -2.017               7.724          0501Rb0525
  6618.207      44.0     2.012     -2.18                                        
  6618.236 607.01314     0.739    -1.966               7.724          0602Ra0335
  6618.239 607.01314     0.659    -3.108               7.724          0602Pd0275
  6618.277      59.1     1.415     -1.15                                        
  6618.335 607.01214     0.775    -1.705               7.724          0602Qb0335
  6618.340      59.1     1.415     -0.93                                LINOHFS 
  6618.348 607.01214     1.709    -2.992               7.724          1207Rc0045
  6618.355 607.01314     0.879    -3.290               7.724          0501Qd0535
  6618.359 607.01214     1.709    -2.549               7.724          1207Qa0055
  6618.379      20.0     5.879     -5.57                                        
  6618.396      26.0     5.487     -3.04                                        
  6618.396      26.0     5.503     -4.15                                        
  6618.442 607.01214     0.775    -3.205               7.724          0602Pd0345
  6618.447 607.01214     1.737    -2.168               7.724          1207Qb0115
  6618.457      14.0     5.609     -3.10                                        
  6618.482 607.01214     1.737    -2.961               7.724          1207Pd0125
  6618.520      60.0     1.477      0.01                                        
  6618.573      20.0     4.128     -4.87                                        
  6618.588      24.0     5.895     -3.67                                        
  6618.604 607.01214     1.868    -3.145               7.724          1207Rd0275
  6618.634 607.01214     2.125    -1.627               7.724          0904Rb0705
  6618.731 607.01214     2.029    -4.501               7.724          0500Qc0935
  6618.759      23.0     2.357     -7.87                                        
  6618.842 106.00112     1.539    -6.739               3.464            BX15Q005
  6618.844 607.01214     2.125    -3.123               7.724          0904Qd0715
  6618.856 106.00112     1.539    -7.307               3.464            BX15R005
  6618.913 106.00113     1.577    -5.735               3.464            BX15Q045
  6618.926      27.0     4.998     -2.14                                        
  6618.967 106.00113     1.577    -8.272               3.464            BX15R045
  6618.979 607.01314     1.612    -2.732               7.724          1106Qc0275
  6618.984      20.0     5.878     -5.26                                        
  6618.987      21.1     7.490     -1.22                                        
  6619.028 607.01214     2.029    -2.828               7.724          0500Pa0945
  6619.029 607.01214     1.680    -3.401               7.724          0904Pc0545
  6619.059 607.01314     1.612    -2.009               7.724          1106Pa0285
  6619.063 607.01214     0.779    -3.004               7.724          0703Rd0115
  6619.072 607.01214     1.755    -2.260               7.724          1207Ra0155
  6619.098 607.01214     0.774    -3.008               7.724          0703Rd0105
  6619.106 607.01214     1.808    -1.748               7.724          0904Pb0595
  6619.134      42.0     1.335     -1.25                              NIST/C+   
  6619.163      23.0     1.182     -2.97                               LAWNOHFS 
  6619.163      71.1     4.472     -1.15                                        
  6619.210 607.01314     0.527    -3.530               7.724          0501Pc0345
  6619.230 607.01214     0.785    -3.002               7.724          0703Rd0125
  6619.248      14.0     5.949     -2.79                                        
  6619.335 607.01214     0.770    -3.016               7.724          0703Rd0095
  6619.342 607.01214     1.712    -2.969               7.724          1207Rc0055
  6619.349      20.0     5.267     -3.71                                        
  6619.355 607.01314     2.440    -2.898               7.724          1610Qc0215
  6619.361 607.01214     1.712    -2.465               7.724          1207Qa0065
  6619.366      60.0     1.050     -0.36                                        
  6619.385      26.0     5.502     -4.05                                        
  6619.407 607.01314     2.440    -2.364               7.724          1610Pa0225
  6619.440      26.0     5.533     -3.76                                        
  6619.491 607.01314     1.567    -3.051               7.724          1106Pc0235
  6619.510      24.0     6.049     -3.25                                        
  6619.518 607.01314     1.624    -2.000               7.724          1106Pb0285
  6619.563      14.0     5.959     -2.14                                        
  6619.574 106.00113     2.552    -4.911               3.464            AX26Q235
  6619.601 607.01214     0.791    -3.002               7.724          0703Rd0135
  6619.675      21.0     5.024     -2.69                                        
  6619.683 106.00113     1.577    -8.312               3.464            BX15P055
  6619.684 106.00113     2.567    -1.386               3.464            AX51Q395
  6619.699 607.01214     2.500    -3.261               7.724          1610Pc0225
  6619.728 106.00113     2.524    -8.303               3.464            AX15R265
  6619.737 106.00113     1.577    -5.599               3.464            BX15Q055
  6619.762 607.01314     0.647    -3.076               7.724          0602Rc0255
  6619.763 607.01214     0.896    -1.894               7.724          0602Rb0405
  6619.763 607.01214     1.061    -3.404               7.724          0602Rd0495
  6619.771 607.01214     0.766    -3.027               7.724          0703Rd0085
  6619.781 106.00113     2.524    -5.223               3.464            AX15Q275
  6619.782 106.00113     2.240    -7.261               3.464            AX26Q185
  6619.803 106.00113     2.564    -1.651               3.464            AX51Q385
  6619.818 607.01314     0.611    -3.217               7.724          0501Qc0395
  6619.841 607.01314     0.647    -1.809               7.724          0602Qa0265
  6619.877 106.00113     2.551    -4.912               3.464            AX26Q245
  6619.891 607.01214     0.896    -2.990               7.724          0602Qd0415
  6619.913   23.0051     2.357    -7.424                                 KURHFS 
  6619.913   23.0051     2.357    -7.679                                 KURHFS 
  6619.913   23.0051     2.357    -7.709                                 KURHFS 
  6619.927   23.0051     2.357    -7.236                                 KURHFS 
  6619.927   23.0051     2.357    -7.291                                 KURHFS 
  6619.927   23.0051     2.357    -7.679                                 KURHFS 
  6619.941 607.01314     0.611    -2.195               7.724          0501Pa0405
  6619.945      90.1     0.514     -1.81                              Nils02/11%
  6619.948   23.0051     2.357    -7.036                                 KURHFS 
  6619.948   23.0051     2.357    -7.145                                 KURHFS 
  6619.948   23.0051     2.357    -7.730                                 KURHFS 
  6619.975   23.0051     2.357    -6.838                                 KURHFS 
  6619.975   23.0051     2.357    -7.123                                 KURHFS 
  6619.975   23.0051     2.357    -7.855                                 KURHFS 
  6620.010   23.0051     2.357    -6.674                                 KURHFS 
  6620.010   23.0051     2.357    -7.177                                 KURHFS 
  6620.010   23.0051     2.357    -8.077                                 KURHFS 
  6620.012 106.00112     1.875    -4.092               3.464            BX12P275
  6620.043 106.00113     2.524    -5.228               3.464            AX15Q265
  6620.051   23.0051     2.357    -6.533                                 KURHFS 
  6620.051   23.0051     2.357    -7.373                                 KURHFS 
  6620.051   23.0051     2.357    -8.487                                 KURHFS 
  6620.096 106.00113     2.524    -7.558               3.464            AX15P275
  6620.103      24.0     6.151     -2.96                                        
  6620.168      20.0     5.581     -2.86                                        
  6620.173 607.01214     1.704    -3.283               7.724          1207Qc0015
  6620.179 607.01214     0.797    -3.003               7.724          0703Rd0145
  6620.180 607.01214     1.704    -3.767               7.724          1207Pa0025
  6620.251      20.0     5.879     -3.16                                        
  6620.333 607.01314     0.726    -3.489               7.724          0501Rc0455
  6620.368      24.1     4.916     -6.46                                        
  6620.404 607.01214     0.762    -3.043               7.724          0703Rd0075
  6620.474 607.01314     0.726    -1.799               7.724          0501Qa0465
  6620.516 607.01314     0.604    -2.244               7.724          0602Pb0215
  6620.531      92.0     0.077     -2.28                                        
  6620.574      40.0     2.322     -0.97                                        
  6620.587      24.0     3.842     -2.23                                        
  6620.605 607.01214     1.715    -2.952               7.724          1207Rc0065
  6620.621 607.01214     1.715    -2.392               7.724          1207Qa0075
  6620.637      22.0     3.303     -3.32                                        
  6620.723 607.01214     1.786    -2.199               7.724          1207Rb0185
  6620.744 106.00113     2.240    -5.438               3.464            AX26R175
  6620.758      20.0     5.581     -2.35                                        
  6620.777 607.01214     1.786    -2.717               7.724          1207Qd0195
  6620.781      15.0     7.959     -2.75                                        
  6620.841 106.00113     2.511    -5.739               3.464            AX04Q305
  6620.850 607.01214     0.766    -2.547               7.724          0400Pb0565
  6620.916 607.01214     0.932    -2.166               7.724          0400Qb0625
  6620.956      27.0     5.033     -3.02                                        
  6620.965 607.01214     0.804    -3.006               7.724          0703Rd0155
  6620.992 607.01214     1.722    -2.681               7.724          1207Pb0085
