a line list in the range:    6849.00   6861.00
  6849.019 607.01214     1.139    -1.925               7.724          0804Ra0255
  6849.064 607.01214     2.853    -3.037               7.724          1812Rb0115
  6849.065 607.01214     1.379    -4.174               7.724          0400Rc0765
  6849.183 607.01314     1.906    -3.364               7.724          1308Pc0065
  6849.243 607.01214     2.188    -1.668               7.724          0904Pb0725
  6849.279      40.0     1.529     -1.45                                        
  6849.288      24.0     4.093     -4.33                                        
  6849.312      22.0     2.660     -1.22                                        
  6849.321      41.0     1.042     -1.69                                        
  6849.327 607.01214     1.379    -2.069               7.724          0400Qa0775
  6849.338      26.0     5.096     -3.53                                        
  6849.364 607.01214     2.034    -3.481               7.724          0904Pc0675
  6849.452 607.01314     1.018    -2.242               7.724          0804Rb0135
  6849.491 607.01214     2.052    -3.089               7.724          1308Rc0225
  6849.496 607.01314     1.018    -2.584               7.724          0804Qd0145
  6849.552      26.0     5.796     -2.68                              PK15THEOR 
  6849.557 607.01214     2.052    -1.910               7.724          1308Qa0235
  6849.580 607.01214     3.499    -3.499               7.724          2215Rb0145
  6849.606 607.01214     3.499    -3.815               7.724          2215Qd0155
  6849.636 607.01214     2.853    -3.274               7.724          1812Qd0125
  6849.693 607.01214     1.013    -3.084               7.724          0804Pc0085
  6849.721 607.01214     1.177    -3.946               7.724          0400Qc0705
  6849.776 106.00112     2.623    -4.950               3.464            AX26P255
  6849.786      20.0     5.817     -2.97                                        
  6849.830      26.0     5.602     -2.80                                        
  6849.842      21.0     4.524     -3.83                                        
  6849.844      64.0     2.498     -0.22                                        
  6849.889 607.01314     3.389    -4.081               7.724          2215Qb0025
  6849.909 607.01314     0.977    -3.052               7.724          0804Pb0035
  6849.916 607.01314     3.389    -4.429               7.724          2215Pd0035
  6849.939      20.0     5.917     -4.58                                        
  6849.957 106.00112     2.623    -7.516               3.464            AX26Q245
  6849.963 607.01214     1.177    -2.445               7.724          0400Pa0715
  6850.032 607.01314     3.439    -4.241               7.724          2215Rd0165
  6850.044      72.0     3.121     -0.71                                        
  6850.044 607.01214     0.986    -3.724               7.724          0501Pc0555
  6850.048      24.1     6.800     -2.94                                        
  6850.132 607.01314     1.918    -2.824               7.724          1308Qc0095
  6850.142 607.01314     3.401    -3.851               7.724          2215Rb0075
  6850.161 607.01314     1.918    -2.729               7.724          1308Pa0105
  6850.191 106.00112     2.623    -4.958               3.464            AX26P245
  6850.207 607.01314     3.401    -3.895               7.724          2215Qd0085
  6850.249 607.01214     1.047    -2.279               7.724          0804Pb0145
  6850.291 607.01214     2.832    -3.055               7.724          1812Qb0065
  6850.345 607.01314     3.388    -4.796               7.724          2215Pb0015
  6850.381      28.0     3.676     -2.10                                        
  6850.419      59.1     0.923     -1.47                                        
  6850.437 607.01314     0.985    -2.352               7.724          0804Qb0065
  6850.449 607.01214     3.452    -4.295               7.724          2215Rc0005
  6850.452 607.01214     3.452    -4.324               7.724          2215Qa0015
  6850.463 607.01314     0.985    -2.922               7.724          0804Pd0075
  6850.504 607.01214     3.452    -4.242               7.724          2215Rc0015
  6850.508 607.01214     3.452    -4.071               7.724          2215Qa0025
  6850.519 607.01214     1.158    -1.480               7.724          0703Qb0415
  6850.521 607.01214     0.974    -3.157               7.724          0703Pc0305
  6850.586      22.0     3.863     -2.83                                        
  6850.601 607.01214     3.478    -3.564               7.724          2215Ra0115
  6850.633 607.01314     2.019    -2.207               7.724          1308Rb0235
  6850.657 607.01214     1.158    -3.117               7.724          0703Pd0425
  6850.689      20.0     5.802     -3.34                                        
  6850.701 607.01314     2.019    -2.822               7.724          1308Qd0245
  6850.708      22.0     3.109     -2.70                                        
  6850.714 607.01214     2.832    -3.609               7.724          1812Pd0075
  6850.724      25.0     5.130     -1.07                                        
  6850.765 607.01314     0.950    -2.753               7.724          0703Qc0305
  6850.802 607.01314     1.945    -3.022               7.724          1308Rc0145
  6850.845 607.01314     1.945    -2.131               7.724          1308Qa0155
  6850.864 607.01314     0.950    -1.933               7.724          0703Pa0315
  6850.885 607.01214     3.454    -4.194               7.724          2215Rc0025
  6850.890 607.01214     3.454    -3.911               7.724          2215Qa0035
  6850.941      26.0     5.269     -2.94                                        
  6850.947 607.01214     2.024    -2.327               7.724          1308Pb0195
  6851.010 607.01214     1.163    -1.919               7.724          0804Rb0265
  6851.021 607.01214     1.084    -3.074               7.724          0602Qc0495
  6851.098 607.01214     1.163    -2.685               7.724          0804Qd0275
  6851.132 106.00113     1.867    -4.871               3.464            BX15P145
  6851.143      28.0     5.443     -2.49                                        
  6851.148 106.00113     1.753    -8.398               3.464            AX15R125
  6851.188 607.01214     1.084    -1.851               7.724          0602Pa0505
  6851.224 607.01314     2.000    -2.213               7.724          1308Ra0225
  6851.283 106.00113     1.867    -8.391               3.464            BX15Q145
  6851.356 607.01214     1.087    -1.788               7.724          0804Qb0195
  6851.357 607.01214     1.760    -3.795               7.724          0501Rd0815
  6851.385 607.01214     3.466    -3.883               7.724          2215Pb0075
  6851.416 607.01214     1.070    -2.865               7.724          0804Rc0175
  6851.417 607.01214     1.087    -2.909               7.724          0804Pd0205
  6851.427 607.01314     1.124    -3.019               7.724          0804Rd0265
  6851.466      24.0     4.093     -3.72                                        
  6851.475 607.01214     1.070    -1.816               7.724          0804Qa0185
  6851.500 607.01314     3.391    -3.942               7.724          2215Qb0035
  6851.510 106.00113     1.867    -4.732               3.464            BX15P155
  6851.534 607.01314     3.391    -4.340               7.724          2215Pd0045
  6851.537      25.1     6.180     -4.84                                        
  6851.576      24.0     6.221     -3.23                                        
  6851.590 607.01214     3.455    -4.155               7.724          2215Rc0035
  6851.594 607.01214     2.858    -2.998               7.724          1812Rb0125
  6851.598 607.01214     3.455    -3.790               7.724          2215Qa0045
  6851.622 106.00112     2.594    -7.904               3.464            AX15Q275
  6851.626 106.00112     2.940    -0.109               3.464            AX53P385
  6851.636      26.0     1.607     -5.32                                        
  6851.649      14.0     6.120     -2.78                                        
  6851.693 607.01314     1.024    -2.207               7.724          0804Rb0145
  6851.703      26.0     5.310     -3.03                                        
  6851.708 106.00112     2.594    -5.196               3.464            AX15P285
  6851.727      24.0     4.200     -1.37                                        
  6851.739 607.01314     1.024    -2.586               7.724          0804Qd0155
  6851.798 607.01314     1.966    -2.067               7.724          1308Qb0175
  6851.818 106.00112     2.940    -2.517               3.464            AX53Q375
  6851.818 607.01314     3.404    -3.795               7.724          2215Rb0085
  6851.827 607.01314     1.026    -3.349               7.724          0501Qc0585
  6851.839 607.01214     1.985    -3.175               7.724          1308Pc0145
  6851.841 607.01214     2.827    -3.617               7.724          1812Pb0045
  6851.849 607.01314     1.966    -3.053               7.724          1308Pd0185
  6851.850 607.01214     1.517    -1.877               7.724          0501Rb0735
  6851.857      24.0     5.819     -3.01                                        
  6851.877      26.1     7.133     -3.11                                        
  6851.891 607.01314     3.404    -3.879               7.724          2215Qd0095
  6851.914 607.01214     3.478    -3.364               7.724          2215Qb0105
  6851.932 607.01214     3.478    -4.069               7.724          2215Pd0115
  6851.952 106.00113     1.720    -7.858               3.464            BX15P105
  6851.972 106.00112     2.594    -5.211               3.464            AX15P275
  6851.990 607.01214     0.975    -3.387               7.724          0602Pc0445
  6851.997      66.0     2.909     -0.25                                        
  6852.020 607.01314     1.027    -2.022               7.724          0501Pa0595
  6852.025      23.0     2.576     -2.79                                        
  6852.096 607.01214     1.517    -3.427               7.724          0501Qd0745
  6852.128      24.1     6.800     -3.48                                        
  6852.164 607.01214     2.916    -3.687               7.724          1812Rd0215
  6852.174 607.01214     2.858    -3.272               7.724          1812Qd0135
  6852.180 607.01214     1.051    -2.810               7.724          0703Qc0355
  6852.251      26.0     5.442     -2.77                                        
  6852.256      60.0     1.231     -0.41                                        
  6852.299 607.01214     1.051    -1.868               7.724          0703Pa0365
  6852.302 106.00112     2.940    -0.436               3.464            AX53P375
  6852.315      24.0     4.093     -2.94                                        
  6852.333 607.01314     0.964    -1.926               7.724          0703Pb0315
  6852.453      15.0     8.277     -3.61                                        
  6852.475 607.01214     2.188    -3.155               7.724          0904Qc0725
  6852.483 607.01214     1.229    -3.335               7.724          0602Rc0555
  6852.598      40.0     1.529     -1.77                                        
  6852.621 607.01214     3.457    -4.125               7.724          2215Rc0045
  6852.630 607.01214     3.457    -3.692               7.724          2215Qa0055
  6852.655 607.01314     3.446    -4.248               7.724          2215Rd0175
  6852.670 607.01214     1.229    -1.472               7.724          0602Qa0565
  6852.673 607.01214     3.482    -3.530               7.724          2215Ra0125
  6852.677 607.01214     3.553    -4.269               7.724          2215Rd0225
  6852.689 607.01314     0.988    -2.281               7.724          0804Qb0075
  6852.703      26.0     5.844     -2.77                              PK15THEOR 
  6852.705 607.01214     2.188    -1.663               7.724          0904Pa0735
  6852.719 607.01314     0.988    -2.897               7.724          0804Pd0085
  6852.852 607.01214     1.626    -3.519               7.724          0602Rd0705
  6852.874 607.01214     2.835    -2.984               7.724          1812Qb0075
  6852.914 607.01314     3.389    -4.519               7.724          2215Pb0025
  6852.932      22.0     3.332     -2.77                                        
  6852.960      66.0     1.979      0.13                                        
  6852.990 607.01214     1.034    -2.628               7.724          0804Qc0125
  6853.026 607.01314     0.979    -2.920               7.724          0804Pb0045
  6853.034 607.01214     1.034    -2.350               7.724          0804Pa0135
  6853.044 106.00112     2.632    -6.189               3.464            AX52R375
  6853.052      28.0     5.338     -2.34                                        
  6853.116      26.0     5.535     -3.96                                        
  6853.199 106.00113     1.754    -8.360               3.464            AX15R125
  6853.238 607.01314     1.938    -2.539               7.724          1308Pb0135
  6853.320 607.01214     3.506    -3.470               7.724          2215Rb0155
  6853.336      26.0     5.498     -3.15                                        
  6853.339 607.01214     2.835    -3.583               7.724          1812Pd0085
  6853.343 607.01314     1.910    -3.309               7.724          1308Pc0075
  6853.347 607.01214     3.506    -3.819               7.724          2215Qd0165
  6853.364 607.01314     3.393    -3.831               7.724          2215Qb0045
  6853.379      26.0     5.533     -3.20                                        
  6853.406 607.01314     3.393    -4.275               7.724          2215Pd0055
  6853.420 607.01214     1.292    -3.160               7.724          0804Rd0365
  6853.497 607.01214     3.452    -4.413               7.724          2215Qc0015
  6853.501 607.01214     3.452    -4.901               7.724          2215Pa0025
  6853.597      58.0     1.066     -0.77                                        
  6853.599      62.0     2.025     -0.23                                        
  6853.606 607.01214     2.073    -1.889               7.724          1308Qb0245
  6853.653 607.01214     1.151    -1.908               7.724          0804Ra0265
  6853.678 607.01214     2.073    -3.113               7.724          1308Pd0255
  6853.683      74.0     2.420     -2.27                                        
  6853.713      22.0     3.864     -3.26                                        
  6853.756 607.01314     3.408    -3.744               7.724          2215Rb0095
  6853.801 607.01314     1.922    -2.812               7.724          1308Qc0105
  6853.822      20.0     5.827     -6.80                                        
  6853.832 607.01314     1.922    -2.672               7.724          1308Pa0115
  6853.837 607.01314     3.408    -3.867               7.724          2215Qd0105
  6853.895      62.0     0.282     -2.04                                        
  6853.941      20.0     5.551     -3.50                                        
  6853.965      21.0     5.317     -3.15                                        
  6853.975 607.01214     3.460    -4.102               7.724          2215Rc0055
  6853.985 607.01214     3.460    -3.609               7.724          2215Qa0065
  6854.036      25.1     6.653     -6.00                                        
  6854.087      20.0     5.923     -5.01                                        
  6854.109      90.0     1.622     -1.52                                        
  6854.139      69.0     3.282      0.21                                        
  6854.148 607.01314     1.031    -2.174               7.724          0804Rb0155
  6854.198 607.01314     1.031    -2.589               7.724          0804Qd0165
  6854.203      26.0     4.952     -2.25                                        
  6854.327      26.0     4.183     -2.67                                        
  6854.387 607.01214     2.864    -2.962               7.724          1812Rb0135
  6854.460 607.01314     1.951    -3.026               7.724          1308Rc0155
  6854.477      27.0     4.229     -2.72                                        
  6854.500      26.0     4.206     -4.08                                        
  6854.506 607.01314     1.951    -2.099               7.724          1308Qa0165
  6854.510      62.1     1.412     -1.31                              Lawler06  
  6854.511      90.1     1.346     -2.21                              Nils02/51%
  6854.599 607.01214     1.017    -3.056               7.724          0804Pc0095
  6854.604      40.0     0.650     -2.82                                        
  6854.748 607.01214     2.015    -2.818               7.724          1308Qc0185
  6854.803 607.01214     2.015    -2.344               7.724          1308Pa0195
  6854.823      26.0     4.593     -1.93                              NIST/B    
  6854.887 607.01314     1.136    -3.027               7.724          0804Rd0275
  6854.968 607.01214     2.864    -3.272               7.724          1812Qd0145
  6855.028      26.0     2.174     -8.12                                        
  6855.028 106.00113     2.180    -1.674               3.464            BX13P285
  6855.033      26.0     5.612     -3.95                                        
  6855.061 607.01214     3.488    -3.499               7.724          2215Ra0135
  6855.077 607.01214     3.454    -4.204               7.724          2215Qc0025
  6855.082 607.01214     3.454    -4.550               7.724          2215Pa0035
  6855.098      25.1     6.908     -6.38                                        
  6855.139 607.01314     0.992    -2.217               7.724          0804Qb0085
  6855.159      25.1     6.181     -3.75                                        
  6855.162      26.0     4.559     -0.49                              DenHarto14
  6855.172 607.01314     0.992    -2.879               7.724          0804Pd0095
  6855.192      21.0     5.812     -2.69                                        
  6855.260 607.01214     2.829    -3.510               7.724          1812Pb0055
  6855.300      72.1     1.671     -2.77                              Lawler07  
  6855.360 607.01314     2.009    -2.195               7.724          1308Ra0235
  6855.369 607.01214     1.517    -1.869               7.724          0501Ra0745
  6855.435      24.0     6.226     -3.20                                        
  6855.449 607.01314     2.030    -2.189               7.724          1308Rb0245
  6855.450 106.00112     2.010    -5.410               3.464            AX26R115
  6855.478 607.01214     2.063    -3.098               7.724          1308Rc0235
  6855.482 607.01314     3.395    -3.738               7.724          2215Qb0055
  6855.520 607.01314     2.030    -2.827               7.724          1308Qd0255
  6855.532 607.01314     3.395    -4.226               7.724          2215Pd0065
  6855.546 607.01214     1.417    -1.704               7.724          0602Rb0625
  6855.547 607.01214     2.063    -1.890               7.724          1308Qa0245
  6855.553       6.0     9.165     -3.97                                        
  6855.553 607.01314     3.453    -4.257               7.724          2215Rd0185
  6855.599      20.0     5.828     -5.36                                        
  6855.651 607.01214     3.462    -4.086               7.724          2215Rc0065
  6855.664 607.01214     3.462    -3.537               7.724          2215Qa0075
  6855.666 607.01214     3.469    -3.813               7.724          2215Pb0085
  6855.669 607.01314     0.922    -4.223               7.724          0400Pc0635
  6855.694 106.00112     2.010    -5.404               3.464            AX26R125
  6855.707 607.01214     2.839    -2.921               7.724          1812Qb0085
  6855.712      26.0     4.603     -1.82                                        
  6855.732      22.1     2.060     -3.07                                        
  6855.736 607.01314     3.391    -4.344               7.724          2215Pb0035
  6855.748 607.01214     1.078    -2.873               7.724          0804Rc0185
  6855.755 607.01214     1.417    -3.128               7.724          0602Qd0635
  6855.769 607.01214     3.482    -3.319               7.724          2215Qb0115
  6855.771 607.01214     1.054    -2.243               7.724          0804Pb0155
  6855.777 106.00112     2.010    -7.015               3.464            AX26Q125
  6855.779 607.01214     2.925    -3.696               7.724          1812Rd0225
  6855.789 607.01214     3.482    -4.061               7.724          2215Pd0125
  6855.811 607.01214     1.078    -1.790               7.724          0804Qa0195
  6855.815 607.01314     0.899    -3.070               7.724          0703Pc0265
  6855.957 607.01314     3.412    -3.699               7.724          2215Rb0105
  6855.989 106.00113     2.195    -7.047               3.464            AX26P175
  6855.999 607.01214     1.158    -3.187               7.724          0703Rc0415
  6856.010      62.1     1.075     -0.90                              Lawler06  
  6856.037      14.0     6.094     -1.06                                        
  6856.046 607.01314     3.412    -3.859               7.724          2215Qd0115
  6856.138 607.01214     1.158    -1.466               7.724          0703Qa0425
  6856.143 607.01314     0.985    -2.465               7.724          0804Ra0075
  6856.167 607.01314     0.988    -2.414               7.724          0804Ra0085
  6856.180 607.01314     0.902    -3.669               7.724          0501Pc0535
  6856.209 607.01214     2.839    -3.563               7.724          1812Pd0095
  6856.214      24.0     4.093     -3.46                                        
  6856.337 607.01214     1.175    -1.902               7.724          0804Rb0275
  6856.337 607.01314     0.981    -2.814               7.724          0804Pb0055
  6856.376 607.01314     0.982    -2.521               7.724          0804Ra0065
  6856.403      26.0     5.353     -3.11                                        
  6856.436 607.01214     1.175    -2.690               7.724          0804Qd0285
  6856.445 607.01314     0.992    -2.368               7.724          0804Ra0095
  6856.459 607.01214     2.829    -3.229               7.724          1812Ra0065
  6856.461      66.0     2.520      0.10                                        
  6856.485      23.1     4.002     -3.53                                        
  6856.496 607.01214     2.827    -3.289               7.724          1812Ra0055
  6856.498 607.01214     1.097    -1.763               7.724          0804Qb0205
  6856.553      58.0     1.066     -0.65                                        
  6856.567 607.01214     1.097    -2.916               7.724          0804Pd0215
  6856.573 607.01314     2.695    -3.430               7.724          1711Pc0255
  6856.591      26.1     6.133     -4.63                                        
  6856.597 607.01314     1.974    -2.040               7.724          1308Qb0185
  6856.651 607.01314     1.974    -3.058               7.724          1308Pd0195
  6856.722 607.01214     2.832    -3.175               7.724          1812Ra0075
  6856.813      24.0     4.774     -4.16                                        
  6856.814 607.01314     1.039    -2.144               7.724          0804Rb0165
  6856.827 607.01214     1.068    -1.860               7.724          0703Pb0365
  6856.835 607.01214     2.825    -3.355               7.724          1812Ra0045
  6856.866 607.01314     0.979    -2.582               7.724          0804Ra0055
  6856.866 607.01314     1.039    -2.593               7.724          0804Qd0175
  6856.917 106.00113     2.195    -4.952               3.464            AX26Q165
  6856.949 607.01214     2.785    -3.436               7.724          1711Pc0285
  6856.973 607.01314     0.996    -2.325               7.724          0804Ra0105
  6856.984 607.01214     3.455    -4.088               7.724          2215Qc0035
  6856.989      60.0     1.335     -0.35                                        
  6856.991 607.01214     3.455    -4.340               7.724          2215Pa0045
  6856.997      20.0     5.923     -4.63                                        
  6857.102      15.0     8.244     -2.82                                        
  6857.120      64.1     2.196     -0.70                              DenHarto06
  6857.134      27.0     5.058     -3.22                                        
  6857.225 607.01214     3.562    -4.281               7.724          2215Rd0235
  6857.239      68.0     1.432     -1.22                                        
  6857.249      26.0     4.073     -2.15                                        
  6857.269 607.01214     1.633    -2.296               7.724          0400Rb0835
  6857.282 607.01214     2.835    -3.126               7.724          1812Ra0085
  6857.285 106.00113     2.195    -4.946               3.464            AX26Q175
  6857.350 607.01214     3.513    -3.443               7.724          2215Rb0165
  6857.370      26.0     5.474     -2.68                                        
  6857.378 607.01214     3.513    -3.824               7.724          2215Qd0175
  6857.399 607.01214     1.021    -4.279               7.724          0400Pc0655
  6857.447 607.01214     2.870    -2.929               7.724          1812Rb0145
  6857.477 607.01214     2.823    -3.430               7.724          1812Ra0035
  6857.489 106.00113     3.035    -8.756               3.464            AX04P365
  6857.513 607.01214     1.040    -2.629               7.724          0804Qc0135
  6857.554 607.01214     1.633    -3.959               7.724          0400Qd0845
  6857.561 607.01214     1.040    -2.307               7.724          0804Pa0145
  6857.571      24.0     2.887     -3.76                                        
  6857.578      20.0     5.916     -6.54                                        
  6857.578 106.00112     2.010    -5.410               3.464            AX26R115
  6857.615 607.01314     0.977    -2.650               7.724          0804Ra0045
  6857.650 607.01214     3.466    -4.074               7.724          2215Rc0075
  6857.664 607.01214     3.466    -3.474               7.724          2215Qa0085
  6857.671 106.00112     2.039    -7.751               3.464            BX04P225
  6857.675      45.0     3.700     -0.06                                        
  6857.687 106.00112     2.010    -5.404               3.464            AX26R125
  6857.724 106.00113     1.855    -6.608               3.464            AX04R205
  6857.739 607.01314     1.927    -2.804               7.724          1308Qc0115
  6857.752 607.01314     1.001    -2.285               7.724          0804Ra0115
  6857.766 607.01214     3.493    -3.471               7.724          2215Ra0145
  6857.770 106.00112     2.010    -6.994               3.464            AX26Q125
  6857.774 607.01314     1.927    -2.620               7.724          1308Pa0125
  6857.781 607.01314     1.913    -3.268               7.724          1308Pc0085
  6857.791 607.01314     0.996    -2.160               7.724          0804Qb0095
  6857.824 607.01314     0.996    -2.866               7.724          0804Pd0105
  6857.827 106.00113     1.855    -6.600               3.464            AX04R195
  6857.857 607.01314     3.398    -3.658               7.724          2215Qb0065
  6857.858      40.0     1.821     -1.96                                        
  6857.875 607.01214     2.033    -2.301               7.724          1308Pb0205
  6857.885 607.01214     1.148    -2.020               7.724          0501Pb0615
  6857.915 607.01314     3.398    -4.189               7.724          2215Pd0075
  6857.998 106.00112     1.758    -8.397               3.464            AX15R125
  6858.003 106.00113     1.855    -8.442               3.464            AX04Q205
  6858.019 607.01214     2.870    -3.274               7.724          1812Qd0155
  6858.073 607.01214     3.454    -5.035               7.724          2215Pc0025
  6858.126      62.0     2.025     -0.23                                        
  6858.132      26.0     3.600     -3.1                               adj-0.93
  6858.138 607.01214     2.839    -3.081               7.724          1812Ra0095
  6858.150      26.0     4.608     -0.90                              DenHarto14
  6858.213 106.00113     2.195    -7.453               3.464            AX26R165
  6858.220      39.1     1.738     -1.69                              Biemont11 
  6858.380 607.01314     1.958    -3.031               7.724          1308Rc0165
  6858.409      27.0     5.200     -0.50                                        
  6858.424 607.01314     3.417    -3.658               7.724          2215Rb0115
  6858.425 607.01214     2.822    -3.513               7.724          1812Ra0025
  6858.428 607.01214     1.992    -3.173               7.724          1308Pc0155
  6858.428 607.01314     1.958    -2.070               7.724          1308Qa0175
  6858.480 607.01314     1.945    -2.500               7.724          1308Pb0145
  6858.495 607.01314     2.781    -3.683               7.724          1812Rd0085
  6858.520 607.01314     3.417    -3.853               7.724          2215Qd0125
  6858.539 607.01214     1.163    -1.891               7.724          0804Ra0275
  6858.557 607.01314     2.778    -3.701               7.724          1812Rd0075
  6858.576 607.01314     1.148    -3.036               7.724          0804Rd0285
  6858.625 607.01314     0.975    -2.726               7.724          0804Ra0035
  6858.672 607.01314     2.784    -3.670               7.724          1812Rd0095
  6858.727 607.01214     1.325    -1.646               7.724          0501Qb0675
  6858.729 607.01314     3.460    -4.267               7.724          2215Rd0195
  6858.747      72.0     2.077     -1.23                                        
  6858.782 607.01314     1.006    -2.248               7.724          0804Ra0125
  6858.785      26.0     5.102     -3.70                                        
  6858.793 607.01214     2.843    -2.865               7.724          1812Qb0095
  6858.813 607.01314     3.393    -4.212               7.724          2215Pb0045
  6858.856 607.01314     2.775    -3.726               7.724          1812Rd0065
  6858.927 607.01214     2.832    -3.420               7.724          1812Pb0065
  6859.006 607.01214     1.325    -3.698               7.724          0501Pd0685
  6859.044      57.1     0.403     -2.63                                        
  6859.049      24.0     4.102     -4.24                                        
  6859.058      25.0     5.935     -2.50                                        
  6859.090 607.01314     2.788    -3.661               7.724          1812Rd0105
  6859.111 607.01214     1.906    -4.319               7.724          0400Rd0915
  6859.218 607.01214     3.457    -4.011               7.724          2215Qc0045
  6859.227 607.01214     3.457    -4.188               7.724          2215Pa0055
  6859.289 607.01214     2.843    -3.039               7.724          1812Ra0105
  6859.326 607.01214     2.843    -3.549               7.724          1812Pd0105
  6859.326 607.01314     0.964    -2.762               7.724          0703Qc0315
  6859.392 607.01314     2.772    -3.759               7.724          1812Rd0055
  6859.429 607.01314     0.964    -1.918               7.724          0703Pa0325
  6859.432   21.0045     3.596    -4.506                                 KURHFS 
  6859.441   21.0045     3.596    -4.506                                 KURHFS 
  6859.441   21.0045     3.596    -4.682                                 KURHFS 
  6859.452 607.01214     1.417    -1.694               7.724          0602Ra0635
  6859.454   21.0045     3.596    -4.342                                 KURHFS 
  6859.454   21.0045     3.596    -4.807                                 KURHFS 
  6859.454   21.0045     3.596    -4.932                                 KURHFS 
  6859.472      23.1     4.732     -2.63                                        
  6859.472   21.0045     3.596    -4.334                                 KURHFS 
  6859.472   21.0045     3.596    -4.368                                 KURHFS 
  6859.472   21.0045     3.596    -5.360                                 KURHFS 
  6859.480      26.0     2.843     -4.52                                        
  6859.493   21.0045     3.596    -4.085                                 KURHFS 
  6859.493   21.0045     3.596    -4.495                                 KURHFS 
  6859.496      25.0     3.769     -3.99                                        
  6859.520   21.0045     3.596    -3.869                                 KURHFS 
  6859.681 607.01214     2.821    -3.607               7.724          1812Ra0015
  6859.685 607.01214     2.935    -3.706               7.724          1812Rd0235
  6859.698      25.0     5.849     -3.95                                        
  6859.700 607.01314     1.046    -2.115               7.724          0804Rb0175
  6859.714 106.00113     2.196    -7.028               3.464            AX26P175
  6859.728 607.01214     1.308    -3.173               7.724          0804Rd0375
  6859.750 607.01314     2.793    -3.655               7.724          1812Rd0115
  6859.753 607.01314     1.046    -2.598               7.724          0804Qd0185
  6859.754 607.01314     2.019    -2.177               7.724          1308Ra0245
  6859.757      20.0     5.917     -4.81                                        
  6859.778 607.01214     1.022    -3.036               7.724          0804Pc0105
  6859.844 607.01314     0.985    -2.724               7.724          0804Pb0065
  6859.897 607.01314     0.974    -2.811               7.724          0804Ra0025
  6859.905 607.01214     3.488    -3.277               7.724          2215Qb0125
  6859.927 607.01214     3.488    -4.056               7.724          2215Pd0135
  6859.971 607.01214     3.469    -4.066               7.724          2215Rc0085
  6859.985 607.01214     1.107    -1.849               7.724          0602Pb0505
  6859.986 607.01214     3.469    -3.418               7.724          2215Qa0095
  6860.041       6.0     9.165     -3.97                                        
  6860.046      26.0     4.590     -3.59                                        
  6860.058 607.01314     1.012    -2.214               7.724          0804Ra0135
  6860.087 106.00112     2.597    -5.197               3.464            AX15P285
  6860.093 106.00112     1.758    -8.359               3.464            AX15R125
  6860.106      26.0     4.831     -2.29                                        
  6860.112 106.00113     1.910    -5.830               3.464            AX15R155
  6860.130 106.00113     1.910    -5.836               3.464            AX15R165
  6860.163 607.01314     2.770    -3.803               7.724          1812Rd0045
  6860.223 607.01214     3.473    -3.752               7.724          2215Pb0095
  6860.249      20.0     5.927     -6.22                                        
  6860.254      22.0     3.405     -2.75                                        
  6860.282 106.00112     2.597    -7.949               3.464            AX15Q275
  6860.283      26.0     2.607     -4.15                                        
  6860.314 106.00113     1.910    -7.611               3.464            AX15Q165
  6860.336 607.01214     1.087    -2.880               7.724          0804Rc0195
  6860.377 607.01214     2.085    -1.870               7.724          1308Qb0255
  6860.403 607.01214     1.087    -1.766               7.724          0804Qa0205
  6860.452 607.01214     2.085    -3.122               7.724          1308Pd0265
  6860.470 607.01214     1.633    -2.288               7.724          0400Ra0845
  6860.489 607.01314     3.401    -3.588               7.724          2215Qb0075
  6860.506 607.01314     2.040    -2.171               7.724          1308Rb0255
  6860.555 607.01314     3.401    -4.160               7.724          2215Pd0085
  6860.580 607.01314     2.040    -2.832               7.724          1308Qd0265
  6860.638 106.00112     2.597    -5.211               3.464            AX15P275
  6860.645 607.01314     1.001    -2.109               7.724          0804Qb0105
  6860.654 607.01314     2.797    -3.653               7.724          1812Rd0125
  6860.685 607.01314     1.001    -2.857               7.724          0804Pd0115
  6860.732 607.01214     2.848    -3.001               7.724          1812Ra0115
  6860.743 106.00113     2.105    -3.917               3.464            BX15R195
  6860.760      14.0     6.094     -0.99                                        
  6860.764 607.01214     1.177    -1.469               7.724          0703Qb0425
  6860.778 607.01214     2.877    -2.899               7.724          1812Rb0155
  6860.787 607.01214     3.499    -3.445               7.724          2215Ra0155
  6860.830 106.00113     2.196    -4.952               3.464            AX26Q165
  6860.870 106.00113     2.105    -7.757               3.464            BX15Q205
  6860.906 607.01214     1.177    -3.126               7.724          0703Pd0435
  6860.927      62.0     0.036     -2.02                                        
  6860.929      22.0     3.866     -3.13                                        
  6860.945      26.0     2.829     -4.57                                        
  6860.947 607.01214     0.989    -3.168               7.724          0703Pc0315
