a line list in the range:    7939.00   7951.00
  7939.063      58.1     1.694     -1.36                              Lawler09  
  7939.113 607.01214     2.386    -4.697               7.724          1410Qb0025
  7939.125 607.01214     2.386    -5.048               7.724          1410Pd0035
  7939.126 106.00113     2.241    -9.089               3.464            BX16P185
  7939.155 607.01214     0.026    -2.659               7.724          0200Qc0095
  7939.161 106.00112     1.490     1.266               3.464            BX10Q295
  7939.205 607.01214     0.026    -2.512               7.724          0200Pa0105
  7939.219 607.01214     1.371    -1.600               7.724          0603Pa0525
  7939.224 607.01214     0.190    -1.902               7.724          0200Rb0275
  7939.240 106.00113     2.732   -11.600               3.464            AX06R275
  7939.256 607.01314     0.013    -2.462               7.724          0200Ra0075
  7939.282 607.01214     2.104    -3.373               7.724          0502Rd0845
  7939.313 607.01214     2.406    -4.386               7.724          1410Rb0095
  7939.324 607.01314     0.030    -2.281               7.724          0200Ra0115
  7939.347 607.01214     1.633    -3.499               7.724          0805Rd0425
  7939.347 607.01214     2.406    -4.527               7.724          1410Qd0105
  7939.354 607.01214     0.190    -2.742               7.724          0200Qd0285
  7939.361 106.00113     0.052   -14.258               3.464            XX50R055
  7939.386 607.01214     1.317    -2.855               7.724          0805Qc0185
  7939.430 607.01214     1.688    -1.248               7.724          0401Qb0785
  7939.452 607.01314     1.343    -1.537               7.724          0502Pb0615
  7939.468 607.01214     1.317    -2.336               7.724          0805Pa0195
  7939.492 607.01214     2.358    -3.726               7.724          1309Qc0295
  7939.600 607.01214     2.358    -2.899               7.724          1309Pa0305
  7939.612      27.0     5.237     -3.33                                        
  7939.657      24.0     4.413     -1.56                                        
  7939.673 607.01214     1.521    -1.919               7.724          0300Pb0805
  7939.701 607.01314     1.394    -2.129               7.724          0805Rb0285
  7939.786 607.01214     1.689    -3.422               7.724          0401Pd0795
  7939.795 607.01214     1.286    -3.200               7.724          0805Pc0145
  7939.822 607.01314     1.394    -2.922               7.724          0805Qd0295
  7939.995 607.01314     0.009    -2.518               7.724          0200Ra0065
  7940.084 607.01314     0.035    -2.244               7.724          0200Ra0125
  7940.173 607.01214     2.384    -5.414               7.724          1410Pb0015
  7940.195      12.0     5.927     -2.26                                        
  7940.195      20.0     4.427     -7.91                                        
  7940.298 106.00112     0.021   -16.250               3.464            XX50R035
  7940.413 607.01214     1.377    -3.135               7.724          0805Rc0245
  7940.418 607.01314     0.085    -2.083               7.724          0200Rb0185
  7940.443 607.01214     0.013    -3.189               7.724          0200Pc0065
  7940.507 607.01314     0.085    -2.635               7.724          0200Qd0195
  7940.521 607.01214     1.377    -1.869               7.724          0805Qa0255
  7940.577      40.0     0.520     -2.61                                        
  7940.596      23.0     4.619     -2.85                                        
  7940.626 607.01314     1.231    -3.255               7.724          0805Pc0095
  7940.743      26.0     6.092     -2.31                              PK15THEOR 
  7940.775 106.00113     2.242    -4.998               3.464            BX16Q175
  7940.821 607.01214     2.490    -5.089               7.724          1410Rd0225
  7940.824      26.0     5.845     -3.87                                        
  7940.831      20.0     5.879     -6.08                                        
  7940.871      26.0     5.828     -2.77                              PK15THEOR 
  7940.899      74.0     1.707     -2.73                                        
  7940.942 607.01214     1.417    -2.942               7.724          0502Qc0625
  7941.042 607.01314     0.007    -2.579               7.724          0200Ra0055
  7941.069      23.0     4.862     -1.69                                        
  7941.089      26.0     3.274     -2.29                              NIST/C+   
  7941.134 607.01314     0.041    -2.210               7.724          0200Ra0135
  7941.140 607.01214     1.310    -3.853               7.724          0300Pc0745
  7941.147 607.01214     2.387    -4.557               7.724          1410Qb0035
  7941.151 106.00112     0.021   -16.594               3.464            XX50R035
  7941.158 607.01214     2.493    -3.651               7.724          0602Pc0935
  7941.162 607.01214     2.387    -4.959               7.724          1410Pd0045
  7941.223 607.01214     1.417    -1.530               7.724          0502Pa0635
  7941.340      23.0     3.869     -3.58                                        
  7941.366      15.0     8.277     -4.67                                        
  7941.434 607.01214     2.411    -4.345               7.724          1410Rb0105
  7941.466 607.01214     2.372    -2.892               7.724          1309Pb0305
  7941.472 607.01214     2.411    -4.523               7.724          1410Qd0115
  7941.492      20.0     6.036     -5.08                                        
  7941.585 607.01214     1.456    -3.238               7.724          0704Rc0445
  7941.661 607.01214     1.343    -2.823               7.724          0704Qc0385
  7941.705 607.01314     0.025    -2.157               7.724          0200Qb0095
  7941.726      90.0     2.025     -0.98                                        
  7941.744 607.01314     1.275    -1.850               7.724          0704Pb0365
  7941.759 607.01314     0.025    -2.883               7.724          0200Pd0105
  7941.775   23.0051     3.087    -4.372                                 KURHFS 
  7941.775   23.0051     3.087    -4.998                                 KURHFS 
  7941.775   23.0051     3.087    -5.863                                 KURHFS 
  7941.779      26.0     5.942     -1.99                                        
  7941.780 607.01214     1.456    -1.430               7.724          0704Qa0455
  7941.788 106.00113     2.241    -4.730               3.464            BX16Q185
  7941.806   23.0051     3.087    -4.588                                 KURHFS 
  7941.806   23.0051     3.087    -4.837                                 KURHFS 
  7941.806   23.0051     3.087    -5.435                                 KURHFS 
  7941.812 607.01314     0.009    -2.813               7.724          0200Pb0055
  7941.830   23.0051     3.087    -4.845                                 KURHFS 
  7941.830   23.0051     3.087    -4.871                                 KURHFS 
  7941.830   23.0051     3.087    -5.185                                 KURHFS 
  7941.830 607.01214     1.343    -1.810               7.724          0704Pa0395
  7941.832      26.0     3.045     -3.80                                        
  7941.848   23.0051     3.087    -5.009                                 KURHFS 
  7941.848   23.0051     3.087    -5.009                                 KURHFS 
  7941.848   23.0051     3.087    -5.310                                 KURHFS 
  7941.969 607.01214     0.072    -2.883               7.724          0200Rc0165
  7941.999      24.0     4.385     -1.76                                        
  7942.049 607.01214     0.072    -1.849               7.724          0200Qa0175
  7942.066 607.01314     2.296    -2.997               7.724          1309Pb0285
  7942.123      25.1     6.900     -2.46                                        
  7942.203 607.01214     1.336    -2.295               7.724          0805Pb0205
  7942.260 106.00112     0.314   -13.263               3.464            XX50R135
  7942.260 607.01214     0.382    -3.203               7.724          0200Rd0405
  7942.337 607.01314     0.251    -3.109               7.724          0200Rd0335
  7942.401 607.01314     0.004    -2.648               7.724          0200Ra0045
  7942.418 607.01214     1.946    -1.489               7.724          0401Rb0855
  7942.477 607.01314     0.047    -2.177               7.724          0200Ra0145
  7942.564 607.01214     2.310    -3.995               7.724          1309Pc0255
  7942.639 607.01214     1.497    -2.044               7.724          0805Rb0335
  7942.754 607.01214     0.049    -2.324               7.724          0200Pb0135
  7942.773      23.0     1.711     -6.79                                        
  7942.784 607.01214     1.497    -2.913               7.724          0805Qd0345
  7942.805 607.01214     1.946    -3.157               7.724          0401Qd0865
  7942.841      26.0     5.809     -3.13                                        
  7942.972      24.0     5.230     -1.45                                        
  7942.993      20.0     5.960     -4.38                                        
  7943.073 607.01314     1.253    -2.820               7.724          0805Qc0135
  7943.117 607.01314     2.284    -3.726               7.724          1309Qc0275
  7943.145 607.01314     1.253    -2.534               7.724          0805Pa0145
  7943.217 607.01314     2.284    -3.006               7.724          1309Pa0285
  7943.224      14.0     6.186     -3.74                                        
  7943.232 607.01214     1.688    -3.377               7.724          0401Rc0785
  7943.247      22.0     3.106     -3.59                                        
  7943.269 607.01214     0.177    -1.894               7.724          0200Ra0275
  7943.277      23.0     3.071     -2.14                                        
  7943.300 607.01314     1.381    -2.121               7.724          0805Ra0285
  7943.403      14.0     6.218     -3.56                                        
  7943.404      20.0     6.041     -2.43                                        
  7943.438 106.00113     2.242    -8.571               3.464            BX16R175
  7943.455 607.01214     2.390    -4.446               7.724          1410Qb0045
  7943.474 607.01214     2.390    -4.896               7.724          1410Pd0055
  7943.551 607.01314     1.316    -1.972               7.724          0805Qb0215
  7943.588 607.01214     1.689    -1.242               7.724          0401Qa0795
  7943.643 607.01314     1.316    -3.107               7.724          0805Pd0225
  7943.678      22.0     3.102     -3.82                                        
  7943.688      22.0     3.580     -2.55                                        
  7943.743 607.01214     1.521    -3.527               7.724          0300Qc0805
  7943.761 106.00113     0.228   -13.329               3.464            XX50R115
  7943.772 106.00113     2.879    -0.592               3.464            AX52P405
  7943.802 607.01214     0.031    -2.651               7.724          0200Qc0105
  7943.817 607.01214     2.386    -5.133               7.724          1410Pb0025
  7943.850 607.01214     2.416    -4.309               7.724          1410Rb0115
  7943.855 607.01214     0.031    -2.455               7.724          0200Pa0115
  7943.858      22.0     3.291     -0.12                                        
  7943.871      20.0     6.041     -3.27                                        
  7943.882      55.0     1.454     -1.16                                        
  7943.891 607.01214     2.416    -4.522               7.724          1410Qd0125
  7943.914 607.01314     0.094    -2.058               7.724          0200Rb0195
  7943.950      15.0     8.435     -2.30                                        
  7943.967 106.00112     2.160    -6.522               3.464            AX16R155
  7944.001      14.0     5.984     -0.31                              NIST/B    
  7944.006 607.01314     0.094    -2.642               7.724          0200Qd0205
  7944.009 106.00112     2.160    -6.542               3.464            AX16R165
  7944.063 607.01314     0.003    -2.724               7.724          0200Ra0035
  7944.073      20.0     6.041     -2.85                                        
  7944.076 607.01314     1.298    -3.086               7.724          0805Rc0195
  7944.106 607.01314     0.054    -2.147               7.724          0200Ra0155
  7944.114 607.01214     1.521    -1.914               7.724          0300Pa0815
  7944.160 607.01314     1.298    -1.996               7.724          0805Qa0205
  7944.264 106.00112     2.160    -8.274               3.464            AX16Q165
  7944.392 607.01214     0.098    -1.793               7.724          0200Qb0195
  7944.453      12.0     5.928     -2.74                                        
  7944.486 607.01214     0.098    -2.930               7.724          0200Pd0205
  7944.582 607.01214     1.482    -2.033               7.724          0805Ra0335
  7944.628      40.0     0.650     -1.56                                        
  7944.647      23.0     3.070     -1.01                               LAWNOHFS 
  7944.685 607.01214     3.147    -5.645               7.724          1813Pc0225
  7944.743 607.01214     2.500    -5.111               7.724          1410Rd0235
  7944.856      25.0     4.682     -2.86                                        
  7945.088 607.01314     0.030    -2.105               7.724          0200Qb0105
  7945.116 607.01214     1.260    -3.168               7.724          0704Pc0335
  7945.141 607.01314     0.030    -2.876               7.724          0200Pd0115
  7945.192      24.0     5.778     -3.78                                        
  7945.274 607.01214     0.203    -1.886               7.724          0200Rb0285
  7945.342      23.1     4.732     -2.41                                        
  7945.410 607.01214     0.203    -2.750               7.724          0200Qd0295
  7945.546 607.01314     2.241    -4.016               7.724          1309Pc0235
  7945.670 607.01214     1.546    -1.240               7.724          0603Qb0585
  7945.695      22.1     4.006     -2.02                                        
  7945.709      26.0     4.590     -4.35                                        
  7945.784 607.01314     1.273    -2.434               7.724          0805Pb0165
  7945.847      26.0     4.390      0.00                              Ruffoni14 
  7945.929 607.01214     1.546    -3.164               7.724          0603Pd0595
  7945.954 607.01314     1.397    -1.603               7.724          0401Pb0715
  7945.974 106.00112     2.340    -8.715               3.464            BX05P235
  7945.983      26.0     6.017     -2.92                              PK15THEOR 
  7945.985      26.0     2.422     -5.38                                        
  7946.023 607.01314     0.061    -2.119               7.724          0200Ra0165
  7946.041 607.01214     2.392    -4.352               7.724          1410Qb0055
  7946.062 607.01214     2.392    -4.849               7.724          1410Pd0065
  7946.064 607.01314     0.001    -2.810               7.724          0200Ra0025
  7946.195 607.01214     0.017    -3.140               7.724          0200Pc0075
  7946.205 607.01214     1.401    -1.849               7.724          0805Qb0265
  7946.215 607.01214     1.259    -3.165               7.724          0603Pc0465
  7946.269      26.0     5.788     -3.51                                        
  7946.321 607.01214     1.401    -3.166               7.724          0805Pd0275
  7946.333      24.1     6.798     -2.13                                        
  7946.385 607.01314     0.013    -2.722               7.724          0200Pb0065
  7946.388 607.01314     2.359    -5.174               7.724          1410Rd0105
  7946.411 607.01214     1.741    -1.487               7.724          0603Rb0655
  7946.436 607.01314     2.355    -5.174               7.724          1410Rd0095
  7946.443 607.01314     1.406    -2.114               7.724          0805Rb0295
  7946.501 607.01314     1.218    -3.405               7.724          0401Pc0655
  7946.504      25.0     4.824     -3.17                                        
  7946.549      22.0     3.567     -3.27                                        
  7946.562 607.01214     2.422    -4.276               7.724          1410Rb0125
  7946.568 607.01314     1.406    -2.932               7.724          0805Qd0305
  7946.607 607.01214     2.422    -4.524               7.724          1410Qd0135
  7946.619 106.00112     2.743   -11.669               3.464            AX06R275
  7946.619 607.01314     2.364    -5.178               7.724          1410Rd0115
  7946.647 607.01214     1.946    -1.482               7.724          0401Ra0865
  7946.656 607.01214     0.080    -2.891               7.724          0200Rc0175
  7946.696 607.01214     1.741    -2.933               7.724          0603Qd0665
  7946.741 607.01214     0.080    -1.821               7.724          0200Qa0185
  7946.761 607.01314     2.352    -5.178               7.724          1410Rd0085
  7946.866      20.0     5.881     -5.88                                        
  7947.016 607.01314     1.236    -3.233               7.724          0805Pc0105
  7947.057 607.01214     1.326    -2.862               7.724          0805Qc0195
  7947.097      12.0     5.927     -3.09                                        
  7947.132 607.01314     2.369    -5.186               7.724          1410Rd0125
  7947.137      22.0     4.402     -1.82                                        
  7947.144 607.01214     1.326    -2.309               7.724          0805Pa0205
  7947.147      26.0     5.583     -3.59                                        
  7947.350      23.0     3.054     -0.95                                        
  7947.360 607.01314     2.348    -5.187               7.724          1410Rd0075
  7947.429 607.01314     0.266    -3.117               7.724          0200Rd0345
  7947.458      23.0     4.634     -2.37                                        
  7947.521      27.0     5.201     -2.74                                        
  7947.584      23.0     3.874     -3.73                                        
  7947.603      37.0     0.000     -0.17                              Morto00/2%
  7947.671 607.01314     0.104    -2.034               7.724          0200Rb0205
  7947.704      20.0     5.963     -4.56                                        
  7947.736 607.01214     2.387    -4.954               7.724          1410Pb0035
  7947.745 607.01214     2.375    -3.905               7.724          0300Rd1025
  7947.757 607.01314     0.104    -2.650               7.724          0200Qd0215
  7947.884 607.01214     3.189    -5.074               7.724          1813Qc0265
  7947.919      60.1     1.224     -1.91                                        
  7947.928 607.01314     2.374    -5.196               7.724          1410Rd0135
  7947.932      20.0     5.983     -3.62                                        
  7947.976 607.01214     1.389    -3.142               7.724          0805Rc0255
  7948.088 607.01214     1.389    -1.852               7.724          0805Qa0265
  7948.134      62.1     1.609     -1.87                                        
  7948.134 607.01214     1.293    -3.199               7.724          0805Pc0155
  7948.146      44.0     4.013     -0.43                                        
  7948.192 607.01214     3.189    -4.597               7.724          1813Pa0275
  7948.229 607.01314     0.069    -2.092               7.724          0200Ra0175
  7948.233 607.01314     2.345    -5.203               7.724          1410Rd0065
  7948.237      15.0     8.244     -3.01                                        
  7948.237 607.01214     1.477    -1.434               7.724          0704Qb0455
  7948.370 607.01314     0.000    -2.907               7.724          0200Ra0015
  7948.436 607.01214     1.477    -3.134               7.724          0704Pd0465
  7948.452      24.0     6.007     -2.69                                        
  7948.474 106.00113     2.389    -9.304               3.464            BX06R215
  7948.501 106.00112     2.161    -6.542               3.464            AX16R165
  7948.528 607.01214     3.200    -4.585               7.724          1813Pb0275
  7948.582      21.0     6.061     -2.44                                        
  7948.674 106.00112     3.004    -9.002               3.464            AX16P305
  7948.698 106.00112     2.161    -6.522               3.464            AX16R155
  7948.704 607.01314     0.035    -2.058               7.724          0200Qb0115
  7948.737 607.01214     1.360    -1.803               7.724          0704Pb0395
  7948.754 607.01314     0.035    -2.872               7.724          0200Pd0125
  7948.757 106.00112     2.161    -8.247               3.464            AX16Q165
  7948.768 607.01214     0.037    -2.646               7.724          0200Qc0115
  7948.787 607.01214     0.190    -1.878               7.724          0200Ra0285
  7948.824 607.01214     0.037    -2.404               7.724          0200Pa0125
  7948.868 607.01314     1.259    -2.821               7.724          0805Qc0145
  7948.905 607.01214     2.395    -4.273               7.724          1410Qb0065
  7948.930 607.01214     2.395    -4.813               7.724          1410Pd0075
  7948.932 607.01314     1.259    -2.494               7.724          0805Pa0155
  7948.934 607.01214     1.626    -1.173               7.724          0502Qb0695
  7948.983 607.01214     2.510    -5.133               7.724          1410Rd0245
  7949.010 607.01314     2.380    -5.208               7.724          1410Rd0145
  7949.100      24.0     4.385     -2.34                                        
  7949.101      23.0     2.372     -5.36                                        
  7949.153      22.0     1.501     -1.46                                        
  7949.179      12.0     5.927     -2.62                                        
  7949.227 607.01214     1.294    -3.448               7.724          0401Pc0665
  7949.245 607.01214     1.626    -3.235               7.724          0502Pd0705
  7949.354      21.0     5.887     -2.91                                        
  7949.356 607.01214     1.652    -3.523               7.724          0805Rd0435
  7949.372      21.0     5.564     -2.20                                        
  7949.376 607.01314     2.343    -5.229               7.724          1410Rd0055
  7949.384 607.01214     0.056    -2.285               7.724          0200Pb0145
  7949.486      20.0     6.030     -5.86                                        
  7949.489 607.01314     1.394    -2.107               7.724          0805Ra0295
  7949.542 607.01214     0.401    -3.211               7.724          0200Rd0415
  7949.552 106.00113     2.003    -9.000               3.464            AX16R125
  7949.574 607.01214     2.428    -4.248               7.724          1410Rb0135
  7949.622 607.01214     2.428    -4.528               7.724          1410Qd0145
  7949.632      20.0     6.030     -5.10                                        
  7949.660      60.1     1.348     -1.49                                        
  7949.774 607.01214     1.484    -1.607               7.724          0401Pb0725
  7949.797 607.01314     1.307    -3.095               7.724          0805Rc0205
  7949.885 607.01314     1.307    -1.973               7.724          0805Qa0215
  7950.068 106.00113     0.268   -13.306               3.464            XX50R125
  7950.136 106.00113     0.035   -14.818               3.464            XX50R045
  7950.169      73.0     1.654     -1.73                                        
  7950.291 607.01314     1.326    -1.950               7.724          0805Qb0225
  7950.380 607.01314     2.386    -5.223               7.724          1410Rd0155
  7950.388 607.01314     1.326    -3.115               7.724          0805Pd0235
  7950.395 607.01214     1.395    -1.598               7.724          0603Pb0525
  7950.415 607.01214     0.108    -1.769               7.724          0200Qb0205
  7950.454      25.1     3.815     -6.29                                        
  7950.497      26.0     5.809     -3.50                                        
  7950.507      22.0     4.502     -3.29                                        
  7950.511 607.01214     0.108    -2.938               7.724          0200Pd0215
  7950.557 607.01314     1.200    -3.102               7.724          0704Pc0315
  7950.662 607.01214     1.546    -3.148               7.724          0603Rc0585
  7950.694 106.00112     0.315   -13.221               3.464            XX50R135
  7950.714 607.01314     0.077    -2.067               7.724          0200Ra0185
  7950.730      26.0     5.821     -3.75                                        
  7950.786      26.0     5.519     -2.12                                        
  7950.787 607.01314     2.341    -5.265               7.724          1410Rd0045
  7950.814      26.0     5.498     -2.76                                        
  7950.827      26.0     5.109     -1.94                                        
  7950.837 106.00113     2.880    -3.733               3.464            AX52Q395
  7950.891 106.00113     2.336    -8.185               3.464            AX16P205
  7950.912 106.00113     2.442    -9.546               3.464            BX06R225
  7950.936 607.01214     1.345    -2.271               7.724          0805Pb0215
  7950.967      22.0     4.485     -2.56                                        
  7951.000 607.01314     0.000    -3.008               7.724          0200Ra0005
