a line list in the range:    7329.00   7341.00
  7329.018 607.01314     3.236    -4.240               7.724          2014Pb0155
  7329.037 607.01214     2.605    -4.516               7.724          1611Pb0015
  7329.102 607.01214     0.670    -3.159               7.724          0401Rc0415
  7329.105      42.0     3.878     -0.78                                        
  7329.120 106.00113     1.341    -8.780               3.464            AX04R075
  7329.142 607.01314     0.495    -2.667               7.724          0502Ra0035
  7329.186      24.0     5.937     -3.80                                        
  7329.238 106.00112     3.058     1.357               3.464            AX54Q375
  7329.247 607.01314     1.547    -3.111               7.724          1006Pc0215
  7329.250 607.01214     0.590    -2.824               7.724          0502Rc0185
  7329.263      24.0     4.437     -4.06                                        
  7329.266 607.01214     0.670    -1.500               7.724          0401Qa0425
  7329.286 607.01214     2.691    -4.023               7.724          1611Rd0205
  7329.302 607.01214     3.338    -4.859               7.724          2014Rc0205
  7329.324 607.01214     0.590    -1.734               7.724          0502Qa0195
  7329.362 607.01214     1.705    -3.514               7.724          1107Pb0025
  7329.391      23.0     4.678     -3.50                                        
  7329.438 607.01214     3.338    -3.674               7.724          2014Qa0215
  7329.450      14.0     6.176     -2.18                                        
  7329.472 106.00112     3.058    -1.562               3.464            AX54R365
  7329.499      20.0     5.989     -3.41                                        
  7329.520      23.0     2.576     -2.87                                        
  7329.671      23.0     2.113     -2.03                               LAWNOHFS 
  7329.735      68.1     2.340     -1.18                              Lawler08  
  7329.749 607.01214     2.626    -3.447               7.724          1611Rb0095
  7329.780 607.01214     2.626    -3.609               7.724          1611Qd0105
  7329.791 607.01214     1.885    -1.856               7.724          1006Rb0425
  7329.792 106.00112     3.058    -1.828               3.464            AX54P375
  7329.797 607.01214     2.068    -3.466               7.724          0602Rc0825
  7329.871      15.0     8.244     -2.10                                        
  7329.915      58.0     1.637      0.21                                        
  7329.944 607.01214     1.885    -2.943               7.724          1006Qd0435
  7329.977 607.01214     0.702    -1.826               7.724          0502Rb0285
  7330.007 607.01214     1.624    -3.149               7.724          1006Pc0255
  7330.008 607.01314     0.576    -2.027               7.724          0502Rb0185
  7330.011 607.01214     1.210    -3.800               7.724          0300Rd0725
  7330.025 607.01214     2.608    -3.656               7.724          1611Qb0035
  7330.026 106.00112     3.058     1.081               3.464            AX54Q365
  7330.049      26.0     5.316     -2.31                                        
  7330.056 607.01214     2.608    -4.067               7.724          1611Pd0045
  7330.061 607.01214     0.840    -1.710               7.724          0401Rb0495
  7330.070      22.0     3.724     -1.77                                        
  7330.082 607.01314     0.576    -2.562               7.724          0502Qd0195
  7330.082 607.01314     0.726    -1.740               7.724          0401Rb0455
  7330.089 607.01214     0.702    -2.670               7.724          0502Qd0295
  7330.106      14.0     6.176     -2.27                                        
  7330.110 607.01214     2.068    -1.312               7.724          0602Qa0835
  7330.137      26.0     4.635     -2.03                                        
  7330.143 607.01314     3.250    -4.945               7.724          2014Rc0175
  7330.156 607.01314     0.539    -2.121               7.724          0502Ra0145
  7330.204      26.0     5.454     -2.98                                        
  7330.222      26.0     4.581     -3.36                                        
  7330.249 106.00112     1.555    -6.153               3.464            AX15R025
  7330.254 607.01214     0.840    -2.970               7.724          0401Qd0505
  7330.255 607.01314     0.726    -2.905               7.724          0401Qd0465
  7330.279 106.00112     1.542    -7.203               3.464            AX15R015
  7330.283 106.00112     1.542    -7.196               3.464            AX15R015
  7330.284      24.0     4.093     -3.07                                        
  7330.292 607.01314     2.459    -3.610               7.724          1510Pc0235
  7330.341 607.01314     3.250    -3.898               7.724          2014Qa0185
  7330.342      25.0     5.210     -2.24                                        
  7330.458      14.0     6.074     -1.74                                        
  7330.458 106.00112     1.555    -6.152               3.464            AX15R025
  7330.458 607.01314     3.265    -3.876               7.724          2014Qb0195
  7330.488       8.1     3.324     -8.79                                        
  7330.496 607.01314     0.503    -3.288               7.724          0300Qc0465
  7330.524 607.01214     3.306    -4.473               7.724          2014Qc0165
  7330.570      26.0     5.060     -3.69                                        
  7330.590      25.1     3.707     -2.71                                        
  7330.605 607.01214     1.834    -3.319               7.724          1107Rd0245
  7330.635 607.01214     3.306    -4.043               7.724          2014Pa0175
  7330.658 106.00112     3.070   -12.026               3.464            AX06R325
  7330.659 607.01314     3.209    -4.964               7.724          2014Pc0105
  7330.678 607.01314     3.265    -4.829               7.724          2014Pd0205
  7330.679 607.01314     0.503    -2.127               7.724          0300Pa0475
  7330.717 607.01314     0.494    -2.752               7.724          0502Ra0025
  7330.759 607.01314     0.522    -2.048               7.724          0502Qb0105
  7330.773 607.01214     0.860    -3.116               7.724          0502Rd0395
  7330.802 607.01214     1.742    -2.572               7.724          1107Rb0125
  7330.815 607.01314     0.522    -2.808               7.724          0502Pd0115
  7330.847 607.01214     1.762    -3.141               7.724          1006Rc0355
  7330.848 607.01214     1.743    -2.883               7.724          1107Qd0135
  7330.875      14.0     6.176     -1.17                                        
  7330.875 607.01314     0.505    -2.664               7.724          0502Pb0065
  7330.884      26.0     5.422     -3.91                                        
  7330.902      27.0     5.033     -3.83                                        
  7330.932      24.0     4.093     -4.16                                        
  7330.934      25.0     5.210     -2.57                                        
  7330.975 607.01214     1.763    -1.625               7.724          1006Qa0365
  7330.984 607.01314     2.502    -3.316               7.724          1510Qc0275
  7330.990      22.0     1.738     -1.80                                        
  7331.000 106.00113     2.916     0.443               3.464            AX53Q375
  7331.065 607.01314     2.502    -2.595               7.724          1510Pa0285
  7331.078 607.01214     3.287    -4.790               7.724          2014Pc0135
  7331.128 607.01214     0.565    -2.188               7.724          0502Pb0155
  7331.143 607.01214     1.712    -2.720               7.724          1107Qb0055
  7331.165 607.01214     1.712    -3.244               7.724          1107Pd0065
  7331.216 106.00113     2.336    -9.508               3.464            AX16R205
  7331.287      24.0     5.655     -3.10                                        
  7331.294       8.1     3.324     -8.71                                        
  7331.350 607.01314     3.224    -4.608               7.724          2014Qc0135
  7331.364      23.0     3.564     -1.34                                        
  7331.391 607.01314     0.711    -3.017               7.724          0502Rd0315
  7331.451 607.01214     0.961    -1.952               7.724          0300Rb0635
  7331.455      23.0     2.893     -2.34                                        
  7331.460 607.01314     2.514    -2.586               7.724          1510Pb0285
  7331.506 607.01314     3.224    -4.302               7.724          2014Pa0145
  7331.595      42.0     3.878     -0.84                                        
  7331.630 607.01214     0.528    -3.004               7.724          0502Pc0095
  7331.701 607.01214     0.961    -3.411               7.724          0300Qd0645
  7331.779 607.01314     2.565    -3.634               7.724          1510Rc0325
  7331.819 607.01214     2.631    -3.401               7.724          1611Rb0105
  7331.826 106.00113     2.918     0.732               3.464            AX53Q385
  7331.841 607.01214     2.631    -3.602               7.724          1611Qd0115
  7331.858 607.01314     0.545    -2.091               7.724          0502Ra0155
  7331.874 607.01314     2.565    -2.219               7.724          1510Qa0335
  7331.897 607.01314     0.661    -1.743               7.724          0300Qb0535
  7331.952 607.01314     0.576    -3.092               7.724          0401Rc0375
  7331.955      27.0     5.107     -1.33                                        
  7331.982 106.00112     1.556    -6.850               3.464            AX15Q035
  7331.997 607.01314     0.839    -1.952               7.724          0300Ra0615
  7332.074 607.01214     2.610    -3.544               7.724          1611Qb0045
  7332.090 607.01314     0.576    -1.537               7.724          0401Qa0385
  7332.101 607.01314     0.661    -3.597               7.724          0300Pd0545
  7332.110 607.01214     2.610    -4.004               7.724          1611Pd0055
  7332.142 607.01214     2.606    -4.238               7.724          1611Pb0025
  7332.143 106.00112     1.556    -6.844               3.464            AX15Q035
  7332.234      24.0     6.074     -3.26                                        
  7332.259      22.0     1.748     -1.80                                        
  7332.316 607.01214     0.592    -3.352               7.724          0300Qc0495
  7332.348      23.1     6.312     -1.43                                        
  7332.386      25.0     5.210     -1.76                                        
  7332.413 106.00112     1.556    -6.040               3.464            AX15R035
  7332.452   23.0051     2.357    -5.729                                 KURHFS 
  7332.452   23.0051     2.357    -5.984                                 KURHFS 
  7332.459      22.0     3.580     -2.59                                        
  7332.469   23.0051     2.357    -5.530                                 KURHFS 
  7332.469   23.0051     2.357    -5.729                                 KURHFS 
  7332.469   23.0051     2.357    -7.637                                 KURHFS 
  7332.481 607.01214     0.689    -1.818               7.724          0502Ra0285
  7332.494   23.0051     2.357    -5.466                                 KURHFS 
  7332.494   23.0051     2.357    -5.530                                 KURHFS 
  7332.494   23.0051     2.357    -6.394                                 KURHFS 
  7332.513 607.01214     0.592    -2.111               7.724          0300Pa0505
  7332.528   23.0051     2.357    -5.466                                 KURHFS 
  7332.528   23.0051     2.357    -5.497                                 KURHFS 
  7332.528   23.0051     2.357    -5.677                                 KURHFS 
  7332.528 607.01214     2.700    -4.033               7.724          1611Rd0215
  7332.537 607.01314     0.926    -3.321               7.724          0401Rd0555
  7332.570   23.0051     2.357    -5.271                                 KURHFS 
  7332.570   23.0051     2.357    -5.497                                 KURHFS 
  7332.570   23.0051     2.357    -5.678                                 KURHFS 
  7332.572 607.01314     0.493    -2.848               7.724          0502Ra0015
  7332.574 106.00112     1.556    -6.041               3.464            AX15R035
  7332.621   23.0051     2.357    -4.979                                 KURHFS 
  7332.621   23.0051     2.357    -5.678                                 KURHFS 
  7332.633      20.0     6.036     -5.90                                        
  7332.641      24.0     5.151     -1.14                                        
  7332.649      62.0     0.498     -1.45                                        
  7332.777 607.01214     1.707    -3.338               7.724          1107Pb0035
  7332.786 607.01214     0.561    -2.879               7.724          0401Qc0355
  7332.846 607.01214     3.321    -3.993               7.724          2014Pb0185
  7332.927 607.01214     0.561    -1.900               7.724          0401Pa0365
  7332.930 607.01214     2.510    -2.188               7.724          0400Rb1045
  7332.950      39.1     1.721     -1.98                              Biemont11 
  7332.953      22.0     3.102     -1.90                                        
  7332.960 607.01214     2.543    -3.619               7.724          1510Pc0265
  7332.988 106.00113     1.972    -5.981               3.464            AX04P225
  7333.020      20.0     6.003     -5.65                                        
  7333.114 106.00113     1.972    -8.544               3.464            AX04Q215
  7333.166      24.0     4.532     -3.65                                        
  7333.195 607.01214     2.593    -3.336               7.724          1510Qc0305
  7333.243 607.01214     1.842    -3.174               7.724          0905Rc0515
  7333.284 607.01214     2.593    -2.511               7.724          1510Pa0315
  7333.302 607.01214     1.749    -2.536               7.724          1107Rb0135
  7333.304      22.0     4.366     -2.77                                        
  7333.336 607.01214     2.510    -4.015               7.724          0400Qd1055
  7333.351 607.01214     1.749    -2.884               7.724          1107Qd0145
  7333.394 607.01314     0.585    -2.002               7.724          0502Rb0195
  7333.428 607.01214     1.842    -1.376               7.724          0905Qa0525
  7333.429      28.0     4.415     -2.19                                        
  7333.433      24.0     5.974     -3.97                                        
  7333.433 106.00113     1.972    -6.012               3.464            AX04P215
  7333.442   27.0059     2.041    -6.274                                 KURHFS 
  7333.442   27.0059     2.041    -6.274                                 KURHFS 
  7333.442   27.0059     2.041    -6.575                                 KURHFS 
  7333.452   27.0059     2.041    -6.110                                 KURHFS 
  7333.452   27.0059     2.041    -6.136                                 KURHFS 
  7333.452   27.0059     2.041    -6.450                                 KURHFS 
  7333.455 607.01214     3.356    -3.659               7.724          2014Qb0225
  7333.456 607.01314     0.585    -2.568               7.724          0502Qd0205
  7333.467   27.0059     2.041    -5.853                                 KURHFS 
  7333.467   27.0059     2.041    -6.102                                 KURHFS 
  7333.467   27.0059     2.041    -6.700                                 KURHFS 
  7333.486   27.0059     2.041    -5.637                                 KURHFS 
  7333.486   27.0059     2.041    -6.263                                 KURHFS 
  7333.486   27.0059     2.041    -7.128                                 KURHFS 
  7333.507 106.00112     3.166    -9.303               3.464            AX05Q355
  7333.550 106.00112     1.976    -8.506               3.464            AX04Q215
  7333.557      26.0     4.260     -1.82                              Ruffoni14 
  7333.559 106.00113     2.874   -10.154               3.464            AX05R315
  7333.570 106.00112     3.166    -6.282               3.464            AX05P365
  7333.590 607.01214     1.715    -2.638               7.724          1107Qb0065
  7333.604 607.01214     3.356    -4.725               7.724          2014Pd0235
  7333.607 106.00113     2.874    -6.613               3.464            AX05Q325
  7333.616 607.01214     1.715    -3.211               7.724          1107Pd0075
  7333.670 607.01214     0.551    -2.570               7.724          0502Qc0135
  7333.671      28.0     5.493     -1.72                                        
  7333.708 607.01314     2.579    -2.218               7.724          1510Qb0335
  7333.710      42.0     3.245     -1.78                                        
  7333.725 607.01214     0.551    -2.253               7.724          0502Pa0145
  7333.730      20.0     6.041     -3.58                                        
  7333.756 106.00112     1.976    -5.979               3.464            AX04P225
  7333.803 106.00112     2.441    -8.887               3.464            AX04P285
  7333.806 607.01314     2.579    -3.610               7.724          1510Pd0345
  7333.824 607.01314     0.552    -2.063               7.724          0502Ra0165
  7333.887      22.0     1.878     -4.31                                        
  7333.892      23.0     1.941     -6.90                                        
  7333.892 106.00112     1.976    -6.011               3.464            AX04P215
  7333.980 607.01214     0.483    -3.189               7.724          0401Pc0305
  7334.021 106.00112     1.666    -8.258               3.464            BX05R085
  7334.037 106.00113     2.874    -6.650               3.464            AX05Q315
  7334.049 607.01314     0.527    -2.001               7.724          0502Qb0115
  7334.084 106.00113     2.874    -8.912               3.464            AX05P325
  7334.099 607.01314     0.527    -2.803               7.724          0502Pd0125
  7334.111 106.00112     3.166    -6.316               3.464            AX05P355
  7334.111 607.01214     0.599    -2.832               7.724          0502Rc0195
  7334.128      20.0     6.041     -3.95                                        
  7334.155      57.0     0.000     -1.87                                        
  7334.162 607.01214     2.636    -3.360               7.724          1611Rb0115
  7334.173 607.01214     2.636    -3.599               7.724          1611Qd0125
  7334.190 607.01214     0.599    -1.709               7.724          0502Qa0205
  7334.211   23.0051     1.929    -5.771                                 KURHFS 
  7334.218      22.0     3.106     -1.48                                        
  7334.236   23.0051     1.929    -5.771                                 KURHFS 
  7334.236   23.0051     1.929    -5.947                                 KURHFS 
  7334.250 607.01214     0.689    -1.500               7.724          0401Qb0425
  7334.251 607.01214     1.779    -1.625               7.724          1006Qb0365
  7334.273   23.0051     1.929    -5.607                                 KURHFS 
  7334.273   23.0051     1.929    -6.072                                 KURHFS 
  7334.273   23.0051     1.929    -6.197                                 KURHFS 
  7334.301      20.0     6.041     -3.50                                        
  7334.320 106.00112     3.166    -3.778               3.464            AX55R355
  7334.321   23.0051     1.929    -5.599                                 KURHFS 
  7334.321   23.0051     1.929    -5.633                                 KURHFS 
  7334.321   23.0051     1.929    -6.625                                 KURHFS 
  7334.382 106.00112     3.166    -1.688               3.464            AX55Q365
  7334.382 607.01214     2.612    -3.450               7.724          1611Qb0055
  7334.383   23.0051     1.929    -5.350                                 KURHFS 
  7334.383   23.0051     1.929    -5.760                                 KURHFS 
  7334.383 607.01214     1.779    -3.154               7.724          1006Pd0375
  7334.417 607.01214     0.689    -3.193               7.724          0401Pd0435
  7334.420 607.01214     2.612    -3.958               7.724          1611Pd0065
  7334.453      20.0     6.012     -2.91                                        
  7334.456   23.0051     1.929    -5.134                                 KURHFS 
  7334.542      60.0     0.000     -2.14                                        
  7334.568      26.0     5.474     -3.31                                        
  7334.580      26.0     5.678     -3.33                                        
  7334.580 607.01214     0.619    -1.684               7.724          0502Qb0215
  7334.594 106.00112     1.666   -11.599               3.464            BX05Q095
  7334.630      26.1     7.264     -2.59                                        
  7334.666 607.01214     0.619    -2.868               7.724          0502Pd0225
  7334.670      58.1     2.414     -0.52                                        
  7334.721 607.01314     0.492    -2.949               7.724          0502Ra0005
  7334.748 106.00112     1.666    -8.190               3.464            BX05R095
  7334.779      20.0     5.979     -6.06                                        
  7334.800 607.01214     1.690    -3.554               7.724          0602Pc0715
  7334.817      27.0     5.200     -3.44                                        
  7334.830 607.01314     0.416    -3.120               7.724          0401Pc0265
  7334.857 106.00112     3.166    -1.524               3.464            AX55Q355
  7334.888      26.0     5.381     -1.82                                        
  7334.896      26.0     3.299     -9.56                                        
  7334.898 607.01314     0.593    -1.537               7.724          0401Qb0385
  7334.920 106.00112     3.166    -3.537               3.464            AX55P365
  7334.984      24.0     5.151     -0.98                                        
  7335.027 607.01314     0.508    -2.586               7.724          0502Pb0075
  7335.047 607.01314     0.593    -3.124               7.724          0401Pd0395
  7335.069 607.01214     0.766    -1.731               7.724          0300Qb0565
  7335.070      20.0     5.979     -5.85                                        
  7335.078 607.01314     0.482    -2.808               7.724          0401Qc0315
  7335.080 607.01214     1.724    -3.841               7.724          0501Pc0795
  7335.156      21.0     4.963     -3.76                                        
  7335.191 607.01314     1.612    -2.082               7.724          1006Pb0275
  7335.195 607.01314     0.482    -1.948               7.724          0401Pa0325
  7335.269 607.01214     1.988    -2.335               7.724          0400Pb0925
  7335.292 607.01214     0.766    -3.658               7.724          0300Pd0575
  7335.306 607.01214     0.840    -1.698               7.724          0401Ra0505
  7335.338 106.00112     1.618    -5.673               3.464            AX15Q065
  7335.362      26.0     5.102     -1.79                                        
  7335.406      22.0     3.437     -3.34                                        
  7335.492 106.00112     1.618    -7.292               3.464            AX15R065
  7335.502 607.01214     2.608    -4.062               7.724          1611Pb0035
  7335.525      22.0     4.299     -3.71                                        
  7335.548 607.01314     1.600    -2.804               7.724          1006Qc0265
  7335.614 607.01314     3.257    -4.963               7.724          2014Rc0185
  7335.642 607.01314     1.600    -2.091               7.724          1006Pa0275
  7335.648      13.0     4.084     -1.80                                        
  7335.748      26.0     5.616     -2.87                                        
  7335.765 607.01314     3.243    -4.206               7.724          2014Pb0165
  7335.771 106.00113     2.551    -8.559               3.464            AX16Q245
  7335.806 607.01214     0.961    -1.943               7.724          0300Ra0645
  7335.824 607.01314     3.257    -3.878               7.724          2014Qa0195
  7335.834 607.01314     0.726    -1.727               7.724          0401Ra0465
  7335.861      25.1     6.568     -6.84                                        
  7335.883 607.01214     1.885    -1.842               7.724          1006Ra0435
  7335.893 607.01214     2.606    -2.505               7.724          1510Pb0315
  7335.912 607.01214     1.065    -3.383               7.724          0401Rd0595
  7335.951 607.01314     0.725    -3.025               7.724          0502Rd0325
  7335.986 607.01214     0.716    -1.811               7.724          0502Rb0295
  7335.987      13.0     4.084     -2.76                                        
  7335.993      26.0     5.382     -3.70                                        
  7335.997 607.01214     3.347    -4.881               7.724          2014Rc0215
  7336.039 607.01214     2.709    -4.045               7.724          1611Rd0225
  7336.041      24.0     4.096     -3.45                                        
  7336.051 607.01314     0.560    -2.036               7.724          0502Ra0175
  7336.058 607.01214     1.755    -2.502               7.724          1107Rb0145
  7336.066      40.0     0.519     -2.17                                        
  7336.088 106.00112     1.618    -7.174               3.464            AX15P075
  7336.095 607.01214     1.688    -2.852               7.724          1006Qc0305
  7336.100 106.00113     1.827    -7.580               3.464            AX15Q135
  7336.103 607.01214     0.716    -2.679               7.724          0502Qd0305
  7336.110 607.01214     1.755    -2.886               7.724          1107Qd0155
  7336.140 607.01214     3.347    -3.658               7.724          2014Qa0225
  7336.150 607.01214     2.510    -2.181               7.724          0400Ra1055
  7336.152      20.0     6.022     -7.55                                        
  7336.174      63.0     1.969     -0.03                                        
  7336.181      26.0     5.389     -3.71                                        
  7336.202 106.00113     1.827    -5.616               3.464            AX15P135
  7336.206 607.01214     1.688    -2.012               7.724          1006Pa0315
  7336.243 106.00112     1.618    -5.617               3.464            AX15Q075
  7336.276 607.01214     1.718    -2.567               7.724          1107Qb0075
  7336.304 607.01214     1.718    -3.187               7.724          1107Pd0085
  7336.305 106.00112     1.618    -5.673               3.464            AX15Q065
  7336.391 106.00113     1.827    -5.580               3.464            AX15P145
  7336.396 607.01314     0.494    -2.945               7.724          0502Rc0015
  7336.398 607.01314     0.494    -2.768               7.724          0502Qa0025
  7336.425 607.01214     1.709    -3.205               7.724          1107Pb0045
  7336.446 607.01314     0.495    -2.897               7.724          0502Rc0025
  7336.456      24.0     6.016     -3.74                                        
  7336.458 607.01314     0.495    -2.606               7.724          0502Qa0035
  7336.460 106.00112     1.618    -7.301               3.464            AX15R065
  7336.493      22.0     2.266     -3.92                                        
  7336.529      27.0     5.660     -3.75                                        
  7336.629 607.01314     0.661    -3.560               7.724          0300Rc0535
  7336.634 607.01314     0.493    -2.998               7.724          0502Rc0005
  7336.634 607.01314     0.493    -3.023               7.724          0502Qa0015
  7336.669 607.01314     3.214    -4.943               7.724          2014Pc0115
  7336.778 607.01214     2.642    -3.598               7.724          1611Qd0135
  7336.781 607.01214     2.642    -3.322               7.724          1611Rb0125
  7336.782 607.01314     0.497    -2.859               7.724          0502Rc0035
  7336.795 607.01314     0.497    -2.483               7.724          0502Qa0045
  7336.816 607.01214     2.242    -1.961               7.724          0400Qb0985
  7336.820 106.00113     2.338    -9.451               3.464            AX16R205
  7336.833 607.01314     0.661    -1.735               7.724          0300Qa0545
  7336.886 607.01314     0.497    -1.942               7.724          0401Pb0325
  7336.911 607.01314     3.273    -3.858               7.724          2014Qb0205
  7336.951 607.01214     2.615    -3.369               7.724          1611Qb0065
  7336.953 106.00112     1.618    -7.167               3.464            AX15P075
  7336.962 607.01314     3.230    -4.611               7.724          2014Qc0145
  7336.990 607.01214     2.615    -3.924               7.724          1611Pd0075
  7337.007 607.01214     0.578    -1.895               7.724          0401Pb0365
  7337.011 607.01314     0.594    -1.978               7.724          0502Rb0205
  7337.027      26.0     5.389     -2.78                                        
  7337.085 607.01314     0.594    -2.576               7.724          0502Qd0215
  7337.093      24.0     4.529     -3.87                                        
  7337.107 106.00112     1.618    -5.617               3.464            AX15Q075
  7337.129 607.01314     3.230    -4.263               7.724          2014Pa0155
  7337.143      20.0     5.983     -4.80                                        
  7337.193 607.01314     0.403    -3.602               7.724          0300Pc0415
  7337.200 607.01214     2.242    -4.320               7.724          0400Pd0995
  7337.336   25.0055     2.162    -6.540                                 KURHFS 
  7337.344   25.0055     2.162    -6.218                                 KURHFS 
  7337.360   25.0055     2.162    -6.394                                 KURHFS 
  7337.371 607.01214     3.314    -4.482               7.724          2014Qc0175
  7337.373   25.0055     2.162    -6.586                                 KURHFS 
  7337.376      26.0     5.688     -2.97                                        
  7337.389   25.0055     2.162    -6.063                                 KURHFS 
  7337.402 607.01314     0.499    -2.830               7.724          0502Rc0045
  7337.412 607.01214     1.733    -1.740               7.724          0905Pb0465
  7337.413   25.0055     2.162    -5.984                                 KURHFS 
  7337.417 607.01314     0.499    -2.384               7.724          0502Qa0055
  7337.421 106.00113     2.919    -1.981               3.464            AX53R375
  7337.433   25.0055     2.162    -6.762                                 KURHFS 
  7337.450 607.01214     0.533    -2.985               7.724          0502Pc0105
  7337.456 607.01214     0.573    -2.154               7.724          0502Pb0165
  7337.457   25.0055     2.162    -6.042                                 KURHFS 
  7337.488   25.0055     2.162    -5.711                                 KURHFS 
  7337.488 607.01214     3.314    -4.013               7.724          2014Pa0185
  7337.516   25.0055     2.162    -7.142                                 KURHFS 
  7337.548   25.0055     2.162    -6.188                                 KURHFS 
  7337.550 607.01314     0.533    -1.958               7.724          0502Qb0125
  7337.586   25.0055     2.162    -5.499                                 KURHFS 
  7337.589      26.0     5.472     -3.58                                        
  7337.600 607.01314     0.533    -2.801               7.724          0502Pd0135
  7337.605 607.01214     0.878    -3.124               7.724          0502Rd0405
  7337.620      14.0     6.094     -2.58                                        
  7337.685 607.01314     1.098    -3.749               7.724          0300Rd0705
  7337.731      22.0     2.238     -1.52                                        
  7337.750 106.00113     2.552    -6.719               3.464            AX16R235
  7337.782      24.0     3.110     -3.99                                        
  7338.024 607.01214     0.702    -1.803               7.724          0502Ra0295
  7338.030      26.0     4.981     -3.31                                        
  7338.100 607.01314     0.524    -2.124               7.724          0300Pb0475
  7338.128      62.0     1.678     -0.70                                        
  7338.160 607.01314     1.557    -3.117               7.724          1006Pc0225
  7338.304 607.01314     0.502    -2.807               7.724          0502Rc0055
  7338.319 607.01314     0.502    -2.299               7.724          0502Qa0065
  7338.354       6.0     7.477     -3.75                                        
  7338.377 607.01214     3.293    -4.784               7.724          2014Pc0145
  7338.407 607.01214     1.988    -4.030               7.724          0400Qc0925
  7338.409 607.01214     1.702    -2.006               7.724          1006Pb0315
  7338.455 607.01214     2.205    -3.380               7.724          0905Rd0665
  7338.458 106.00113     2.551    -6.748               3.464            AX16R245
  7338.533      22.0     3.578     -4.02                                        
  7338.539 607.01314     0.568    -2.011               7.724          0502Ra0185
  7338.667 607.01214     2.013    -1.627               7.724          0905Rb0585
  7338.768 607.01214     1.988    -2.330               7.724          0400Pa0935
  7338.850      24.1     4.140     -5.93                                        
  7338.876 607.01214     2.013    -2.965               7.724          0905Qd0595
  7338.909 607.01214     0.558    -2.572               7.724          0502Qc0145
  7338.925      20.0     6.035     -6.47                                        
  7338.931      23.0     2.136     -0.74                               LAWNOHFS 
  7338.968 607.01214     0.558    -2.214               7.724          0502Pa0155
  7339.071 607.01214     1.762    -2.470               7.724          1107Rb0155
  7339.098      20.0     5.923     -8.57                                        
  7339.121 607.01214     2.610    -3.929               7.724          1611Pb0045
  7339.127 607.01214     1.762    -2.890               7.724          1107Qd0165
  7339.201 607.01214     1.722    -2.504               7.724          1107Qb0085
  7339.233 607.01214     1.722    -3.169               7.724          1107Pd0095
  7339.246 607.01214     0.609    -2.841               7.724          0502Rc0205
  7339.329 607.01214     0.609    -1.685               7.724          0502Qa0215
  7339.389 607.01314     0.512    -2.517               7.724          0502Pb0085
  7339.418 106.00113     1.827    -7.604               3.464            AX15Q135
  7339.423 607.01214     0.766    -3.617               7.724          0300Rc0565
  7339.463 607.01214     2.242    -4.239               7.724          0400Rc0985
  7339.486 607.01314     0.505    -2.791               7.724          0502Rc0065
  7339.509 106.00113     1.827    -5.581               3.464            AX15P145
  7339.513 607.01314     0.505    -2.226               7.724          0502Qa0075
  7339.520 106.00113     1.827    -5.616               3.464            AX15P135
  7339.561 607.01214     1.715    -2.755               7.724          1107Ra0075
  7339.647 607.01214     0.766    -1.723               7.724          0300Qa0575
  7339.657 607.01214     2.647    -3.599               7.724          1611Qd0145
  7339.678 607.01214     2.647    -3.287               7.724          1611Rb0135
  7339.693 607.01214     1.718    -2.705               7.724          1107Ra0085
  7339.694      28.0     5.284     -3.08                                        
  7339.718      14.0     6.120     -1.23                                        
  7339.736 607.01214     1.712    -2.810               7.724          1107Ra0065
  7339.761      20.0     5.951     -3.98                                        
  7339.782 607.01214     2.618    -3.298               7.724          1611Qb0075
  7339.814 607.01214     2.719    -4.056               7.724          1611Rd0235
  7339.821 607.01214     2.618    -3.898               7.724          1611Pd0085
  7339.847 607.01214     2.242    -1.955               7.724          0400Qa0995
  7339.861 607.01314     0.746    -1.731               7.724          0401Rb0465
  7339.914 607.01214     0.689    -3.166               7.724          0401Rc0425
  7339.928 106.00113     2.436    -8.886               3.464            AX04P285
  7339.977      26.0     5.515     -3.09                                        
  7340.038 607.01314     2.469    -3.616               7.724          1510Pc0245
  7340.050 607.01314     0.746    -2.912               7.724          0401Qd0475
  7340.082 607.01214     0.689    -1.490               7.724          0401Qa0435
  7340.131 607.01214     1.722    -2.659               7.724          1107Ra0095
  7340.133       6.0     9.323     -3.40                                        
  7340.217 106.00113     1.543    -6.302               3.464            AX15R015
  7340.220 607.01214     1.709    -2.871               7.724          1107Ra0055
  7340.248 607.01214     0.482    -3.670               7.724          0300Pc0445
  7340.266 106.00113     1.636    -8.221               3.464            BX05R075
  7340.279 607.01214     1.904    -1.847               7.724          1006Rb0435
  7340.292      26.0     5.310     -3.62                                        
  7340.307 607.01214     1.712    -3.098               7.724          1107Pb0055
  7340.315 106.00113     1.543    -6.301               3.464            AX15R015
  7340.327 106.00113     1.563    -9.775               3.464            BX05R045
  7340.421 607.01314     2.514    -3.326               7.724          1510Qc0285
  7340.436 607.01214     1.904    -2.951               7.724          1006Qd0445
  7340.463 607.01214     1.636    -3.157               7.724          1006Pc0265
  7340.474      26.0     5.688     -3.16                                        
  7340.478 607.01314     0.494    -3.120               7.724          0502Qc0015
  7340.478 607.01314     0.494    -3.603               7.724          0502Pa0025
  7340.505 607.01314     2.514    -2.578               7.724          1510Pa0295
  7340.506 106.00112     1.345    -8.802               3.464            AX04R075
  7340.590 607.01214     0.630    -1.662               7.724          0502Qb0225
  7340.592      26.0     5.533     -2.89                                        
  7340.650      20.0     5.951     -8.20                                        
  7340.680 607.01214     0.630    -2.877               7.724          0502Pd0235
  7340.739      24.0     5.497     -3.90                                        
  7340.753      26.0     3.414     -5.79                                        
  7340.759 607.01314     0.739    -3.034               7.724          0502Rd0335
  7340.770 607.01314     0.866    -1.955               7.724          0300Rb0615
  7340.818 607.01214     3.329    -3.966               7.724          2014Pb0195
  7340.825 106.00112     3.072   -11.949               3.464            AX06R325
  7340.834       6.0     9.323     -2.85                                        
  7340.847 607.01214     1.779    -3.150               7.724          1006Rc0365
  7340.858 607.01314     0.604    -1.956               7.724          0502Rb0215
  7340.871 607.01214     1.727    -2.617               7.724          1107Ra0105
  7340.883 106.00113     1.636   -11.489               3.464            BX05Q085
  7340.891      24.0     3.847     -4.31                                        
  7340.909 106.00112     1.978    -5.980               3.464            AX04P225
  7340.947 607.01314     0.604    -2.583               7.724          0502Qd0225
  7340.949 607.01314     0.508    -2.779               7.724          0502Rc0075
  7340.979 607.01214     1.779    -1.614               7.724          1006Qa0375
  7340.979 607.01314     0.508    -2.162               7.724          0502Qa0085
  7341.000 106.00113     2.918    -2.786               3.464            AX53P385
