a line list in the range:    7799.00   7811.00
  7799.018 607.01214     1.389    -3.162               7.724          0502Rc0615
  7799.027      24.0     4.528     -1.81                                        
  7799.041 607.01214     1.595    -1.451               7.724          0502Ra0695
  7799.049 607.01314     1.082    -2.095               7.724          0704Pa0225
  7799.136 106.00113     2.240    -4.822               3.464            BX16R185
  7799.152      20.0     6.000     -6.46                                        
  7799.170      20.0     6.022     -5.35                                        
  7799.170      24.0     6.117     -3.85                                        
  7799.180      14.0     6.176     -1.11                                        
  7799.188      21.0     5.214     -1.45                                        
  7799.208 607.01214     2.937    -1.892               7.724          0400Qa1145
  7799.285 607.01214     1.389    -1.212               7.724          0502Qa0625
  7799.316 106.00113     1.916    -7.061               3.464            BX16P085
  7799.326 106.00113     1.652    -9.017               3.464            AX04P155
  7799.326 607.01314     2.149    -3.883               7.724          1309Rc0115
  7799.354 607.01214     1.264    -3.095               7.724          0401Qc0655
  7799.363      30.0     6.912     -1.19                                        
  7799.367 106.00112     2.249    -6.586               3.464            AX16R185
  7799.368 607.01314     2.149    -3.094               7.724          1309Qa0125
  7799.407      23.0     3.630     -2.76                                        
  7799.426      20.0     6.000     -5.00                                        
  7799.428 106.00112     2.249    -6.561               3.464            AX16R175
  7799.431 607.01214     3.061    -5.285               7.724          1813Rc0105
  7799.459 607.01214     3.061    -5.136               7.724          1813Pb0105
  7799.505 607.01314     2.129    -3.740               7.724          1309Qc0065
  7799.530 607.01314     2.129    -3.789               7.724          1309Pa0075
  7799.556 607.01214     3.061    -4.640               7.724          1813Qa0115
  7799.606 607.01314     1.026    -3.361               7.724          0401Pc0585
  7799.635 607.01314     2.204    -3.143               7.724          1309Ra0205
  7799.642 607.01214     1.264    -1.640               7.724          0401Pa0665
  7799.664 106.00112     2.249    -8.356               3.464            AX16Q185
  7799.688 607.01314     1.189    -1.643               7.724          0401Pb0645
  7799.861 607.01214     1.085    -3.092               7.724          0603Pc0375
  7799.946 607.01214     1.712    -3.298               7.724          0603Rd0655
  7799.996      14.0     6.176     -1.29                                        
  7800.034 607.01214     1.494    -1.540               7.724          0603Rb0565
  7800.055 607.01214     2.241    -3.875               7.724          1309Rc0185
  7800.084 607.01314     2.173    -2.985               7.724          1309Qb0155
  7800.122 607.01214     2.241    -2.800               7.724          1309Qa0195
  7800.140 607.01314     2.173    -3.887               7.724          1309Pd0165
  7800.170      22.0     3.705     -0.96                                        
  7800.232 607.01214     1.494    -2.876               7.724          0603Qd0575
  7800.249 607.01214     2.259    -2.776               7.724          1309Qb0205
  7800.260 106.00112     2.851    -2.721               3.464            AX53R375
  7800.268      37.0     0.000      0.14                              Morto00/2%
  7800.320 106.00113     1.915    -7.025               3.464            BX16P095
  7800.322 607.01214     2.259    -3.862               7.724          1309Pd0215
  7800.353 607.01214     2.310    -2.973               7.724          1309Ra0265
  7800.395 607.01214     3.104    -4.437               7.724          1813Ra0185
  7800.438 106.00113     1.916   -10.224               3.464            BX16Q085
  7800.560 106.00112     3.141    -8.976               3.464            AX16P325
  7800.642 607.01214     1.229    -1.582               7.724          0502Pb0555
  7800.717 607.01214     2.205    -3.593               7.724          1309Qc0135
  7800.728      40.0     2.701     -0.96                                        
  7800.766 607.01214     2.205    -3.292               7.724          1309Pa0145
  7800.798 607.01314     1.141    -2.853               7.724          0502Qc0535
  7800.834 106.00113     2.792   -11.797               3.464            AX06R285
  7800.862 607.01214     3.200    -5.193               7.724          1813Rd0285
  7800.880 607.01214     3.083    -4.490               7.724          1813Qb0145
  7800.892 607.01214     1.107    -3.044               7.724          0704Pc0215
  7800.919 607.01214     3.045    -5.281               7.724          1813Qc0065
  7800.960 106.00113     2.004   -10.189               3.464            AX05R185
  7800.992 607.01314     2.124    -4.387               7.724          1309Pc0045
  7801.000 607.01214     3.045    -5.403               7.724          1813Pa0075
  7801.024 607.01314     1.141    -1.587               7.724          0502Pa0545
  7801.041      12.0     5.927     -2.40                                        
  7801.044      22.1     6.499     -2.01                                        
  7801.048 607.01214     3.083    -5.506               7.724          1813Pd0155
  7801.139      42.0     3.185     -2.18                                        
  7801.172 607.01214     1.325    -1.304               7.724          0603Qb0495
  7801.191      22.0     3.102     -2.30                                        
  7801.249      26.1     5.905     -2.90                                 NIST/D 
  7801.315 607.01314     2.231    -3.123               7.724          1309Rb0225
  7801.394 607.01314     2.231    -3.686               7.724          1309Qd0235
  7801.398      25.0     5.130     -3.75                                        
  7801.419 607.01214     1.379    -1.766               7.724          0704Rb0405
  7801.462 607.01214     1.325    -3.098               7.724          0603Pd0505
  7801.510      72.1     1.890     -2.70                              Lawler07  
  7801.544      62.0     1.542     -0.76                                        
  7801.591 607.01214     1.379    -2.920               7.724          0704Qd0415
  7801.690      22.0     2.343     -2.71                                        
  7801.749 607.01214     2.534    -3.308               7.724          0602Qc0945
  7801.761 607.01314     1.046    -3.008               7.724          0704Pc0175
  7801.784 607.01214     3.040    -5.985               7.724          1813Pc0045
  7801.962 607.01314     2.149    -3.465               7.724          1309Pb0115
  7801.974 106.00113     2.073    -9.090               3.464            AX16R145
  7802.134 607.01214     2.161    -3.617               7.724          1208Pc0315
  7802.137      26.0     5.857     -2.76                                        
  7802.152 607.01214     2.534    -1.596               7.724          0602Pa0955
  7802.254 106.00112     2.009   -10.241               3.464            AX05R185
  7802.414      92.1     1.331     -2.36                                        
  7802.473      26.0     5.082     -1.57                                        
  7802.485      39.0     1.899     -1.88                                        
  7802.712 607.01214     3.129    -4.372               7.724          1813Rb0205
  7802.790 607.01314     2.155    -3.885               7.724          1309Rc0125
  7802.836 607.01314     2.155    -3.055               7.724          1309Qa0135
  7802.841 607.01214     2.188    -3.994               7.724          1309Pc0105
  7802.903      24.0     4.529     -2.15                                        
  7802.945 607.01214     3.129    -5.059               7.724          1813Qd0215
  7803.035      26.0     5.788     -3.19                                        
  7803.050 607.01214     3.066    -5.270               7.724          1813Rc0115
  7803.051 607.01314     2.132    -3.711               7.724          1309Qc0075
  7803.079 607.01314     2.132    -3.705               7.724          1309Pa0085
  7803.186 607.01214     3.066    -4.590               7.724          1813Qa0125
  7803.213      22.0     3.706     -1.39                                        
  7803.329      26.0     5.789     -3.97                                        
  7803.334      63.0     1.976     -0.85                                        
  7803.517 607.01214     1.267    -3.182               7.724          0805Rd0125
  7803.518 607.01214     1.262    -3.182               7.724          0805Rd0115
  7803.568 607.01314     1.102    -2.060               7.724          0704Pb0235
  7803.681      27.0     4.912     -3.83                                        
  7803.774 607.01214     1.273    -3.184               7.724          0805Rd0135
  7803.775 607.01214     1.257    -3.184               7.724          0805Rd0105
  7803.803      20.0     5.724     -2.82                                        
  7803.909 607.01314     2.212    -3.125               7.724          1309Ra0215
  7803.917 607.01214     2.333    -2.970               7.724          1309Rb0275
  7803.926      69.0     2.422     -0.71                                        
  7803.951      28.0     5.385     -3.18                                        
  7804.015 607.01214     2.333    -3.700               7.724          1309Qd0285
  7804.017 106.00113     3.259    -3.076               3.464            AX56Q355
  7804.029 607.01214     1.197    -1.676               7.724          0603Pb0435
  7804.177 607.01214     1.558    -1.579               7.724          0300Qb0815
  7804.270 607.01214     1.163    -2.716               7.724          0704Qc0265
  7804.285 607.01214     1.253    -3.189               7.724          0805Rd0095
  7804.291 607.01214     1.279    -3.187               7.724          0805Rd0145
  7804.327 607.01214     1.175    -1.969               7.724          0704Pb0275
  7804.384 607.01214     1.163    -1.981               7.724          0704Pa0275
  7804.473      25.0     5.221     -3.90                                        
  7804.488 607.01214     1.245    -3.060               7.724          0704Rc0325
  7804.527 607.01314     1.189    -3.051               7.724          0401Qc0645
  7804.538 607.01214     1.558    -3.793               7.724          0300Pd0825
  7804.627 607.01214     1.245    -1.559               7.724          0704Qa0335
  7804.667 106.00112     2.250    -6.586               3.464            AX16R185
  7804.740 607.01214     3.049    -5.246               7.724          1813Qc0075
  7804.769 106.00113     1.957   -11.582               3.464            BX05P165
  7804.786 607.01214     2.605    -1.818               7.724          0501Pb1015
  7804.802 607.01314     1.189    -1.637               7.724          0401Pa0655
  7804.832 607.01214     3.049    -5.324               7.724          1813Pa0085
  7804.860      28.0     5.299     -2.28                                        
  7804.864 607.01214     3.112    -4.397               7.724          1813Ra0195
  7804.968 106.00112     2.250    -8.326               3.464            AX16Q185
  7804.987 106.00112     2.250    -6.561               3.464            AX16R175
  7805.045 607.01214     1.249    -3.199               7.724          0805Rd0085
  7805.072 607.01214     1.286    -3.192               7.724          0805Rd0155
  7805.151      12.0     5.928     -2.88                                        
  7805.157 106.00112     2.058    -5.643               3.464            BX13P275
  7805.322 607.01214     2.225    -3.193               7.724          1309Pb0165
  7805.366 607.01314     2.180    -2.955               7.724          1309Qb0165
  7805.391 106.00112     2.058    -1.382               3.464            BX13Q265
  7805.401      20.0     6.013     -3.98                                        
  7805.419 607.01214     1.494    -1.530               7.724          0603Ra0575
  7805.425 607.01314     2.180    -3.889               7.724          1309Pd0175
  7805.437      24.0     5.151     -1.58                                        
  7805.460 607.01314     1.316    -1.222               7.724          0502Qb0605
  7805.492 607.01314     1.173    -1.628               7.724          0704Qb0295
  7805.519 106.00112     2.058    -0.994               3.464            BX13Q275
  7805.544 607.01314     1.024    -3.048               7.724          0603Pc0355
  7805.558 607.01314     2.126    -4.279               7.724          1309Pc0055
  7805.574 607.01214     3.066    -5.089               7.724          1813Pb0115
  7805.615 607.01314     1.173    -2.992               7.724          0704Pd0305
  7805.715 607.01314     1.316    -3.155               7.724          0502Pd0615
  7805.753 106.00112     2.058    -4.682               3.464            BX13R265
  7805.771      20.0     6.009     -7.04                                        
  7805.787 607.01214     1.260    -1.561               7.724          0704Qb0335
  7805.893       6.0     9.323     -4.16                                        
  7805.930 607.01214     1.260    -3.026               7.724          0704Pd0345
  7805.936      25.0     5.221     -2.71                                        
  7805.978      25.0     5.552     -0.88                                        
  7805.979      20.0     4.427     -4.39                                        
  7806.010 607.01214     2.250    -3.886               7.724          1309Rc0195
  7806.022 607.01214     1.826    -1.812               7.724          0300Rb0885
  7806.041 607.01214     1.229    -2.897               7.724          0502Qc0555
  7806.052 607.01214     1.245    -3.213               7.724          0805Rd0075
  7806.077 106.00113     1.320    -8.845               3.464            AX04P055
  7806.080 607.01214     2.250    -2.777               7.724          1309Qa0205
  7806.119 607.01214     1.293    -3.198               7.724          0805Rd0165
  7806.198   25.0055     3.070    -8.356                                 KURHFS 
  7806.198   25.0055     3.070    -8.724                                 KURHFS 
  7806.216      25.0     6.207     -0.75                                        
  7806.221   25.0055     3.070    -8.224                                 KURHFS 
  7806.221   25.0055     3.070    -8.356                                 KURHFS 
  7806.221   25.0055     3.070    -9.933                                 KURHFS 
  7806.237 106.00112     1.306    -8.871               3.464            AX04P045
  7806.253      21.0     4.183     -3.13                                        
  7806.256   25.0055     3.070    -8.224                                 KURHFS 
  7806.256   25.0055     3.070    -8.326                                 KURHFS 
  7806.256   25.0055     3.070    -8.398                                 KURHFS 
  7806.283 607.01214     1.229    -1.576               7.724          0502Pa0565
  7806.302   25.0055     3.070    -7.849                                 KURHFS 
  7806.302   25.0055     3.070    -8.326                                 KURHFS 
  7806.344      20.0     6.024     -4.60                                        
  7806.365 607.01214     1.484    -1.278               7.724          0401Qb0725
  7806.414 607.01214     1.826    -3.519               7.724          0300Qd0895
  7806.507 607.01214     3.043    -5.885               7.724          1813Pc0055
  7806.524 607.01214     3.090    -4.447               7.724          1813Qb0155
  7806.546 106.00112     2.804    -6.502               3.464            AX05P315
  7806.576 607.01314     2.161    -3.889               7.724          1309Rc0135
  7806.597 607.01314     1.160    -2.978               7.724          0704Rc0285
  7806.625 607.01314     2.161    -3.020               7.724          1309Qa0145
  7806.673      25.0     5.221     -3.29                                        
  7806.684 607.01214     1.484    -3.390               7.724          0401Pd0735
  7806.686       6.0     9.323     -4.02                                        
  7806.703 607.01214     3.090    -5.507               7.724          1813Pd0165
  7806.716 607.01314     1.160    -1.629               7.724          0704Qa0295
  7806.767 607.01314     2.241    -3.107               7.724          1309Rb0235
  7806.798      58.0     0.398     -1.83                                        
  7806.801      44.0     4.629      0.01                                        
  7806.811 607.01214     2.321    -2.960               7.724          1309Ra0275
  7806.816 607.01214     2.211    -3.595               7.724          1309Qc0145
  7806.833      24.0     5.778     -2.52                                        
  7806.837 106.00112     2.804    -9.492               3.464            AX05Q305
  7806.850 607.01314     2.241    -3.694               7.724          1309Qd0245
  7806.862 106.00112     1.306    -8.886               3.464            AX04P045
  7806.868 607.01214     1.325    -3.083               7.724          0603Rc0495
  7806.869 607.01214     2.211    -3.253               7.724          1309Pa0155
  7806.888 607.01314     1.092    -2.679               7.724          0704Qc0225
  7806.931 607.01314     2.136    -3.689               7.724          1309Qc0085
  7806.934 106.00113     1.320    -8.863               3.464            AX04P055
  7806.963 607.01314     2.136    -3.632               7.724          1309Pa0095
  7806.983 607.01314     1.092    -2.072               7.724          0704Pa0235
  7807.032 607.01214     3.071    -5.256               7.724          1813Rc0125
  7807.044 607.01214     1.379    -1.756               7.724          0704Ra0415
  7807.178 607.01214     3.071    -4.542               7.724          1813Qa0135
  7807.195 607.01214     1.325    -1.296               7.724          0603Qa0505
  7807.261 607.01214     2.268    -2.755               7.724          1309Qb0215
  7807.306 607.01214     1.242    -3.233               7.724          0805Rd0065
  7807.338 607.01214     2.268    -3.870               7.724          1309Pd0225
  7807.378 607.01214     3.212    -5.184               7.724          1813Rd0295
  7807.432      22.0     3.407     -1.42                                 LAWLER 
  7807.434 607.01214     1.301    -3.204               7.724          0805Rd0175
  7807.435 607.01214     1.724    -1.516               7.724          0401Rb0795
  7807.436 106.00112     2.804    -6.540               3.464            AX05P305
  7807.443      24.0     5.778     -2.67                                        
  7807.460      26.1     7.481     -3.54                                        
  7807.512      26.0     4.590     -3.76                                        
  7807.629 106.00113     2.395    -4.190               3.464            BX15P245
  7807.711 607.01214     1.558    -3.737               7.724          0300Rc0815
  7807.774      26.0     4.730     -3.24                                        
  7807.775      26.0     5.442     -3.09                                        
  7807.784 607.01214     1.724    -3.131               7.724          0401Qd0805
  7807.832 106.00112     2.010   -10.189               3.464            AX05R185
  7807.909      26.0     4.987     -0.64                                        
  7807.923 607.01314     2.155    -3.419               7.724          1309Pb0125
  7807.962 106.00113     2.395    -8.396               3.464            BX15Q245
  7808.053 106.00113     2.395    -4.893               3.464            BX15P255
  7808.063      23.0     3.275     -3.56                                        
  7808.072 607.01214     1.558    -1.573               7.724          0300Qa0825
  7808.195      26.1     3.228     -6.58                                        
  7808.326      23.0     4.721     -2.80                                        
  7808.493      60.1     0.630     -2.19                                        
  7808.495 607.01314     2.221    -3.109               7.724          1309Ra0225
  7808.496      26.0     5.788     -2.78                                        
  7808.576      26.1     7.481     -3.60                                        
  7808.595 607.01214     3.138    -4.334               7.724          1813Rb0215
  7808.620 106.00113     3.260    -0.545               3.464            AX56R345
  7808.775      26.0     5.502     -3.53                                        
  7808.802 607.01214     1.239    -3.262               7.724          0805Rd0055
  7808.838      22.1     6.501     -2.86                                        
  7808.839 607.01214     3.138    -5.053               7.724          1813Qd0225
  7808.935 607.01214     3.052    -5.219               7.724          1813Qc0085
  7808.936      74.0     1.855     -2.71                                        
  7809.020 607.01214     1.309    -3.211               7.724          0805Rd0185
  7809.033   27.0059     1.709   -10.494                                 KURHFS 
  7809.034   27.0059     1.709   -10.066                                 KURHFS 
  7809.035   27.0059     1.709    -9.816                                 KURHFS 
  7809.037   27.0059     1.709    -9.640                                 KURHFS 
  7809.038 607.01214     3.052    -5.256               7.724          1813Pa0095
  7809.045   27.0059     1.709    -9.640                                 KURHFS 
  7809.047   27.0059     1.709    -9.476                                 KURHFS 
  7809.050   27.0059     1.709    -9.468                                 KURHFS 
  7809.052   27.0059     1.709    -9.629                                 KURHFS 
  7809.057   27.0059     1.709    -9.941                                 KURHFS 
  7809.063   27.0059     1.709    -9.502                                 KURHFS 
  7809.068   27.0059     1.709    -9.219                                 KURHFS 
  7809.072   27.0059     1.709    -9.003                                 KURHFS 
  7809.088      27.0     5.302     -1.60                                        
  7809.162   27.0059     2.040    -5.375                                 KURHFS 
  7809.162   27.0059     2.040    -5.452                                 KURHFS 
  7809.162   27.0059     2.040    -5.667                                 KURHFS 
  7809.164   27.0059     2.040    -5.364                                 KURHFS 
  7809.167   27.0059     2.040    -5.407                                 KURHFS 
  7809.171   27.0059     2.040    -5.510                                 KURHFS 
  7809.177   27.0059     2.040    -5.731                                 KURHFS 
  7809.198   27.0059     2.040    -5.535                                 KURHFS 
  7809.202   27.0059     2.040    -5.521                                 KURHFS 
  7809.208   27.0059     2.040    -5.383                                 KURHFS 
  7809.217   27.0059     2.040    -5.216                                 KURHFS 
  7809.223   27.0059     2.040    -5.731                                 KURHFS 
  7809.226   27.0059     2.040    -5.047                                 KURHFS 
  7809.237   27.0059     2.040    -4.888                                 KURHFS 
  7809.240   27.0059     2.040    -5.510                                 KURHFS 
  7809.249   27.0059     2.040    -4.740                                 KURHFS 
  7809.259   27.0059     2.040    -5.407                                 KURHFS 
  7809.261   27.0059     2.040    -4.604                                 KURHFS 
  7809.279   27.0059     2.040    -5.364                                 KURHFS 
  7809.301   27.0059     2.040    -5.375                                 KURHFS 
  7809.324   27.0059     2.040    -5.452                                 KURHFS 
  7809.341 106.00112     1.898    -7.085               3.464            BX16P075
  7809.348   27.0059     2.040    -5.667                                 KURHFS 
  7809.440 106.00112     1.898   -10.227               3.464            BX16Q075
  7809.501 106.00113     3.261    -0.303               3.464            AX56R355
  7809.592 106.00112     1.656    -8.969               3.464            AX04P155
  7809.619 607.01214     1.197    -1.669               7.724          0603Pa0445
  7809.680      23.1     4.700     -4.76                                        
  7809.689 607.01214     3.120    -4.359               7.724          1813Ra0205
  7809.697 607.01214     2.193    -3.977               7.724          1309Pc0115
  7809.780      11.0     3.191     -2.44                              NIST/B    
  7810.000 607.01214     1.826    -1.805               7.724          0300Ra0895
  7810.028 607.01314     1.028    -3.159               7.724          0502Pc0485
  7810.114 106.00112     1.898    -7.060               3.464            BX16P085
  7810.136 106.00112     1.916   -11.141               3.464            BX05P155
  7810.240      11.0     3.191     -2.75                              NIST/B    
  7810.290      27.0     4.206     -1.24                                        
  7810.299 106.00113     1.606    -8.961               3.464            AX04P145
  7810.316 607.01214     1.484    -3.349               7.724          0401Rc0725
  7810.343 106.00113     3.259    -0.934               3.464            AX55P365
  7810.363 607.01314     1.055    -3.011               7.724          0704Pc0185
  7810.464 607.01314     2.129    -4.204               7.724          1309Pc0065
  7810.472      26.0     5.738     -3.57                                        
  7810.487      26.0     5.649     -3.36                                        
  7810.529 607.01214     2.420    -4.424               7.724          0400Pc1025
  7810.538 607.01214     1.237    -3.302               7.724          0805Rd0045
  7810.558      20.0     6.003     -3.28                                        
  7810.613      25.1     3.802     -5.43                                        
  7810.632      25.0     6.144     -4.03                                        
  7810.635 607.01214     1.484    -1.272               7.724          0401Qa0735
  7810.680      26.0     5.788     -3.52                                        
  7810.682 607.01314     2.167    -3.895               7.724          1309Rc0145
  7810.734 607.01314     2.167    -2.987               7.724          1309Qa0155
  7810.815      26.0     5.029     -1.19                                        
  7810.862 106.00113     2.153    -9.592               3.464            BX16P165
  7810.881 607.01214     1.317    -3.219               7.724          0805Rd0195
  7810.887      22.0     3.699     -2.05                                        
  7810.910 607.01214     1.197    -2.800               7.724          0603Qc0435
  7810.929 607.01314     2.188    -2.926               7.724          1309Qb0175
  7810.940      26.0     5.828     -2.36                              PK15THEOR 
  7810.991 607.01314     2.188    -3.893               7.724          1309Pd0185
