a line list in the range:    8889.00   8901.00
  8889.101      26.0     5.688     -3.18                                        
  8889.363 607.01314     1.376    -1.743               7.724          0503Ra0545
  8889.374 607.01214     1.419    -3.133               7.724          0301Rc0705
  8889.468 106.00113     1.811    -9.639               3.464            BX06P035
  8889.486 607.01314     1.063    -3.100               7.724          0604Qc0195
  8889.496 106.00113     1.795    -8.003               3.464            BX06Q005
  8889.593 607.01314     1.063    -2.576               7.724          0604Pa0205
  8889.641      27.0     5.352     -3.68                                        
  8889.687 106.00112     2.506    -6.665               3.464            BX06P225
  8889.721 106.00113     1.795    -8.608               3.464            BX06R005
  8889.791      14.0     6.120     -3.43                                        
  8889.817 607.01214     1.419    -1.062               7.724          0301Qa0715
  8889.888 106.00113     2.338   -10.788               3.464            AX06R205
  8889.894      27.0     1.709     -7.14                                        
  8889.988 607.01214     3.147    -3.782               7.724          1713Pc0225
  8889.990 607.01214     2.333    -4.404               7.724          1209Rc0275
  8889.993      26.0     5.326     -3.36                                        
  8889.994 106.00113     1.811    -7.475               3.464            BX06Q035
  8890.022 106.00112     2.506   -10.012               3.464            BX06Q225
  8890.117 607.01214     2.333    -3.155               7.724          1209Qa0285
  8890.203 106.00112     2.506    -6.462               3.464            BX06P235
  8890.424      21.0     5.409     -3.47                                        
  8890.456      15.0     8.315     -0.96                                        
  8890.478 607.01314     1.118    -1.557               7.724          0402Pb0525
  8890.507      28.0     5.764     -2.57                                        
  8890.511 607.01214     1.205    -2.865               7.724          0301Qc0635
  8890.577 607.01314     1.148    -2.104               7.724          0604Qb0275
  8890.614 106.00113     2.986    -7.273               3.464            AX06P315
  8890.632 106.00112     1.858    -7.296               3.464            BX06Q055
  8890.671 607.01214     3.200    -2.777               7.724          1713Pb0275
  8890.724      23.0     2.682     -5.73                                        
  8890.726 607.01314     1.148    -3.411               7.724          0604Pd0285
  8890.779 106.00112     1.858   -10.192               3.464            BX06R055
  8890.808 607.01214     3.189    -3.449               7.724          1713Qc0265
  8890.838 607.01214     1.205    -1.421               7.724          0301Pa0645
  8890.850 106.00113     0.359   -12.305               3.464            XX50P135
  8890.932 607.01214     1.855    -3.345               7.724          0402Rd0775
  8891.048 106.00112     1.828    -8.838               3.464            AX16P035
  8891.128 106.00113     1.753    -9.030               3.464            AX05R115
  8891.132      26.0     6.062     -1.57                                        
  8891.195 607.01214     3.189    -2.785               7.724          1713Pa0275
  8891.200      58.1     0.232     -2.75                                        
  8891.202 607.01314     1.192    -3.046               7.724          0200Qc0725
  8891.243 106.00113     1.753    -6.844               3.464            AX05Q115
  8891.397      27.0     5.441     -3.08                                        
  8891.404      26.0     5.330     -1.26                                        
  8891.413 106.00113     1.754    -6.832               3.464            AX05Q125
  8891.518 607.01314     1.090    -1.879               7.724          0503Pb0395
  8891.520 106.00112     2.346    -7.888               3.464            BX06P195
  8891.528 106.00113     1.754    -8.726               3.464            AX05P125
  8891.532 106.00112     1.828    -8.849               3.464            AX16P035
  8891.608 607.01314     1.192    -1.529               7.724          0200Pa0735
  8891.654 106.00113     2.195    -7.822               3.464            BX06P165
  8891.688 106.00112     1.858   -10.128               3.464            BX06P065
  8891.713 607.01214     1.117    -3.110               7.724          0604Qc0225
  8891.835 106.00112     1.858    -7.169               3.464            BX06Q065
  8891.841 607.01214     1.117    -2.462               7.724          0604Pa0235
  8891.851 106.00112     2.346   -15.262               3.464            BX06Q195
  8891.853 607.01214     1.281    -1.478               7.724          0503Qb0475
  8891.862 607.01214     1.787    -1.415               7.724          0200Ra0885
  8891.944 607.01314     1.082    -2.535               7.724          0604Pb0215
  8892.065 607.01314     1.290    -1.196               7.724          0402Qb0595
  8892.103 106.00112     2.346    -9.680               3.464            BX06P205
  8892.118 607.01214     1.281    -3.233               7.724          0503Pd0485
  8892.135      26.0     5.029     -3.34                                        
  8892.145 106.00113     2.987    -7.312               3.464            AX06P305
  8892.369      27.0     5.237     -1.51                                        
  8892.390 607.01314     1.290    -3.112               7.724          0402Pd0605
  8892.489      26.0     5.688     -3.49                                        
  8892.591      27.0     5.058     -3.73                                        
  8892.626      26.0     4.962     -3.54                                        
  8892.720      14.0     5.979     -0.83                                        
  8892.720 607.01214     1.688    -1.314               7.724          0301Rb0785
  8892.855      26.0     5.344     -2.50                                        
  8892.860 106.00113     2.195    -7.633               3.464            BX06P175
  8892.987 106.00113     3.260   -10.204               3.464            AX06P345
  8893.115 106.00113     2.003    -8.796               3.464            AX16P115
  8893.130      24.0     5.712     -3.38                                        
  8893.147 607.01214     1.051    -3.400               7.724          0200Pc0665
  8893.164 607.01214     1.689    -2.919               7.724          0301Qd0795
  8893.421      26.0     5.896     -3.91                                        
  8893.469      23.0     1.871     -3.71                                        
  8893.481 607.01214     2.288    -3.659               7.724          1209Pb0235
  8893.572      23.0     2.860     -2.14                                        
  8893.631 607.01314     1.031    -3.442               7.724          0604Pc0155
  8893.667      27.0     5.511     -2.74                                        
  8893.718      28.0     5.493     -0.90                                        
  8893.777      20.0     6.024     -6.72                                        
  8893.813 607.01314     0.993    -3.194               7.724          0503Pc0335
  8893.814 607.01214     1.325    -2.225               7.724          0604Ra0385
  8893.864      23.0     3.244     -3.05                                        
  8893.910      28.0     5.849     -2.93                                        
  8894.067 607.01314     2.212    -4.050               7.724          1209Qc0205
  8894.122 106.00113     1.802    -7.552               3.464            BX06Q015
  8894.150      14.0     6.078     -2.29                                        
  8894.158 607.01314     1.136    -3.418               7.724          0604Rc0265
  8894.160      26.0     5.990     -2.10                                        
  8894.162 607.01314     2.212    -3.576               7.724          1209Pa0215
  8894.302 607.01314     1.136    -2.105               7.724          0604Qa0275
  8894.338 607.01214     1.038    -3.168               7.724          0301Pc0575
  8894.422 106.00113     2.195   -11.105               3.464            BX06Q165
  8894.497 106.00113     1.802    -9.651               3.464            BX06R015
  8894.685 607.01314     1.366    -1.066               7.724          0301Qb0705
  8894.721      26.1     3.964     -7.82                                        
  8894.926 607.01214     1.468    -1.723               7.724          0503Rb0555
  8894.997      26.0     5.064     -3.02                                        
  8895.075 607.01314     1.366    -3.126               7.724          0301Pd0715
  8895.119 607.01214     1.179    -1.544               7.724          0402Pb0535
  8895.139      21.0     4.046     -2.91                                        
  8895.214 607.01314     2.180    -4.444               7.724          1209Pc0165
  8895.235 607.01214     1.468    -3.038               7.724          0503Qd0565
  8895.287 106.00113     2.987   -10.280               3.464            AX06Q305
  8895.291 607.01214     1.343    -2.231               7.724          0604Rb0385
  8895.393      20.0     6.017     -3.20                                        
  8895.431      21.0     4.595     -2.78                                        
  8895.439      25.0     4.317     -2.32                                        
  8895.504 607.01214     1.343    -3.261               7.724          0604Qd0395
  8895.506      26.1     3.422     -8.36                                        
  8895.578 607.01314     1.161    -1.424               7.724          0301Pb0635
  8895.804 106.00113     1.851    -8.694               3.464            AX16P055
  8895.891 607.01314     1.223    -1.504               7.724          0503Qb0465
  8895.985      26.0     4.431     -3.16                                        
  8896.143 607.01214     1.712    -3.486               7.724          0503Rd0655
  8896.144 607.01314     1.223    -3.215               7.724          0503Pd0475
  8896.157 607.01214     1.139    -2.933               7.724          0503Qc0405
  8896.217      26.0     5.943     -1.57                                        
  8896.234 607.01214     1.216    -2.019               7.724          0604Qb0305
  8896.385 607.01214     1.139    -1.843               7.724          0503Pa0415
  8896.404 607.01214     1.216    -3.426               7.724          0604Pd0315
  8896.501 607.01214     3.035    -1.449               7.724          0300Qb1155
  8896.515      20.0     4.531     -3.99                                        
  8896.613      26.0     5.678     -2.86                                        
  8896.698 106.00113     2.003    -8.831               3.464            AX16P115
  8896.709 607.01314     1.511    -1.444               7.724          0402Rb0675
  8896.741 607.01314     0.986    -3.105               7.724          0402Pc0465
  8896.797 106.00112     0.774   -10.759               3.464            XX50Q205
  8896.819 106.00113     1.851    -8.711               3.464            AX16P055
  8896.932 106.00112     0.774   -12.844               3.464            XX50R205
  8896.932 607.01214     1.202    -3.436               7.724          0604Rc0295
  8896.959      25.0     5.697     -2.54                                        
  8896.967      21.0     4.058     -2.22                                        
  8897.078 607.01314     1.511    -2.896               7.724          0402Qd0685
  8897.097 607.01214     1.202    -2.020               7.724          0604Qa0305
  8897.178 106.00112     0.774   -12.287               3.464            XX50P215
  8897.241 106.00113     1.803    -9.297               3.464            BX06P025
  8897.263 607.01214     2.278    -4.218               7.724          1209Qc0225
  8897.304 607.01214     1.361    -1.184               7.724          0402Qb0605
  8897.312 106.00112     0.774   -10.715               3.464            XX50Q215
  8897.334      26.0     5.269     -2.17                                        
  8897.368 607.01214     2.278    -3.672               7.724          1209Pa0235
  8897.463      56.1     5.722     -0.45                              NISTtot/B 
  8897.512      26.0     4.909     -2.32                                        
  8897.617 106.00113     1.803    -7.480               3.464            BX06Q025
  8897.656 607.01214     1.361    -3.142               7.724          0402Pd0615
  8897.681      15.0     8.277     -1.16                                        
  8897.727 607.01314     1.400    -1.746               7.724          0503Rb0545
  8897.981      25.1     3.416     -9.15                                        
  8898.002 607.01314     1.118    -2.815               7.724          0402Qc0525
  8898.022 607.01314     1.400    -3.022               7.724          0503Qd0555
  8898.036      23.0     1.892     -6.54                                        
  8898.108      20.0     5.014     -9.30                                        
  8898.223 607.01214     1.541    -3.752               7.724          0604Rd0495
  8898.290 607.01314     1.118    -1.551               7.724          0402Pa0535
  8898.359 607.01314     2.231    -3.536               7.724          1209Pb0225
  8898.405 607.01314     1.290    -3.106               7.724          0402Rc0595
  8898.451 607.01214     1.689    -1.307               7.724          0301Ra0795
  8898.511      21.0     4.176     -1.36                                        
  8898.527 607.01314     1.072    -3.108               7.724          0604Qc0205
  8898.529      24.0     4.437     -4.17                                        
  8898.639 607.01314     1.072    -2.550               7.724          0604Pa0215
  8898.731 607.01314     1.290    -1.190               7.724          0402Qa0605
  8898.812      26.0     5.650     -2.82                                        
  8898.897 607.01214     1.078    -3.431               7.724          0604Pc0185
  8899.010      27.0     5.357     -3.54                                        
  8899.129 607.01214     1.139    -2.430               7.724          0604Pb0245
  8899.223      20.0     4.621     -1.98                                        
  8899.230      14.0     6.223     -0.55                              NIST/D+   
  8899.294 106.00112     3.219     1.229               3.464            AX54P395
  8899.312       6.0     9.624     -2.60                                        
  8899.458 607.01214     1.281    -3.242               7.724          0503Rc0475
  8899.462      20.0     6.017     -3.75                                        
  8899.486      40.0     1.582     -1.09                                        
  8899.582 607.01214     2.241    -4.617               7.724          1209Pc0185
  8899.613       6.0     9.678     -4.22                                        
  8899.622 106.00112     3.219    -1.437               3.464            AX54Q385
  8899.692      20.0     6.017     -7.92                                        
  8899.724 607.01214     1.281    -1.470               7.724          0503Qa0485
  8899.869 607.01214     2.358    -3.132               7.724          1209Qb0295
  8900.005 607.01214     2.358    -4.571               7.724          1209Pd0305
  8900.093      20.0     4.621     -6.44                                        
  8900.094 607.01314     1.366    -3.104               7.724          0301Rc0705
  8900.125      20.0     4.621     -6.74                                        
  8900.310 607.01314     1.160    -2.088               7.724          0604Qb0285
  8900.451 106.00113     0.360   -12.328               3.464            XX50P135
  8900.464 607.01314     1.160    -3.420               7.724          0604Pd0295
  8900.465 106.00112     3.219     0.965               3.464            AX54P385
  8900.485 607.01314     1.366    -1.060               7.724          0301Qa0715
  8900.489 607.01314     1.008    -3.359               7.724          0200Pc0665
  8900.626 607.01214     2.346    -4.407               7.724          1209Rc0285
  8900.709 106.00113     1.061   -11.239               3.464            XX50Q255
  8900.715 607.01214     2.802    -1.093               7.724          0603Qb0955
  8900.758 607.01214     2.346    -3.134               7.724          1209Qa0295
  8900.836 607.01214     1.039    -3.139               7.724          0402Pc0475
  8900.894 106.00112     1.640    -7.242               3.464            AX05R075
  8900.991      25.0     5.607     -1.62                                        
