a line list in the range:    8709.00   8721.00
  8709.055 607.01214     1.176    -1.105               7.724          0301Qa0635
  8709.108      24.1     4.494     -9.70                                        
  8709.139 607.01214     2.259    -4.493               7.724          1209Rd0215
  8709.177 607.01214     0.997    -3.285               7.724          0604Rb0035
  8709.189 607.01214     3.040    -3.589               7.724          1713Qc0045
  8709.201 607.01214     0.997    -3.189               7.724          0604Qd0045
  8709.234      90.0     0.457     -2.89                                        
  8709.242 607.01214     1.307    -1.486               7.724          0402Rb0585
  8709.245 607.01214     0.999    -3.181               7.724          0604Rb0045
  8709.263 607.01214     3.040    -3.773               7.724          1713Pa0055
  8709.274 607.01214     0.999    -3.144               7.724          0604Qd0055
  8709.276 106.00113     1.797    -6.862               3.464            AX16R015
  8709.278 106.00113     1.797    -6.863               3.464            AX16R015
  8709.286 607.01214     0.986    -2.811               7.724          0301Qc0555
  8709.290      23.0     4.257     -3.15                                        
  8709.317 106.00112     1.809    -6.736               3.464            AX16R025
  8709.354 607.01214     2.153    -2.773               7.724          1007Pb0445
  8709.390 607.01214     0.995    -3.252               7.724          0604Qd0035
  8709.390 607.01214     0.995    -3.414               7.724          0604Rb0025
  8709.403 106.00112     1.809    -6.737               3.464            AX16R025
  8709.434      23.0     2.121     -5.57                                        
  8709.559 607.01214     1.307    -2.858               7.724          0402Qd0595
  8709.562      20.0     4.529     -1.91                                        
  8709.579 607.01214     0.986    -1.472               7.724          0301Pa0565
  8709.579 607.01214     1.002    -3.093               7.724          0604Rb0055
  8709.609 106.00113     1.821    -7.597               3.464            AX16R035
  8709.611 607.01214     1.002    -3.110               7.724          0604Qd0065
  8709.702 106.00112     0.917    -8.489               3.464            XX50R225
  8709.703 106.00113     1.822    -7.629               3.464            AX16P045
  8709.783 607.01214     0.840    -3.111               7.724          0301Pc0495
  8709.834 106.00112     0.917    -8.380               3.464            XX50R235
  8709.856 607.01214     0.994    -3.340               7.724          0604Qd0025
  8709.856 607.01214     0.994    -3.588               7.724          0604Rb0015
  8709.948 607.01314     1.108    -1.852               7.724          0503Rb0405
  8709.970 607.01214     2.063    -5.337               7.724          1108Pc0235
  8709.994 607.01214     3.057    -3.608               7.724          1713Rc0095
  8709.999 607.01214     0.847    -3.357               7.724          0200Pc0595
  8710.025 106.00112     0.917   -11.229               3.464            XX50Q235
  8710.037 607.01314     1.192    -1.207               7.724          0200Qb0725
  8710.074 106.00113     1.822    -7.603               3.464            AX16R035
  8710.089 106.00113     1.822    -7.624               3.464            AX16P045
  8710.089 607.01214     2.160    -5.185               7.724          1209Rd0005
  8710.136 607.01214     3.057    -2.930               7.724          1713Qa0105
  8710.159 607.01314     1.108    -2.908               7.724          0503Qd0415
  8710.174      12.0     5.927     -1.55                                        
  8710.199 607.01214     1.005    -3.018               7.724          0604Rb0065
  8710.236 607.01214     1.005    -3.085               7.724          0604Qd0075
  8710.261      25.0     4.270     -1.91                                        
  8710.329      20.0     6.017     -3.77                                        
  8710.344      23.0     4.721     -2.21                                        
  8710.392      26.0     4.909     -0.56                                        
  8710.425 607.01314     1.192    -3.301               7.724          0200Pd0735
  8710.450 607.01314     0.907    -1.643               7.724          0402Pb0425
  8710.549      20.0     6.017     -4.21                                        
  8710.553 607.01314     1.336    -1.346               7.724          0301Ra0705
  8710.585 607.01214     0.993    -3.467               7.724          0604Qd0015
  8710.585 607.01214     0.993    -3.863               7.724          0604Rb0005
  8710.632      26.0     5.788     -2.64                                        
  8710.648 607.01214     1.564    -3.289               7.724          0402Rd0685
  8710.762      92.0     0.742     -1.66                                        
  8710.768      56.1     5.722      0.86                              NISTtot/B 
  8710.791 607.01314     2.063    -4.819               7.724          1108Pb0275
  8710.814      20.0     4.529     -2.41                                        
  8710.853      44.0     3.760     -0.07                                        
  8710.876      56.1     5.718      0.86                                        
  8710.877 607.01214     1.395    -3.396               7.724          0503Rd0535
  8710.885 106.00113     1.822    -6.479               3.464            AX16Q045
  8711.052 607.01214     1.151    -3.514               7.724          0604Rd0265
  8711.071 607.01214     2.510    -3.622               7.724          0300Qc1045
  8711.097 607.01214     1.009    -2.952               7.724          0604Rb0075
  8711.114      22.0     3.901     -1.96                                        
  8711.141 607.01214     1.009    -3.068               7.724          0604Qd0085
  8711.202      72.0     1.942     -1.12                                        
  8711.270 106.00113     1.822    -6.480               3.464            AX16Q045
  8711.418 607.01214     3.104    -2.866               7.724          1713Ra0185
  8711.425 106.00112     0.919   -11.236               3.464            XX50Q235
  8711.491      25.0     6.397     -3.52                                        
  8711.552 607.01214     2.335    -3.076               7.724          0603Qc0835
  8711.566      26.0     5.984     -2.35                                        
  8711.579 607.01214     0.993    -3.632               7.724          0604Qd0005
  8711.601      26.0     5.824     -1.75                                        
  8711.612      21.0     4.265     -2.80                                        
  8711.618 106.00112     0.919    -8.489               3.464            XX50R225
  8711.644 607.01214     2.510    -1.822               7.724          0300Pa1055
  8711.647 106.00112     0.919    -8.380               3.464            XX50R235
  8711.828 607.01214     2.162    -4.587               7.724          1209Rb0025
  8711.834 607.01314     0.978    -1.650               7.724          0503Qb0325
  8711.843 607.01214     2.162    -4.426               7.724          1209Qd0035
  8711.845 607.01214     2.164    -4.454               7.724          1209Rb0035
  8711.864 607.01214     2.164    -4.360               7.724          1209Qd0045
  8711.913 607.01214     0.955    -2.766               7.724          0402Qc0435
  8711.918 106.00112     2.298    -8.970               3.464            AX16P185
  8711.988 607.01214     2.335    -1.435               7.724          0603Pa0845
  8712.005 607.01314     0.978    -3.091               7.724          0503Pd0335
  8712.043 607.01314     0.964    -3.085               7.724          0503Rc0315
  8712.057 607.01314     2.052    -5.875               7.724          1108Qc0265
  8712.112 607.01214     2.161    -4.764               7.724          1209Rb0015
  8712.122 607.01214     2.161    -4.516               7.724          1209Qd0025
  8712.139 607.01214     0.955    -1.620               7.724          0402Pa0445
  8712.164 607.01214     2.166    -4.346               7.724          1209Rb0045
  8712.169 607.01214     0.875    -3.113               7.724          0503Pc0225
  8712.180 607.01314     2.052    -4.825               7.724          1108Pa0275
  8712.188 607.01214     2.166    -4.312               7.724          1209Qd0055
  8712.198 607.01314     1.308    -3.368               7.724          0503Rd0515
  8712.209 607.01314     0.964    -1.651               7.724          0503Qa0325
  8712.277 607.01214     1.013    -2.894               7.724          0604Rb0085
  8712.307 607.01214     0.947    -2.008               7.724          0503Pb0285
  8712.309 607.01214     0.934    -2.808               7.724          0503Qc0275
  8712.321 607.01214     1.013    -3.055               7.724          0604Qd0095
  8712.326      20.0     6.030     -3.38                                        
  8712.341 607.01214     3.129    -2.832               7.724          1713Rb0205
  8712.424      25.0     6.999     -2.33                                        
  8712.459 607.01214     0.934    -2.016               7.724          0503Pa0285
  8712.500      20.0     6.030     -2.96                                        
  8712.576 106.00112     2.465    -9.835               3.464            AX05P255
  8712.631 607.01214     3.129    -3.386               7.724          1713Qd0215
  8712.658 607.01314     0.979    -1.572               7.724          0200Pb0655
  8712.676      12.0     5.927     -1.67                                        
  8712.689      12.0     5.927     -1.37                                        
  8712.694 607.01214     2.160    -5.042               7.724          1209Rb0005
  8712.700 607.01214     2.160    -4.646               7.724          1209Qd0015
  8712.763 607.01214     2.268    -4.495               7.724          1209Rd0225
  8712.789 607.01214     2.169    -4.255               7.724          1209Rb0055
  8712.817 607.01214     2.169    -4.275               7.724          1209Qd0065
  8712.827      60.1     1.140     -1.93                                        
  8712.873 607.01214     3.043    -3.534               7.724          1713Qc0055
  8712.891      26.0     5.678     -3.80                                        
  8712.961 607.01214     3.043    -3.655               7.724          1713Pa0065
  8713.149      20.0     5.719     -9.73                                        
  8713.168      27.0     1.709     -5.44                                        
  8713.188      26.0     2.949     -2.47                              NIST/C    
  8713.203      26.0     4.988     -0.75                              DenHarto14
  8713.207 607.01214     3.038    -4.316               7.724          1713Pc0035
  8713.220 607.01314     1.050    -1.265               7.724          0402Qb0495
  8713.256      20.0     5.719     -7.22                                        
  8713.274 607.01214     3.083    -2.756               7.724          1713Qb0145
  8713.343      23.0     1.891     -4.33                                        
  8713.367      15.0     8.221     -1.58                                        
  8713.480 607.01314     1.050    -3.038               7.724          0402Pd0505
  8713.483 607.01214     3.083    -3.657               7.724          1713Pd0155
  8713.575 607.01214     2.160    -4.813               7.724          1209Qd0005
  8713.587 607.01214     1.419    -1.342               7.724          0301Ra0715
  8713.639      23.0     1.802     -5.06                                        
  8713.677      26.1     6.802     -3.76                                        
  8713.703 607.01314     2.939    -4.117               7.724          1612Pc0285
  8713.716 607.01214     1.107    -3.060               7.724          0402Rc0505
  8713.717 607.01214     3.061    -3.602               7.724          1713Rc0105
  8713.723 607.01214     2.172    -4.175               7.724          1209Rb0065
  8713.746 607.01214     1.017    -2.841               7.724          0604Rb0095
  8713.755 607.01214     2.172    -4.247               7.724          1209Qd0075
  8713.761      20.0     6.049     -2.15                                        
  8713.761      23.0     4.748     -4.17                                        
  8713.801 607.01214     1.017    -3.047               7.724          0604Qd0105
  8713.872 607.01214     3.061    -2.883               7.724          1713Qa0115
  8713.883 607.01214     1.107    -1.243               7.724          0402Qa0515
  8713.922 607.01314     0.801    -3.023               7.724          0402Pc0365
  8713.940 607.01214     3.061    -3.286               7.724          1713Pb0105
  8714.066      26.1     3.811     -8.73                                        
  8714.072 607.01314     1.482    -3.259               7.724          0402Rd0675
  8714.085 607.01214     2.660    -1.065               7.724          0502Qb0975
  8714.159 607.01214     1.177    -1.802               7.724          0503Ra0435
  8714.221      42.0     3.199     -2.24                                        
  8714.277      24.1     6.787     -2.43                                        
  8714.347 607.01214     0.993    -3.632               7.724          0604Qb0005
  8714.347 607.01214     0.993    -3.932               7.724          0604Pd0015
  8714.425 607.01314     1.239    -1.498               7.724          0402Rb0575
  8714.574      59.1     0.922     -1.77                                        
  8714.602 607.01214     2.660    -3.364               7.724          0502Pd0985
  8714.727 607.01314     1.239    -2.829               7.724          0402Qd0585
  8714.870      26.0     6.165     -2.46                              PK15THEOR 
  8714.938 106.00113     2.105    -9.261               3.464            AX05Q195
  8714.961 607.01214     2.739    -1.150               7.724          0401Qb1045
  8714.969 607.01214     2.175    -4.105               7.724          1209Rb0075
  8715.005 607.01214     2.175    -4.226               7.724          1209Qd0085
  8715.022      20.0     6.031     -3.98                                        
  8715.022      27.0     5.304     -4.28                                        
  8715.029      60.0     1.090     -0.88                                        
  8715.035 106.00112     2.081    -7.719               3.464            BX06Q135
  8715.045      23.0     4.258     -2.97                                        
  8715.071 607.01314     1.192    -3.266               7.724          0200Rc0725
  8715.128      24.1     4.407     -8.05                                        
  8715.144 106.00113     2.105    -6.856               3.464            AX05P205
  8715.162 607.01314     2.145    -4.356               7.724          1209Rd0115
  8715.215 106.00112     2.081   -11.532               3.464            BX06P145
  8715.270 607.01314     2.140    -4.366               7.724          1209Rd0105
  8715.311 106.00112     2.081   -11.302               3.464            BX06R135
  8715.328 106.00113     2.105    -6.872               3.464            AX05P195
  8715.349      27.0     5.380     -3.63                                        
  8715.367 607.01314     2.149    -4.349               7.724          1209Rd0125
  8715.374 106.00112     1.872    -9.227               3.464            AX05R145
  8715.379 106.00113     1.811    -9.469               3.464            BX06R035
  8715.381 607.01214     1.163    -3.525               7.724          0604Rd0275
  8715.461 607.01314     1.192    -1.201               7.724          0200Qa0735
  8715.491 106.00112     2.081    -7.664               3.464            BX06Q145
  8715.505 607.01214     1.022    -2.794               7.724          0604Rb0105
  8715.526 607.01214     2.739    -3.538               7.724          0401Pd1055
  8715.564 607.01214     1.022    -3.042               7.724          0604Qd0115
  8715.630 106.00112     1.872    -6.806               3.464            AX05Q145
  8715.658 607.01214     1.307    -1.477               7.724          0402Ra0595
  8715.686 607.01314     2.136    -4.379               7.724          1209Rd0095
  8715.723      22.0     3.863     -1.69                                        
  8715.743      26.0     3.639     -5.34                                        
  8715.799 106.00112     1.872    -6.805               3.464            AX05Q155
  8715.885 607.01314     2.155    -4.344               7.724          1209Rd0135
  8715.903      20.0     6.050     -4.54                                        
  8715.956      23.0     4.758     -4.21                                        
  8715.964      20.0     6.050     -4.49                                        
  8715.964      66.1     2.571     -1.05                                        
  8716.051      24.0     5.764     -4.10                                        
  8716.055 106.00112     1.872    -8.837               3.464            AX05P155
  8716.071      24.0     4.413     -1.86                                        
  8716.116      21.0     4.043     -1.60                                        
  8716.124 607.01214     0.994    -3.392               7.724          0604Qb0015
  8716.124 607.01214     0.994    -3.703               7.724          0604Pd0025
  8716.213 607.01214     2.160    -4.813               7.724          1209Qb0005
  8716.219 607.01214     2.160    -5.118               7.724          1209Pd0015
  8716.244 607.01314     1.012    -3.425               7.724          0604Rd0135
  8716.257      20.0     5.827     -5.04                                        
  8716.333 607.01314     0.899    -2.062               7.724          0503Pb0265
  8716.348 607.01314     1.006    -3.424               7.724          0604Rd0125
  8716.386 607.01214     1.724    -3.287               7.724          0301Rd0805
  8716.406 607.01214     3.112    -2.840               7.724          1713Ra0195
  8716.409 607.01314     2.132    -4.395               7.724          1209Rd0085
  8716.429 607.01314     1.018    -3.428               7.724          0604Rd0145
  8716.452 607.01214     1.035    -3.123               7.724          0503Rc0345
  8716.529 607.01214     2.179    -4.042               7.724          1209Rb0085
  8716.570 607.01214     2.179    -4.210               7.724          1209Qd0095
  8716.583      28.0     5.299     -1.66                                        
  8716.606 607.01214     1.035    -1.594               7.724          0503Qa0355
  8716.650      24.0     3.108     -8.70                                        
  8716.659      58.1     0.122     -3.59                                        
  8716.663      20.0     5.937     -6.77                                        
  8716.721 607.01314     2.161    -4.341               7.724          1209Rd0145
  8716.739 607.01214     2.278    -4.497               7.724          1209Rd0235
  8716.740 607.01314     1.001    -3.425               7.724          0604Rd0115
  8716.747      20.0     5.937     -5.58                                        
  8716.808      23.0     4.008     -3.52                                        
  8716.907 607.01314     1.024    -3.432               7.724          0604Rd0155
  8716.997 607.01214     3.045    -3.494               7.724          1713Qc0065
  8717.098 607.01214     3.045    -3.557               7.724          1713Pa0075
  8717.400      25.0     5.574     -1.74                                        
  8717.416 607.01314     0.996    -3.429               7.724          0604Rd0105
  8717.417 607.01314     0.835    -3.093               7.724          0503Pc0205
  8717.423      26.0     5.791     -2.86                                        
  8717.436 607.01314     2.129    -4.417               7.724          1209Rd0075
  8717.512      26.0     5.330     -2.90                                        
  8717.559 607.01214     1.028    -2.751               7.724          0604Rb0115
  8717.624 607.01214     1.028    -3.040               7.724          0604Qd0125
  8717.646 607.01314     2.009    -5.799               7.724          1108Pc0225
  8717.666      20.0     6.018     -5.44                                        
  8717.680 607.01314     1.031    -3.438               7.724          0604Rd0165
  8717.740 607.01214     2.153    -3.952               7.724          1007Qc0445
  8717.754 106.00112     1.841    -6.465               3.464            AX16Q045
  8717.803      12.0     5.928     -2.85                                        
  8717.816      12.0     5.928     -1.85                                        
  8717.825      12.0     5.928     -0.93                                        
  8717.860      62.1     1.585     -1.04                              Lawler06  
  8717.861 607.01214     3.066    -3.598               7.724          1713Rc0115
  8717.877 607.01314     2.167    -4.339               7.724          1209Rd0155
  8717.959 607.01214     2.153    -2.768               7.724          1007Pa0455
  8717.976 607.01214     2.161    -4.574               7.724          1209Qb0015
  8717.987 607.01214     2.161    -4.890               7.724          1209Pd0025
  8718.014      26.0     5.926     -4.10                                        
  8718.029 607.01214     3.066    -2.839               7.724          1713Qa0125
  8718.090 607.01214     1.197    -1.806               7.724          0503Rb0435
  8718.092 106.00113     1.851    -7.694               3.464            BX06R055
  8718.164 607.01214     0.995    -3.207               7.724          0604Qb0025
  8718.179 607.01214     0.995    -3.576               7.724          0604Pd0035
  8718.195 106.00112     1.841    -7.705               3.464            AX16R045
  8718.226 607.01214     2.660    -3.331               7.724          0502Rc0975
  8718.259      26.0     5.612     -3.84                                        
  8718.324 607.01214     1.197    -2.944               7.724          0503Qd0445
  8718.373 607.01314     0.992    -3.436               7.724          0604Rd0095
  8718.409 607.01214     2.183    -3.984               7.724          1209Rb0095
  8718.453 106.00112     1.841    -6.465               3.464            AX16Q045
  8718.454 607.01214     2.183    -4.198               7.724          1209Qd0105
  8718.490      26.0     5.956     -1.97                              PK15THEOR 
  8718.505 607.01214     2.739    -3.485               7.724          0401Rc1045
  8718.531 607.01214     3.040    -4.152               7.724          1713Pc0045
  8718.595 607.01314     0.979    -3.005               7.724          0200Qc0655
  8718.599      24.0     3.847     -3.72                                        
  8718.622 607.01314     0.887    -2.780               7.724          0503Qc0255
  8718.631 106.00113     1.851   -10.247               3.464            BX06Q065
  8718.673      24.0     4.398     -0.78                                        
  8718.743 607.01214     2.660    -1.061               7.724          0502Qa0985
  8718.749 607.01314     1.039    -3.444               7.724          0604Rd0175
  8718.758 607.01314     0.887    -2.072               7.724          0503Pa0265
  8718.763 607.01314     2.126    -4.444               7.724          1209Rd0065
  8718.814 607.01214     1.051    -1.594               7.724          0503Qb0355
  8718.868 607.01314     1.108    -1.838               7.724          0503Ra0415
  8718.894 106.00112     1.841    -7.713               3.464            AX16R045
  8718.948 607.01314     0.979    -1.567               7.724          0200Pa0665
  8718.997      25.0     5.130     -3.51                                        
  8719.000 607.01214     3.138    -2.808               7.724          1713Rb0215
  8719.002      20.0     5.937     -3.53                                        
  8719.006 607.01214     1.051    -3.128               7.724          0503Pd0365
  8719.070 607.01214     2.739    -1.146               7.724          0401Qa1055
  8719.108 106.00112     1.842    -7.686               3.464            AX16P055
  8719.128 607.01314     0.907    -2.733               7.724          0402Qc0425
  8719.132      20.0     5.828     -4.19                                        
  8719.134      21.0     3.605     -4.08                                        
  8719.184 106.00112     0.411   -11.965               3.464            XX50Q145
  8719.201 607.01214     2.060    -4.170               7.724          1007Pc0395
  8719.304 607.01214     3.138    -3.390               7.724          1713Qd0225
  8719.317 106.00113     2.461    -9.835               3.464            AX05P255
  8719.354 607.01314     2.173    -4.338               7.724          1209Rd0165
  8719.361 607.01314     0.907    -1.637               7.724          0402Pa0435
  8719.550 106.00112     1.842    -6.380               3.464            AX16Q055
  8719.577      22.0     1.738     -2.30                                 LAWLER 
  8719.608 607.01314     0.988    -3.446               7.724          0604Rd0085
  8719.630      90.1     1.896     -2.33                                        
  8719.653 106.00112     0.411    -8.421               3.464            XX50P145
  8719.686      24.0     4.532     -3.44                                        
  8719.710 106.00112     1.842    -7.680               3.464            AX16P055
  8719.732 106.00113     1.851    -7.555               3.464            BX06R065
  8719.761 106.00112     0.411    -8.321               3.464            XX50P155
  8719.796 607.01214     3.090    -2.721               7.724          1713Qb0155
  8719.808 106.00112     1.877    -7.553               3.464            BX06R065
  8719.818      27.0     5.432     -2.77                                        
  8719.826      38.1     6.945     -0.41                                        
  8719.873 607.01214     0.994    -3.933               7.724          0604Pb0015
  8719.911 607.01214     1.034    -2.711               7.724          0604Rb0125
  8719.984 607.01214     1.034    -3.041               7.724          0604Qd0135
  8720.019 607.01214     3.090    -3.659               7.724          1713Pd0165
  8720.037 607.01214     2.162    -4.389               7.724          1209Qb0025
  8720.042 607.01214     1.175    -3.535               7.724          0604Rd0285
  8720.052 607.01214     2.162    -4.764               7.724          1209Pd0035
  8720.118 607.01314     1.046    -3.451               7.724          0604Rd0185
  8720.138      24.1     6.742     -3.10                                        
  8720.152 106.00112     1.842    -6.381               3.464            AX16Q055
  8720.214      21.0     4.567     -0.83                                        
  8720.244      21.0     3.081     -1.37                                        
  8720.389 607.01314     2.124    -4.480               7.724          1209Rd0055
  8720.428 607.01314     1.050    -3.031               7.724          0402Rc0495
  8720.468 607.01214     0.997    -3.066               7.724          0604Qb0035
  8720.472      57.0     1.229     -1.34                                        
  8720.488      25.0     6.320     -3.81                                        
  8720.489 607.01214     0.997    -3.492               7.724          0604Pd0045
  8720.599      26.0     5.951     -2.31                                        
  8720.611 607.01214     2.188    -3.932               7.724          1209Rb0105
  8720.655      25.0     5.668     -2.49                                        
  8720.660 607.01214     2.188    -4.190               7.724          1209Qd0115
  8720.683      26.1     6.719     -3.52                                        
  8720.684 106.00113     0.268   -12.324               3.464            XX50P115
  8720.694 607.01314     1.050    -1.257               7.724          0402Qa0505
  8720.699 607.01214     1.276    -1.209               7.724          0200Qb0735
  8720.729 106.00112     1.873    -9.246               3.464            AX05R145
  8720.774 106.00112     1.877   -10.285               3.464            BX06Q075
  8720.786      22.0     3.864     -1.98                                        
  8720.868 106.00112     1.873    -6.806               3.464            AX05Q155
  8720.921      23.0     1.948     -5.75                                        
  8720.955 106.00112     1.877    -7.467               3.464            BX06R075
  8720.985 106.00112     1.873    -6.807               3.464            AX05Q145
