a line list in the range:    8059.00   8071.00
  8059.041 607.01214     1.522    -2.666               7.724          0906Ra0155
  8059.085 607.01214     0.392    -2.894               7.724          0301Rd0245
  8059.086 607.01314     2.392    -4.770               7.724          1410Qc0155
  8059.088      20.0     6.017     -5.34                                        
  8059.143 607.01314     2.392    -4.355               7.724          1410Pa0165
  8059.218 607.01214     2.481    -3.986               7.724          1410Pb0205
  8059.277      20.0     6.017     -4.88                                        
  8059.280 607.01314     1.498    -3.822               7.724          0906Rd0165
  8059.346      26.0     5.782     -3.26                                        
  8059.375 607.01214     2.556    -3.917               7.724          0300Rd1065
  8059.467 607.01214     1.672    -1.927               7.724          0805Ra0445
  8059.480 607.01314     2.449    -3.973               7.724          1410Qb0225
  8059.552 607.01314     2.502    -4.403               7.724          1410Ra0285
  8059.560 607.01314     2.449    -5.001               7.724          1410Pd0235
  8059.598      24.0     4.446     -2.98                                        
  8059.688      24.0     3.553     -4.37                                        
  8059.726 607.01214     3.366    -3.265               7.724          1914Rb0235
  8059.755 607.01314     1.336    -3.222               7.724          0805Pc0235
  8059.774 607.01314     3.201    -3.893               7.724          1914Qc0085
  8059.780 106.00113     2.669   -11.540               3.464            AX06R265
  8059.892 607.01314     0.331    -1.741               7.724          0200Ra0385
  8059.898 607.01314     3.201    -3.883               7.724          1914Pa0095
  8059.914 607.01214     3.366    -3.936               7.724          1914Qd0245
  8060.000 607.01214     0.254    -3.076               7.724          0301Rd0025
  8060.006 607.01314     3.265    -3.257               7.724          1914Ra0205
  8060.095      23.0     2.721     -4.83                                        
  8060.150      26.1     6.803     -2.30                                 NIST/D 
  8060.168 607.01214     3.262    -4.436               7.724          1914Pc0085
  8060.233 607.01214     0.190    -1.957               7.724          0200Pb0275
  8060.239 607.01214     1.395    -3.210               7.724          0603Pc0525
  8060.259 607.01214     0.440    -1.708               7.724          0200Rb0425
  8060.270 607.01214     0.664    -3.295               7.724          0200Rd0535
  8060.307 607.01314     1.441    -3.788               7.724          0906Rd0025
  8060.310      74.0     2.265     -2.39                                        
  8060.333      24.0     5.107     -2.34                                        
  8060.335 106.00113     2.073    -8.187               3.464            AX16Q145
  8060.383 607.01214     2.532    -3.670               7.724          1410Qb0255
  8060.464 607.01214     0.440    -2.866               7.724          0200Qd0435
  8060.473 607.01214     2.532    -4.819               7.724          1410Pd0265
  8060.515 607.01314     0.134    -2.029               7.724          0200Pb0235
  8060.515 607.01314     0.349    -1.746               7.724          0200Rb0385
  8060.583 607.01214     1.469    -3.509               7.724          0906Ra0005
  8060.590 607.01214     0.177    -2.740               7.724          0200Qc0265
  8060.668      26.0     5.840     -2.28                                        
  8060.695 607.01314     0.349    -2.798               7.724          0200Qd0395
  8060.721      24.0     4.436     -4.28                                        
  8060.726 607.01214     0.177    -1.966               7.724          0200Pa0275
  8060.869 607.01214     1.947    -1.533               7.724          0300Qb0915
  8060.885 607.01214     1.925    -1.458               7.724          0603Rb0715
  8060.907 106.00112     0.010   -11.715               3.464            XX50Q015
  8060.938 607.01214     0.118    -3.058               7.724          0200Pc0215
  8061.060      24.0     5.077     -3.48                                        
  8061.099 106.00112     2.298    -8.893               3.464            BX16P195
  8061.116      23.0     4.650     -3.50                                        
  8061.123 607.01314     1.505    -3.872               7.724          0906Rd0175
  8061.157 106.00112     2.298    -4.734               3.464            BX16Q185
  8061.183 607.01214     3.276    -3.947               7.724          1914Qc0115
  8061.186 106.00112     0.010   -11.715               3.464            XX50Q015
  8061.196 106.00113     2.073    -6.499               3.464            AX16R135
  8061.208 607.01214     1.925    -2.969               7.724          0603Qd0725
  8061.245      24.0     4.407     -0.95                                        
  8061.259      20.0     6.049     -4.00                                        
  8061.278 607.01214     3.276    -3.792               7.724          1914Pa0125
  8061.301 607.01214     1.947    -3.836               7.724          0300Pd0925
  8061.337      15.0     8.315     -2.42                                        
  8061.373 106.00112     2.298    -4.525               3.464            BX16Q195
  8061.373 607.01214     1.504    -2.562               7.724          0906Qb0115
  8061.427 607.01214     1.504    -3.362               7.724          0906Pd0125
  8061.430 106.00112     2.298    -8.448               3.464            BX16R185
  8061.486 106.00112     0.522   -13.150               3.464            XX50R175
  8061.565 607.01314     3.219    -3.669               7.724          1914Pb0125
  8061.660 607.01214     1.529    -2.639               7.724          0906Ra0165
  8061.664      26.0     5.875     -3.70                                        
  8061.666 106.00112     2.060    -7.420               3.464            AX05R195
  8061.875 607.01214     1.485    -3.140               7.724          0906Pb0075
  8061.888 106.00112     0.011   -12.057               3.464            XX50Q025
  8061.972 607.01214     2.441    -4.844               7.724          1410Pc0155
  8062.008 106.00113     2.073    -6.511               3.464            AX16R145
  8062.026 607.01214     1.870    -1.225               7.724          0401Qb0835
  8062.038 607.01314     1.343    -3.250               7.724          0502Pc0615
  8062.051 106.00112     2.060    -9.173               3.464            AX05Q195
  8062.073 106.00112     0.011   -12.057               3.464            XX50Q025
  8062.097 106.00112     2.060    -7.379               3.464            AX05R185
  8062.101 607.01214     0.404    -2.903               7.724          0301Rd0255
  8062.109 607.01314     3.243    -3.153               7.724          1914Qb0165
  8062.201 607.01314     0.077    -3.005               7.724          0200Pc0175
  8062.203 607.01214     1.401    -3.250               7.724          0805Pc0265
  8062.206 607.01314     3.224    -4.036               7.724          1914Rc0135
  8062.248 607.01214     2.031    -1.398               7.724          0502Rb0815
  8062.299      23.0     4.643     -4.21                                        
  8062.330 607.01314     1.440    -3.908               7.724          0906Rd0015
  8062.336 607.01314     3.243    -4.110               7.724          1914Pd0175
  8062.363 607.01314     1.477    -3.248               7.724          0805Rc0345
  8062.364       6.0     8.840     -1.76                                        
  8062.394 607.01314     3.224    -3.225               7.724          1914Qa0145
  8062.403 106.00113     2.459    -4.962               3.464            BX15P255
  8062.416      23.0     4.708     -3.21                                        
  8062.416 607.01214     1.870    -3.446               7.724          0401Pd0845
  8062.424 607.01214     0.278    -3.038               7.724          0200Rc0335
  8062.453 607.01214     1.562    -2.585               7.724          0906Rb0195
  8062.513 607.01314     1.477    -1.745               7.724          0805Qa0355
  8062.532 607.01314     3.194    -4.437               7.724          1914Pc0065
  8062.540 607.01214     1.562    -3.142               7.724          0906Qd0205
  8062.553      23.0     4.679     -3.99                                        
  8062.585 607.01214     0.278    -1.524               7.724          0200Qa0345
  8062.621 607.01214     2.031    -3.008               7.724          0502Qd0825
  8062.631      90.0     2.382     -0.63                                        
  8062.647 607.01214     1.471    -3.506               7.724          0906Rc0015
  8062.653 607.01214     1.788    -3.232               7.724          0502Rc0745
  8062.657 607.01214     1.471    -3.326               7.724          0906Qa0025
  8062.676      20.0     5.983     -4.57                                        
  8062.754 607.01214     1.472    -3.460               7.724          0906Rc0025
  8062.769 607.01214     1.472    -3.164               7.724          0906Qa0035
  8062.771 106.00113     2.459    -8.839               3.464            BX15Q255
  8062.778 607.01314     2.374    -5.079               7.724          1410Pc0125
  8062.854      22.0     2.152     -2.91                                        
  8062.859 106.00113     2.459    -4.672               3.464            BX15P265
  8062.871 607.01314     1.394    -2.924               7.724          0805Qc0285
  8062.876 607.01214     0.254    -3.200               7.724          0301Rd0015
  8062.891      27.0     5.352     -2.09                                        
  8062.901 607.01214     1.470    -3.558               7.724          0906Rc0005
  8062.902 607.01214     2.521    -5.005               7.724          1410Rc0245
  8062.907 607.01214     1.470    -3.581               7.724          0906Qa0015
  8062.989 607.01214     2.521    -3.670               7.724          1410Qa0255
  8062.995 607.01314     1.394    -2.147               7.724          0805Pa0295
  8062.996 607.01214     1.788    -1.143               7.724          0502Qa0755
  8063.092      20.0     6.050     -3.66                                        
  8063.105      40.0     0.622     -1.62                                        
  8063.111 607.01314     1.406    -2.139               7.724          0805Pb0295
  8063.144      20.0     6.050     -5.12                                        
  8063.145 607.01214     1.712    -3.187               7.724          0603Rc0645
  8063.145 607.01314     1.366    -3.434               7.724          0401Pc0705
  8063.222 607.01214     1.474    -3.423               7.724          0906Rc0035
  8063.223 607.01314     1.512    -3.928               7.724          0906Rd0185
  8063.241 607.01214     1.474    -3.042               7.724          0906Qa0045
  8063.297      26.0     5.695     -3.53                                        
  8063.411 607.01214     3.321    -3.167               7.724          1914Qb0185
  8063.421 607.01214     3.293    -3.671               7.724          1914Pb0145
  8063.470      45.0     3.970      0.09                                        
  8063.509 607.01214     1.712    -1.199               7.724          0603Qa0655
  8063.524 106.00113     3.027    -9.641               3.464            AX05P335
  8063.560 607.01214     3.321    -4.225               7.724          1914Pd0195
  8063.616      28.0     3.765     -4.48                                        
  8063.687 607.01314     1.446    -3.293               7.724          0906Rb0045
  8063.688 607.01314     1.444    -3.397               7.724          0906Rb0035
  8063.707 607.01314     1.444    -3.304               7.724          0906Qd0045
  8063.710 607.01314     1.446    -3.259               7.724          0906Qd0055
  8063.739 106.00112     2.944    -9.604               3.464            AX05P325
  8063.775      25.0     6.205     -2.52                                        
  8063.857      20.0     5.916     -5.56                                        
  8063.867      24.0     6.227     -3.05                                        
  8063.960 607.01314     1.449    -3.205               7.724          0906Rb0055
  8063.963 607.01314     1.442    -3.526               7.724          0906Rb0025
  8063.977 607.01314     1.442    -3.367               7.724          0906Qd0035
  8063.983 106.00113     2.073    -8.163               3.464            AX16Q145
  8063.987 607.01314     1.449    -3.227               7.724          0906Qd0065
  8064.006      60.1     1.489     -1.65                                        
  8064.048 607.01214     1.476    -3.394               7.724          0906Rc0045
  8064.071 607.01214     0.294    -1.524               7.724          0200Qb0345
  8064.071 607.01214     1.476    -2.942               7.724          0906Qa0055
  8064.100      23.0     3.076     -1.24                                        
  8064.178 607.01314     0.124    -2.672               7.724          0200Qc0225
  8064.205 607.01214     2.472    -4.576               7.724          1410Qc0195
  8064.205 607.01314     2.526    -4.423               7.724          1410Rb0295
  8064.229 607.01214     1.546    -1.556               7.724          0603Pb0585
  8064.245      22.0     3.713     -0.65                                        
  8064.268 607.01214     1.947    -3.775               7.724          0300Rc0915
  8064.273 607.01214     0.294    -3.067               7.724          0200Pd0355
  8064.275 607.01214     2.472    -4.001               7.724          1410Pa0205
  8064.285 607.01314     0.124    -2.042               7.724          0200Pa0235
  8064.310 607.01314     2.526    -5.001               7.724          1410Qd0305
  8064.382 607.01214     1.562    -3.165               7.724          0805Rc0375
  8064.382 607.01314     3.205    -3.874               7.724          1914Qc0095
  8064.500 607.01214     1.688    -3.633               7.724          0906Rd0315
  8064.507 607.01314     1.452    -3.130               7.724          0906Rb0065
  8064.510 607.01314     1.441    -3.700               7.724          0906Rb0015
  8064.519 607.01314     3.205    -3.820               7.724          1914Pa0105
  8064.520 607.01314     1.441    -3.454               7.724          0906Qd0025
  8064.538 607.01314     1.452    -3.204               7.724          0906Qd0075
  8064.548 607.01214     1.562    -1.696               7.724          0805Qa0385
  8064.553 607.01214     3.306    -4.127               7.724          1914Rc0165
  8064.569      26.0     5.738     -1.62                                        
  8064.609 607.01214     1.537    -2.614               7.724          0906Ra0175
  8064.621 607.01314     1.440    -4.131               7.724          0906Rd0005
  8064.663 607.01314     1.492    -1.745               7.724          0805Qb0355
  8064.687 607.01214     3.306    -3.201               7.724          1914Qa0175
  8064.700 607.01214     1.947    -1.528               7.724          0300Qa0925
  8064.703 106.00113     2.074    -9.404               3.464            BX16P135
  8064.741      20.0     5.881     -3.97                                        
  8064.805 607.01214     3.356    -3.253               7.724          1914Ra0235
  8064.808 607.01314     2.440    -5.216               7.724          1410Rc0215
  8064.817 607.01314     1.492    -3.236               7.724          0805Pd0365
  8064.873 607.01214     1.417    -3.286               7.724          0502Pc0625
  8064.886 607.01314     2.440    -3.973               7.724          1410Qa0225
  8064.937      15.0     8.099     -1.49                                        
  8064.940      15.0     8.105     -1.53                              NIST/E    
  8064.946 106.00112     0.011   -14.544               3.464            XX50P025
  8064.985      26.0     5.875     -3.56                                        
  8065.024      23.0     2.721     -4.18                                        
  8065.032 607.01314     0.222    -1.574               7.724          0200Qb0305
  8065.061 106.00113     2.074    -6.499               3.464            AX16R135
  8065.064      24.0     4.385     -4.07                                        
  8065.161      62.0     1.413     -0.69                                        
  8065.172 106.00112     0.011   -14.558               3.464            XX50P025
  8065.175 607.01314     0.222    -2.997               7.724          0200Pd0315
  8065.229 607.01214     1.479    -3.373               7.724          0906Rc0055
  8065.256 607.01214     1.479    -2.858               7.724          0906Qa0065
  8065.327 607.01314     1.455    -3.063               7.724          0906Rb0075
  8065.329 607.01314     1.440    -3.975               7.724          0906Rb0005
  8065.336 607.01314     1.440    -3.581               7.724          0906Qd0015
  8065.363 607.01314     1.455    -3.188               7.724          0906Qd0085
  8065.369      20.0     6.018     -2.48                                        
  8065.396 607.01214     0.416    -2.912               7.724          0301Rd0265
  8065.475      92.0     1.247     -1.45                                        
  8065.476      22.0     4.468     -2.05                                        
  8065.493      23.0     2.330     -5.29                                        
  8065.499      25.1     6.860     -5.85                                        
  8065.564      25.0     5.574     -2.93                                        
  8065.572 607.01214     1.468    -2.971               7.724          0805Qc0315
  8065.585 607.01314     1.520    -3.990               7.724          0906Rd0195
  8065.656 106.00113     2.073    -6.511               3.464            AX16R145
  8065.713 607.01214     1.468    -2.078               7.724          0805Pa0325
  8065.733 607.01214     1.870    -3.400               7.724          0401Rc0835
  8065.755 607.01314     2.414    -4.273               7.724          1410Pb0185
  8065.782 607.01214     1.509    -2.520               7.724          0906Qb0125
  8065.839 607.01214     1.509    -3.360               7.724          0906Pd0135
  8065.856      92.0     0.471     -2.69                                        
  8065.863 607.01214     1.925    -1.451               7.724          0603Ra0725
  8065.947 607.01314     2.399    -4.778               7.724          1410Qc0165
  8065.957      22.0     4.405     -2.90                                        
  8065.968      13.0     4.082     -1.94                                        
  8065.975 607.01214     0.253    -3.425               7.724          0301Rd0005
  8066.007 607.01314     2.399    -4.322               7.724          1410Pa0175
  8066.016      22.0     1.886     -2.39                                 LAWLER 
  8066.020      23.1     3.325     -5.04                                        
  8066.051 106.00112     2.904    -3.720               3.464            AX52Q395
  8066.099 607.01314     0.208    -2.969               7.724          0200Rc0295
  8066.123 607.01214     1.870    -1.220               7.724          0401Qa0845
  8066.214      20.0     3.907     -5.84                                        
  8066.238 607.01314     0.208    -1.575               7.724          0200Qa0305
  8066.316 106.00112     2.904    -0.579               3.464            AX52P405
  8066.362 106.00113     1.867   -10.021               3.464            AX05R155
  8066.423 607.01314     1.440    -3.745               7.724          0906Qd0005
  8066.423 607.01314     1.459    -3.004               7.724          0906Rb0085
  8066.462 607.01314     1.459    -3.178               7.724          0906Qd0095
  8066.475      27.0     4.256     -0.74                                        
  8066.534 106.00112     0.004   -11.774               3.464            XX50P015
  8066.607 106.00112     0.004   -11.772               3.464            XX50P015
  8066.655 607.01214     2.242    -1.768               7.724          0300Rb0985
  8066.685 607.01314     0.568    -3.236               7.724          0200Rd0505
  8066.728      26.0     5.503     -3.01                                        
  8066.759 607.01214     3.266    -4.406               7.724          1914Pc0095
  8066.763 607.01214     1.482    -3.358               7.724          0906Rc0065
  8066.764 106.00112     2.904    -0.821               3.464            AX52P395
  8066.773 607.01314     2.514    -4.412               7.724          1410Ra0295
  8066.788 607.01214     2.031    -1.391               7.724          0502Ra0825
  8066.795 607.01214     1.482    -2.785               7.724          0906Qa0075
  8066.861 106.00113     0.125   -12.285               3.464            XX50Q085
  8066.870      20.0     5.917     -4.30                                        
  8066.888 106.00112     3.319    -4.154               3.464            AX55P375
  8066.915      58.0     0.659     -1.49                                        
  8066.931 607.01214     2.141    -1.468               7.724          0401Rb0905
  8066.956 607.01314     3.230    -4.035               7.724          1914Rc0145
  8066.997 106.00113     0.125    -9.550               3.464            XX50R075
  8067.008 106.00113     0.125    -9.550               3.464            XX50R075
  8067.020      26.0     5.665     -3.74                                        
  8067.054 106.00113     0.125   -12.278               3.464            XX50Q085
  8067.057 607.01214     0.258    -2.689               7.724          0301Rb0035
  8067.057 607.01214     1.595    -1.501               7.724          0502Pb0685
  8067.072 607.01214     3.376    -3.241               7.724          1914Rb0245
  8067.073 607.01214     0.260    -2.584               7.724          0301Rb0045
  8067.078 607.01214     0.258    -2.603               7.724          0301Qd0045
  8067.089 607.01214     0.260    -2.558               7.724          0301Qd0055
  8067.099 607.01214     1.712    -1.942               7.724          0805Rb0455
  8067.119 607.01214     2.242    -3.553               7.724          0300Qd0995
  8067.127 607.01214     1.571    -2.562               7.724          0906Rb0205
  8067.143 106.00113     0.125    -9.404               3.464            XX50R085
  8067.158 607.01314     3.230    -3.188               7.724          1914Qa0155
  8067.179 106.00113     0.125    -9.404               3.464            XX50R085
  8067.201 607.01214     3.281    -3.940               7.724          1914Qc0125
  8067.219 607.01214     1.571    -3.150               7.724          0906Qd0215
  8067.232 607.01314     2.459    -3.961               7.724          1410Qb0235
  8067.238 106.00112     2.594    -9.464               3.464            AX05Q275
  8067.254 607.01214     1.489    -3.071               7.724          0906Pb0085
  8067.267 607.01214     3.376    -3.940               7.724          1914Qd0255
  8067.279 607.01214     0.256    -2.820               7.724          0301Rb0025
  8067.296 607.01214     0.256    -2.665               7.724          0301Qd0035
  8067.299 607.01214     1.712    -2.785               7.724          0805Qd0465
  8067.301 607.01214     0.263    -2.496               7.724          0301Rb0055
  8067.304 607.01214     3.281    -3.746               7.724          1914Pa0135
  8067.311 607.01214     0.440    -1.694               7.724          0200Ra0435
  8067.316 607.01314     2.459    -5.012               7.724          1410Pd0245
  8067.332      26.0     5.909     -3.82                                        
  8067.332 607.01214     0.263    -2.525               7.724          0301Qd0065
  8067.352 607.01214     2.141    -3.178               7.724          0401Qd0915
  8067.356 106.00112     2.594    -6.627               3.464            AX05P285
  8067.413      26.0     5.845     -3.64                                        
  8067.456      24.0     4.609     -4.13                                        
  8067.461 607.01214     1.482    -2.074               7.724          0805Pb0325
  8067.546 607.01214     1.471    -3.680               7.724          0906Qc0015
  8067.557 607.01214     1.471    -4.159               7.724          0906Pa0025
  8067.715      24.0     4.201     -3.08                                        
  8067.736 607.01214     0.254    -2.994               7.724          0301Rb0015
  8067.739 607.01214     0.254    -2.752               7.724          0301Qd0025
  8067.774 607.01214     0.266    -2.420               7.724          0301Rb0065
  8067.793 607.01314     1.463    -2.951               7.724          0906Rb0095
  8067.807 106.00112     2.594    -6.658               3.464            AX05P275
  8067.807 607.01214     0.266    -2.501               7.724          0301Qd0075
  8067.836 607.01314     1.463    -3.174               7.724          0906Qd0105
  8067.887 607.01214     1.545    -2.591               7.724          0906Ra0185
  8068.005      27.0     5.381     -3.66                                        
  8068.078 607.01214     2.744    -4.444               7.724          0400Pc1095
  8068.079 607.01314     3.197    -4.382               7.724          1914Pc0075
  8068.143      24.0     6.029     -1.49                                        
  8068.210 607.01314     1.529    -4.057               7.724          0906Rd0205
  8068.216 106.00113     2.856    -8.948               3.464            AX16P285
  8068.239      22.0     1.872     -1.18                                 LAWLER 
  8068.362 607.01314     0.349    -1.730               7.724          0200Ra0395
  8068.387      15.0     8.413     -0.50                                        
  8068.389      22.1     6.530     -1.89                                        
  8068.404 607.01214     0.253    -3.271               7.724          0301Rb0005
  8068.406 607.01214     0.254    -2.879               7.724          0301Qd0015
  8068.411 607.01314     3.224    -3.627               7.724          1914Pb0135
  8068.460      62.1     1.749     -0.37                              Lawler06  
  8068.485 607.01214     0.270    -2.353               7.724          0301Rb0075
  8068.487 607.01314     3.250    -3.121               7.724          1914Qb0175
  8068.524      58.1     2.476     -0.85                              Lawler09  
  8068.525 607.01214     0.270    -2.484               7.724          0301Qd0085
  8068.609 607.01214     2.490    -3.963               7.724          1410Pb0215
  8068.628 607.01214     1.397    -3.277               7.724          0704Pc0415
  8068.648 607.01214     1.485    -3.348               7.724          0906Rc0075
  8068.684 607.01214     1.485    -2.721               7.724          0906Qa0085
  8068.728 607.01314     3.250    -4.112               7.724          1914Pd0185
  8068.923      23.0     3.957     -2.07                                        
  8068.975 607.01214     0.428    -2.921               7.724          0301Rd0275
  8069.060      73.0     1.907     -1.80                                        
  8069.119      24.1     4.473     -6.91                                        
  8069.148 106.00112     0.021   -12.613               3.464            XX50R025
  8069.295 607.01214     0.253    -3.042               7.724          0301Qd0005
  8069.363 607.01314     3.209    -3.859               7.724          1914Qc0105
  8069.383      26.1     6.725     -4.01                                        
  8069.411 607.01314     1.440    -3.745               7.724          0906Qb0005
  8069.417 607.01314     1.440    -4.045               7.724          0906Pd0015
  8069.426 607.01314     0.366    -1.735               7.724          0200Rb0395
  8069.438 607.01214     0.274    -2.294               7.724          0301Rb0085
  8069.439 607.01314     1.468    -2.903               7.724          0906Rb0105
  8069.461 607.01214     2.543    -3.660               7.724          1410Qb0265
  8069.482 607.01214     0.274    -2.472               7.724          0301Qd0095
  8069.486 607.01314     1.468    -3.173               7.724          0906Qd0115
  8069.488      24.0     4.443     -2.80                                        
  8069.513 607.01314     3.209    -3.763               7.724          1914Pa0115
  8069.516      23.0     3.077     -1.50                                        
  8069.555 607.01214     2.543    -4.831               7.724          1410Pd0275
  8069.561 607.01314     0.146    -2.009               7.724          0200Pb0245
  8069.604 607.01314     0.366    -2.806               7.724          0200Qd0405
  8069.614      25.1     5.373     -6.84                                        
  8069.618 607.01214     1.472    -3.474               7.724          0906Qc0025
  8069.632 607.01214     1.472    -3.807               7.724          0906Pa0035
  8069.646      27.0     4.501     -3.13                                        
  8069.655      22.0     1.748     -7.65                                        
  8069.664 106.00112     0.021   -12.616               3.464            XX50R025
  8069.705      26.0     5.791     -4.00                                        
  8069.716      14.0     6.265     -1.57                                        
  8069.720 106.00113     2.671   -11.471               3.464            AX06R265
  8069.773 607.01214     1.546    -2.916               7.724          0603Qc0585
  8069.779      22.0     2.493     -1.39                                        
  8069.848      20.0     5.987     -4.88                                        
  8069.848      23.1     6.641     -4.52                                        
  8070.115      40.0     0.730     -0.79                                        
  8070.124 607.01214     2.192    -3.386               7.724          0603Rd0805
  8070.161      23.0     3.069     -2.48                                        
  8070.217 607.01214     1.546    -1.551               7.724          0603Pa0595
  8070.317      23.0     2.573     -2.54                                        
  8070.321      22.0     4.173     -3.80                                        
  8070.417 607.01314     2.380    -5.069               7.724          1410Pc0135
  8070.428       6.0     8.841     -1.78                                        
  8070.469 106.00113     0.002   -11.925               3.464            XX50R005
  8070.471 607.01214     1.516    -2.481               7.724          0906Qb0135
  8070.491 607.01214     1.702    -3.644               7.724          0906Rd0325
  8070.533 607.01214     1.516    -3.360               7.724          0906Pd0145
  8070.535 607.01214     0.190    -2.750               7.724          0200Qc0275
  8070.539      26.0     5.535     -3.43                                        
  8070.546 106.00113     0.002   -11.926               3.464            XX50R005
  8070.590      14.0     6.083     -1.20                              NIST/D    
  8070.629 106.00113     1.868    -9.975               3.464            AX05R155
  8070.636 607.01214     0.279    -2.240               7.724          0301Rb0095
  8070.638      22.0     3.348     -3.01                                        
  8070.644 607.01214     2.242    -1.762               7.724          0300Ra0995
  8070.669 607.01214     1.579    -1.689               7.724          0805Qb0385
  8070.671 607.01214     0.190    -1.948               7.724          0200Pa0285
  8070.684 607.01214     0.279    -2.465               7.724          0301Qd0105
  8070.708 607.01214     3.314    -4.128               7.724          1914Rc0175
  8070.708 607.01314     1.347    -3.230               7.724          0805Pc0245
  8070.716 607.01214     0.461    -1.698               7.724          0200Rb0435
  8070.724      58.0     0.520     -1.12                                        
  8070.763 607.01214     0.203    -1.940               7.724          0200Pb0285
  8070.800 607.01214     3.329    -3.139               7.724          1914Qb0195
  8070.840 607.01214     1.579    -3.294               7.724          0805Pd0395
  8070.850 607.01214     3.314    -3.170               7.724          1914Qa0185
  8070.882 607.01214     1.489    -3.341               7.724          0906Rc0085
  8070.900      66.1     1.840     -1.47                              Wickliff00
  8070.922 607.01214     1.489    -2.664               7.724          0906Qa0095
  8070.925 607.01214     0.461    -2.873               7.724          0200Qd0445
  8070.957 607.01214     3.329    -4.230               7.724          1914Pd0205
