,14,0.113855,3.5501,5.3293,-2.6810,11.9153,12.9413,10.9607
,15,0.125184,3.5626,5.2846,-2.5454,11.5197,12.4723,10.5972
,16,0.137395,3.5733,5.2428,-2.4202,11.1628,12.0598,10.2664
,17,0.149661,3.5811,5.2079,-2.3171,10.8758,11.7358,9.9978
,18,0.161489,3.5864,5.1797,-2.2350,10.6527,11.4891,9.7868
,19,0.172832,3.5902,5.1563,-2.1665,10.4688,11.2881,9.6117
,20,0.184144,3.5934,5.1353,-2.1049,10.3049,11.1103,9.4554
,21,0.195990,3.5965,5.1153,-2.0455,10.1480,10.9402,9.3055
,22,0.208643,3.5995,5.0958,-1.9868,9.9929,10.7724,9.1575
,23,0.222974,3.6025,5.0766,-1.9267,9.8347,10.6015,9.0064
,24,0.240480,3.6059,5.0564,-1.8607,9.6605,10.4135,8.8401
,25,0.271646,3.6111,5.0253,-1.7558,9.3846,10.1158,8.5765
,26,0.300125,3.6152,5.0057,-1.6761,9.1740,9.8883,8.3760
,27,0.309484,3.6165,5.0020,-1.6541,9.1153,9.8246,8.3203
,28,0.315275,3.6172,4.9997,-1.6407,9.0797,9.7860,8.2865
,29,0.319025,3.6178,4.9976,-1.6314,9.0549,9.7590,8.2629
,30,0.321716,3.6182,4.9956,-1.6241,9.0354,9.7379,8.2445
,31,0.324086,3.6186,4.9937,-1.6173,9.0175,9.7184,8.2275
,32,0.326751,3.6190,4.9915,-1.6100,8.9979,9.6973,8.2090
,33,0.330327,3.6195,4.9890,-1.6008,8.9738,9.6711,8.1859
,34,0.335564,3.6201,4.9859,-1.5884,8.9409,9.6357,8.1546
,35,0.343468,3.6210,4.9814,-1.5701,8.8929,9.5842,8.1087
,36,0.355721,3.6225,4.9728,-1.5402,8.8138,9.4991,8.0334
,37,0.371247,3.6250,4.9594,-1.4984,8.7020,9.3775,7.9278
,38,0.383781,3.6276,4.9461,-1.4607,8.6005,9.2658,7.8327
,39,0.393695,3.6298,4.9342,-1.4285,8.5135,9.1697,7.7515
,40,0.403423,3.6321,4.9221,-1.3966,8.4267,9.0736,7.6707
,41,0.417385,3.6357,4.9049,-1.3504,8.3007,8.9336,7.5540
,42,0.434551,3.6407,4.8840,-1.2916,8.1390,8.7520,7.4058
,43,0.450516,3.6462,4.8652,-1.2355,7.9828,8.5745,7.2643
,44,0.460900,3.6501,4.8521,-1.1965,7.8740,8.4500,7.1663
,45,0.470147,3.6540,4.8405,-1.1606,7.7725,8.3335,7.0756
,46,0.478418,3.6578,4.8301,-1.1274,7.6785,8.2251,6.9921
,47,0.486275,3.6617,4.8204,-1.0954,7.5874,8.1199,6.9115
,48,0.494141,3.6656,4.8110,-1.0631,7.4955,8.0138,6.8304
,49,0.502179,3.6698,4.8017,-1.0301,7.4016,7.9053,6.7475
,50,0.510191,3.6743,4.7927,-0.9967,7.3065,7.7958,6.6637
,51,0.518185,3.6789,4.7842,-0.9627,7.2098,7.6846,6.5786
,52,0.522922,3.6818,4.7792,-0.9424,7.1523,7.6186,6.5277
,53,0.527662,3.6846,4.7742,-0.9220,7.0947,7.5528,6.4767
,54,0.532406,3.6876,4.7695,-0.9014,7.0368,7.4868,6.4254
,55,0.537151,3.6906,4.7646,-0.8808,6.9792,7.4213,6.3742
,56,0.541902,3.6936,4.7597,-0.8602,6.9214,7.3558,6.3230
,57,0.546649,3.6965,4.7547,-0.8395,6.8639,7.2907,6.2718
,58,0.551400,3.6995,4.7497,-0.8188,6.8069,7.2261,6.2211
,59,0.556116,3.7025,4.7447,-0.7982,6.7503,7.1620,6.1709
,60,0.560800,3.7054,4.7397,-0.7777,6.6941,7.0984,6.1210
,61,0.565434,3.7084,4.7348,-0.7573,6.6386,7.0359,6.0715
,62,0.570022,3.7113,4.7298,-0.7370,6.5839,6.9746,6.0225
,63,0.574560,3.7143,4.7248,-0.7170,6.5299,6.9144,5.9740
,64,0.579038,3.7171,4.7198,-0.6971,6.4768,6.8551,5.9263
,65,0.583459,3.7199,4.7147,-0.6774,6.4244,6.7969,5.8792
,66,0.587819,3.7227,4.7097,-0.6580,6.3730,6.7396,5.8330
,67,0.592117,3.7254,4.7045,-0.6388,6.3223,6.6831,5.7876
,68,0.596353,3.7281,4.6994,-0.6199,6.2726,6.6276,5.7432
,69,0.600520,3.7307,4.6941,-0.6013,6.2238,6.5730,5.6995
,70,0.604619,3.7332,4.6889,-0.5829,6.1759,6.5198,5.6565
,71,0.608645,3.7357,4.6836,-0.5647,6.1288,6.4677,5.6142
,72,0.612599,3.7383,4.6782,-0.5469,6.0827,6.4167,5.5727
,73,0.616474,3.7406,4.6729,-0.5293,6.0374,6.3666,5.5319
,74,0.620276,3.7430,4.6675,-0.5119,5.9929,6.3175,5.4918
,75,0.624004,3.7452,4.6621,-0.4949,5.9493,6.2694,5.4525
,76,0.627654,3.7474,4.6567,-0.4781,5.9066,6.2223,5.4140
,77,0.631233,3.7496,4.6512,-0.4615,5.8646,6.1762,5.3761
,78,0.634736,3.7517,4.6458,-0.4453,5.8236,6.1311,5.3391
,79,0.638173,3.7537,4.6404,-0.4293,5.7833,6.0868,5.3027
,80,0.641541,3.7557,4.6350,-0.4135,5.7438,6.0435,5.2669
,81,0.644838,3.7577,4.6295,-0.3981,5.7048,6.0009,5.2318
,82,0.649576,3.7605,4.6216,-0.3757,5.6488,5.9396,5.1811
,83,0.654283,3.7633,4.6134,-0.3533,5.5928,5.8784,5.1305
,84,0.658951,3.7660,4.6051,-0.3309,5.5371,5.8175,5.0800
,85,0.663578,3.7687,4.5966,-0.3086,5.4813,5.7568,5.0296
,86,0.668165,3.7714,4.5878,-0.2862,5.4256,5.6963,4.9790
,87,0.672710,3.7740,4.5790,-0.2638,5.3699,5.6357,4.9286
,88,0.677212,3.7766,4.5700,-0.2412,5.3143,5.5754,4.8779
,89,0.681670,3.7792,4.5607,-0.2188,5.2585,5.5152,4.8272
,90,0.686081,3.7818,4.5512,-0.1961,5.2026,5.4549,4.7763
,91,0.690440,3.7843,4.5414,-0.1734,5.1467,5.3945,4.7252
,92,0.694745,3.7869,4.5313,-0.1507,5.0905,5.3341,4.6738
,93,0.698989,3.7893,4.5209,-0.1277,5.0341,5.2736,4.6221
,94,0.703161,3.7917,4.5102,-0.1048,4.9774,5.2131,4.5702
,95,0.707245,3.7941,4.4993,-0.0819,4.9208,5.1527,4.5182
,96,0.711237,3.7964,4.4881,-0.0589,4.8642,5.0924,4.4661
,97,0.715130,3.7986,4.4764,-0.0361,4.8078,5.0324,4.4140
,98,0.718925,3.8008,4.4644,-0.0131,4.7518,4.9726,4.3626
,99,0.722618,3.8029,4.4520,0.0096,4.6960,4.9130,4.3114
,100,0.726208,3.8049,4.4394,0.0324,4.6403,4.8538,4.2602
,101,0.729693,3.8068,4.4264,0.0551,4.5844,4.7948,4.2083
,102,0.733072,3.8086,4.4129,0.0777,4.5284,4.7361,4.1559
,103,0.736348,3.8103,4.3993,0.1001,4.4725,4.6778,4.1034
,104,0.739517,3.8119,4.3851,0.1226,4.4167,4.6198,4.0508
,105,0.742585,3.8134,4.3707,0.1448,4.3613,4.5622,3.9984
,106,0.745553,3.8148,4.3559,0.1670,4.3064,4.5051,3.9463
,107,0.748430,3.8161,4.3408,0.1890,4.2516,4.4483,3.8944
,108,0.751213,3.8173,4.3254,0.2109,4.1972,4.3920,3.8427
,109,0.753898,3.8184,4.3096,0.2327,4.1431,4.3362,3.7911
,110,0.756492,3.8194,4.2937,0.2542,4.0893,4.2809,3.7397
,111,0.759004,3.8204,4.2774,0.2756,4.0358,4.2260,3.6883
,112,0.759711,3.8206,4.2727,0.2817,4.0205,4.2103,3.6736
,113,0.760418,3.8209,4.2679,0.2879,4.0049,4.1944,3.6586
,114,0.761124,3.8211,4.2631,0.2941,3.9896,4.1787,3.6438
,115,0.761828,3.8213,4.2582,0.3003,3.9740,4.1628,3.6288
,116,0.762532,3.8216,4.2533,0.3066,3.9581,4.1465,3.6134
,117,0.763231,3.8218,4.2483,0.3129,3.9424,4.1305,3.5984
,118,0.763921,3.8221,4.2436,0.3194,3.9262,4.1138,3.5827
,119,0.764608,3.8225,4.2388,0.3260,3.9096,4.0967,3.5670
,120,0.765290,3.8229,4.2340,0.3326,3.8930,4.0796,3.5512
,121,0.765972,3.8233,4.2294,0.3394,3.8762,4.0621,3.5353
,122,0.766651,3.8237,4.2247,0.3461,3.8593,4.0447,3.5194
,123,0.767327,3.8241,4.2200,0.3529,3.8423,4.0271,3.5033
,124,0.768001,3.8245,4.2152,0.3597,3.8251,4.0093,3.4869
,125,0.768670,3.8249,4.2100,0.3667,3.8077,3.9914,3.4703
,126,0.769335,3.8251,4.2044,0.3737,3.7901,3.9734,3.4532
,127,0.769992,3.8254,4.1984,0.3808,3.7722,3.9552,3.4357
,128,0.770645,3.8255,4.1921,0.3880,3.7540,3.9369,3.4180
,129,0.771292,3.8256,4.1857,0.3953,3.7357,3.9183,3.4000
,130,0.771932,3.8257,4.1791,0.4027,3.7171,3.8996,3.3818
,131,0.772569,3.8258,4.1723,0.4101,3.6984,3.8807,3.3633
,132,0.773201,3.8259,4.1654,0.4176,3.6795,3.8617,3.3446
,133,0.773826,3.8259,4.1582,0.4252,3.6604,3.8426,3.3257
,134,0.774446,3.8259,4.1509,0.4328,3.6411,3.8233,3.3066
,135,0.775061,3.8258,4.1434,0.4405,3.6217,3.8039,3.2872
,136,0.775667,3.8257,4.1356,0.4483,3.6021,3.7843,3.2675
,137,0.776267,3.8256,4.1274,0.4562,3.5822,3.7647,3.2475
,138,0.776859,3.8254,4.1190,0.4641,3.5622,3.7448,3.2272
,139,0.777442,3.8251,4.1103,0.4721,3.5419,3.7249,3.2066
,140,0.778019,3.8248,4.1013,0.4802,3.5215,3.7049,3.1858
,141,0.778585,3.8245,4.0920,0.4883,3.5009,3.6847,3.1646
,142,0.779144,3.8240,4.0824,0.4966,3.4801,3.6644,3.1432
,143,0.779693,3.8236,4.0725,0.5049,3.4591,3.6441,3.1214
,144,0.780232,3.8230,4.0623,0.5132,3.4380,3.6236,3.0993
,145,0.780759,3.8224,4.0516,0.5217,3.4166,3.6031,3.0769
,146,0.781277,3.8217,4.0406,0.5302,3.3951,3.5824,3.0541
,147,0.781782,3.8209,4.0291,0.5387,3.3733,3.5618,3.0310
,148,0.782275,3.8200,4.0172,0.5473,3.3514,3.5410,3.0074
,149,0.782755,3.8190,4.0049,0.5560,3.3291,3.5202,2.9832
,150,0.783223,3.8179,3.9920,0.5648,3.3065,3.4994,2.9582
,151,0.783676,3.8167,3.9786,0.5736,3.2837,3.4785,2.9328
,152,0.784115,3.8153,3.9646,0.5824,3.2607,3.4577,2.9068
,153,0.784540,3.8139,3.9501,0.5913,3.2376,3.4370,2.8806
,154,0.784951,3.8123,3.9350,0.6002,3.2146,3.4164,2.8542
,155,0.785346,3.8105,3.9194,0.6091,3.1918,3.3961,2.8282
,156,0.785727,3.8086,3.9032,0.6180,3.1691,3.3761,2.8020
,157,0.786093,3.8066,3.8863,0.6270,3.1464,3.3562,2.7758
,158,0.786444,3.8045,3.8689,0.6360,3.1237,3.3366,2.7491
,159,0.786781,3.8021,3.8508,0.6450,3.1011,3.3173,2.7221
,160,0.787104,3.7997,3.8321,0.6539,3.0785,3.2983,2.6950
,161,0.787414,3.7971,3.8129,0.6629,3.0559,3.2795,2.6676
,162,0.787641,3.7949,3.7977,0.6697,3.0388,3.2656,2.6466
,163,0.787867,3.7926,3.7814,0.6766,3.0214,3.2518,2.6247
,164,0.788089,3.7900,3.7642,0.6836,3.0035,3.2383,2.6015
,165,0.788308,3.7873,3.7466,0.6907,2.9853,3.2247,2.5777
,166,0.788525,3.7846,3.7285,0.6979,2.9669,3.2109,2.5536
,167,0.788740,3.7818,3.7102,0.7053,2.9485,3.1969,2.5300
,168,0.788949,3.7785,3.6898,0.7126,2.9303,3.1841,2.5058
,169,0.789154,3.7747,3.6676,0.7199,2.9124,3.1723,2.4806
,170,0.789357,3.7711,3.6456,0.7274,2.8941,3.1603,2.4552
,171,0.789558,3.7679,3.6252,0.7352,2.8750,3.1470,2.4297
,172,0.789758,3.7651,3.6062,0.7432,2.8553,3.1323,2.4046
,173,0.789954,3.7626,3.5877,0.7515,2.8350,3.1166,2.3793
,174,0.790143,3.7602,3.5696,0.7602,2.8140,3.0999,2.3537
,175,0.790326,3.7579,3.5516,0.7691,2.7923,3.0822,2.3278
,176,0.790499,3.7558,3.5340,0.7784,2.7699,3.0636,2.3014
,177,0.790666,3.7539,3.5169,0.7879,2.7467,3.0439,2.2746
,178,0.790824,3.7522,3.5002,0.7977,2.7229,3.0232,2.2476
,179,0.790975,3.7506,3.4841,0.8078,2.6984,3.0015,2.2202
,180,0.791122,3.7491,3.4683,0.8179,2.6737,2.9796,2.1927
,181,0.791262,3.7479,3.4529,0.8282,2.6485,2.9568,2.1650
,182,0.791424,3.7465,3.4351,0.8407,2.6182,2.9291,2.1321
,183,0.791583,3.7452,3.4175,0.8533,2.5871,2.9004,2.0987
,184,0.791742,3.7441,3.4000,0.8663,2.5552,2.8706,2.0646
,185,0.791898,3.7431,3.3828,0.8797,2.5225,2.8398,2.0299
,186,0.792053,3.7421,3.3656,0.8931,2.4894,2.8086,1.9950
,187,0.792207,3.7413,3.3485,0.9067,2.4558,2.7767,1.9599
,188,0.792360,3.7404,3.3316,0.9206,2.4218,2.7443,1.9244
,189,0.792512,3.7397,3.3148,0.9344,2.3876,2.7115,1.8887
,190,0.792664,3.7390,3.2980,0.9484,2.3532,2.6784,1.8529
,191,0.792815,3.7383,3.2815,0.9625,2.3184,2.6449,1.8170
,192,0.792965,3.7377,3.2650,0.9766,2.2835,2.6111,1.7809
,193,0.793116,3.7371,3.2485,0.9908,2.2484,2.5773,1.7446
,194,0.793266,3.7366,3.2320,1.0051,2.2131,2.5432,1.7083
,195,0.793416,3.7360,3.2158,1.0193,2.1779,2.5090,1.6722
,196,0.793566,3.7355,3.1997,1.0336,2.1426,2.4747,1.6359
,197,0.793716,3.7351,3.1834,1.0479,2.1071,2.4401,1.5995
,198,0.793864,3.7346,3.1671,1.0624,2.0712,2.4052,1.5627
,199,0.794012,3.7341,3.1508,1.0770,2.0351,2.3700,1.5258
,200,0.794159,3.7337,3.1344,1.0917,1.9987,2.3345,1.4885
,201,0.794304,3.7332,3.1178,1.1066,1.9620,2.2986,1.4510
,202,0.794449,3.7328,3.1012,1.1215,1.9249,2.2624,1.4130
,203,0.794591,3.7324,3.0844,1.1367,1.8873,2.2257,1.3746
,204,0.794736,3.7320,3.0680,1.1516,1.8502,2.1894,1.3368
,205,0.794874,3.7316,3.0507,1.1674,1.8114,2.1513,1.2972
,206,0.795007,3.7311,3.0329,1.1835,1.7711,2.1121,1.2561
,207,0.795137,3.7307,3.0146,1.2001,1.7301,2.0720,1.2143
,208,0.795261,3.7302,2.9959,1.2170,1.6882,2.0310,1.1715
,209,0.795384,3.7297,2.9766,1.2343,1.6456,1.9895,1.1281
,210,0.795502,3.7292,2.9572,1.2518,1.6024,1.9473,1.0839
,211,0.795617,3.7287,2.9374,1.2695,1.5586,1.9045,1.0390
,212,0.795729,3.7282,2.9174,1.2874,1.5143,1.8612,0.9937
,213,0.795838,3.7276,2.8971,1.3056,1.4694,1.8174,0.9478
,214,0.795944,3.7271,2.8766,1.3240,1.4239,1.7731,0.9014
,215,0.796047,3.7265,2.8558,1.3426,1.3781,1.7284,0.8545
,216,0.796147,3.7259,2.8348,1.3613,1.3318,1.6832,0.8071
,217,0.796169,3.7258,2.8301,1.3655,1.3214,1.6732,0.7966
,218,0.796190,3.7257,2.8254,1.3697,1.3110,1.6631,0.7860
,219,0.796212,3.7255,2.8205,1.3739,1.3007,1.6530,0.7754
,220,0.796233,3.7254,2.8157,1.3781,1.2903,1.6429,0.7646
,221,0.796255,3.7252,2.8108,1.3824,1.2798,1.6328,0.7538
,222,0.796276,3.7251,2.8060,1.3866,1.2693,1.6225,0.7430
,223,0.796297,3.7249,2.8013,1.3909,1.2588,1.6123,0.7323
,224,0.796317,3.7248,2.7965,1.3952,1.2480,1.6018,0.7214
,225,0.796338,3.7247,2.7919,1.3995,1.2373,1.5911,0.7105
,226,0.796359,3.7246,2.7871,1.4039,1.2266,1.5807,0.6996
,227,0.796553,3.7233,2.7396,1.4462,1.1223,1.4791,0.5928
,228,0.796744,3.7218,2.6884,1.4916,1.0105,1.3705,0.4781
,229,0.796902,3.7205,2.6419,1.5328,0.9088,1.2717,0.3740
,230,0.797057,3.7190,2.5925,1.5766,0.8014,1.1673,0.2637
,231,0.797205,3.7176,2.5413,1.6220,0.6896,1.0587,0.1491
,232,0.797327,3.7163,2.4948,1.6633,0.5877,0.9597,0.0445
,233,0.797446,3.7147,2.4455,1.7064,0.4821,0.8579,-0.0645
,234,0.797557,3.7130,2.3949,1.7502,0.3749,0.7548,-0.1753
,235,0.797656,3.7114,2.3460,1.7926,0.2711,0.6552,-0.2826
,236,0.797747,3.7097,2.2963,1.8357,0.1657,0.5540,-0.3918
,237,0.797833,3.7081,2.2464,1.8790,0.0600,0.4526,-0.5013
,238,0.797909,3.7064,2.1981,1.9208,-0.0420,0.3549,-0.6069
,239,0.797980,3.7048,2.1497,1.9626,-0.1439,0.2573,-0.7126
,240,0.798044,3.7031,2.1015,2.0043,-0.2455,0.1603,-0.8179
,241,0.798104,3.7015,2.0538,2.0455,-0.3459,0.0643,-0.9222
,242,0.798158,3.6999,2.0080,2.0851,-0.4420,-0.0276,-1.0220
,243,0.798209,3.6982,1.9611,2.1251,-0.5387,-0.1196,-1.1228
,244,0.798254,3.6966,1.9170,2.1627,-0.6292,-0.2054,-1.2170
,245,0.798296,3.6950,1.8753,2.1983,-0.7147,-0.2866,-1.3064
,246,0.798336,3.6938,1.8426,2.2262,-0.7818,-0.3503,-1.3763
,247,0.798374,3.6935,1.8318,2.2360,-0.8058,-0.3736,-1.4010
,248,0.798414,3.6929,1.8122,2.2532,-0.8472,-0.4132,-1.4439
,249,0.798452,3.6910,1.7616,2.2960,-0.9499,-0.5103,-1.5512
,250,0.798485,3.6891,1.7117,2.3382,-1.0508,-0.6056,-1.6568
,251,0.798517,3.6872,1.6620,2.3804,-1.1518,-0.7006,-1.7626
,252,0.798545,3.6854,1.6134,2.4216,-1.2500,-0.7929,-1.8654
,253,0.798571,3.6835,1.5666,2.4611,-1.3444,-0.8815,-1.9646
,254,0.798595,3.6817,1.5208,2.4998,-1.4366,-0.9680,-2.0614
,255,0.798617,3.6799,1.4755,2.5379,-1.5269,-1.0522,-2.1565
,256,0.798637,3.6781,1.4313,2.5749,-1.6141,-1.1331,-2.2487
,257,0.798655,3.6763,1.3876,2.6112,-1.6997,-1.2123,-2.3393
,258,0.798672,3.6745,1.3448,2.6468,-1.7836,-1.2897,-2.4281
,259,0.798687,3.6727,1.3032,2.6815,-1.8648,-1.3645,-2.5142
,260,0.798702,3.6710,1.2618,2.7159,-1.9451,-1.4383,-2.5996
,261,0.798715,3.6692,1.2211,2.7496,-2.0237,-1.5102,-2.6832
,262,0.798727,3.6675,1.1818,2.7822,-2.0996,-1.5796,-2.7640
,263,0.798738,3.6659,1.1431,2.8141,-2.1737,-1.6471,-2.8431
,264,0.798749,3.6642,1.1048,2.8458,-2.2469,-1.7136,-2.9212
,265,0.798758,3.6626,1.0673,2.8767,-2.3183,-1.7782,-2.9976
,266,0.798768,3.6610,1.0307,2.9070,-2.3879,-1.8412,-3.0720
,267,0.798776,3.6594,0.9948,2.9365,-2.4557,-1.9023,-3.1445
,268,0.798784,3.6577,0.9592,2.9653,-2.5213,-1.9609,-3.2151
,269,0.798792,3.6560,0.9238,2.9940,-2.5862,-2.0188,-3.2851
,270,0.798799,3.6544,0.8892,3.0220,-2.6492,-2.0747,-3.3533
,271,0.798806,3.6527,0.8553,3.0493,-2.7105,-2.1287,-3.4196
,272,0.798812,3.6511,0.8218,3.0763,-2.7705,-2.1814,-3.4848
,273,0.798818,3.6495,0.7891,3.1025,-2.8289,-2.2323,-3.5481
,274,0.798823,3.6479,0.7570,3.1282,-2.8858,-2.2819,-3.6101
,275,0.798829,3.6464,0.7258,3.1532,-2.9410,-2.3298,-3.6702
,276,0.798833,3.6448,0.6951,3.1778,-2.9952,-2.3769,-3.7294
,277,0.798838,3.6433,0.6653,3.2017,-3.0478,-2.4222,-3.7867
,278,0.798843,3.6419,0.6369,3.2244,-3.0977,-2.4653,-3.8412
,279,0.798884,3.6407,0.6133,3.2436,-3.1397,-2.5017,-3.8869
